Number xind yind east north data err wgt Elos Nlos Ulos
********************************************************
   0  524 3157 87.248410 28.542569 -0.005847296677529812 0.00262831780128181 11788 0.585287742637149 -0.1096801197649481 0.8033732193987159
   1  521 3169 87.222805 28.652549 -0.01684732176363468 0.0017094522481784225 2916 0.5892476201520745 -0.11013923297791711 0.8004102644919995
   2  526 3169 87.271038 28.652550 -0.01759331300854683 0.0015665787504985929 3348 0.5851728178085773 -0.1096214346161916 0.8034649428386141
   3  521 3164 87.222805 28.607540 -0.006520116701722145 0.0028202764224261045 2916 0.5884056626550102 -0.11004498728353365 0.8010423689975988
   4  526 3164 87.271108 28.607465 -0.008444379083812237 0.0025352276861667633 3359 0.5842733612615263 -0.10951588552109046 0.8041336394771017
   5  535 3171 87.367088 28.669219 -0.02284284681081772 0.00043996074236929417 210 0.5775017115147053 -0.10864131143624677 0.8091284438499233
   6  534 3170 87.354198 28.657967 -0.024746567010879517 0.0003775247896555811 208 0.578293574339046 -0.10874132834149802 0.808549234981208
   7  535 3170 87.367177 28.657655 -0.02287907712161541 0.000720393902156502 206 0.5771903339827487 -0.108599133766776 0.8093562543787431
   8  536 3171 87.376652 28.672136 -0.021810689941048622 0.0008906250586733222 56 0.5767505338458782 -0.1085438513417721 0.8096771295055764
   9  537 3171 87.381641 28.673387 -0.02617817372083664 0.0023793347645550966 16 0.576347279160824 -0.10849119259415115 0.8099712803139467
  10  537 3171 87.384968 28.667552 -0.032710641622543335 0.002360020764172077 16 0.5759045209549395 -0.10843248178278699 0.8102940081464797
  11  537 3170 87.381641 28.664635 -0.02378508262336254 0.0009591463021934032 12 0.5761187519981052 -0.10846025179460896 0.8101379866274608
  12  537 3170 87.384968 28.664635 -0.02782318741083145 0.0016805885825306177 12 0.5758285000018819 -0.10842217115425674 0.810349413147057
  13  537 3171 87.388294 28.672970 -0.042537372559309006 0.004460021387785673 12 0.5757548263856289 -0.1084134855259156 0.8104029220392633
  14  538 3171 87.391205 28.672970 -0.05973435193300247 0.006254890467971563 9 0.5755002429879835 -0.10838016862892844 0.8105881872866992
  15  537 3171 87.388294 28.670469 -0.04094215855002403 0.0027271409053355455 12 0.5756898327720501 -0.10840472989756554 0.8104502643461378
  16  538 3171 87.391205 28.670469 -0.05432123690843582 0.005289671942591667 9 0.5754354480392116 -0.10837131273425055 0.8106353703831132
  17  538 3171 87.394115 28.672970 -0.08029762655496597 0.007849521934986115 12 0.5752456863778866 -0.10834668508781864 0.8107733321552425
  18  538 3171 87.397442 28.672970 -0.10616028308868408 0.006722025107592344 12 0.5749546485952082 -0.10830849684840609 0.8109848466951769
  19  538 3171 87.394115 28.670469 -0.07747206836938858 0.00711916945874691 12 0.5751809907682298 -0.10833790431386814 0.8108204032631127
  20  537 3171 87.384885 28.673303 -0.03256094828248024 0.0020091012120246887 15 0.5760616044610931 -0.10845373038185453 0.8101794963043505
  21  537 3171 87.381641 28.670469 -0.025131255388259888 0.0027120092418044806 12 0.5762710865727617 -0.1084808902177252 0.8100268706887559
  22  537 3171 87.384968 28.670469 -0.03391942009329796 0.0019593865144997835 12 0.575980499036307 -0.10844280285135033 0.8102386211725715
  23  524 3176 87.248585 28.720066 -0.014718104153871536 0.0022402137983590364 12528 0.5883832571913623 -0.11001348440609454 0.8010631535064593
  24  524 3183 87.248585 28.782579 -0.012833783403038979 0.0018375702202320099 4871 0.5895669406941226 -0.11014674614797756 0.8001740540367364
  25  534 3157 87.347587 28.542120 -0.005922563839703798 0.0026640829164534807 12398 0.5765893867562889 -0.10854431589531226 0.8097918316251562
  26  531 3169 87.322321 28.652554 -0.0213623046875 0.0020987556781619787 3313 0.5808484023791731 -0.1090688992572918 0.8066716238150223
  27  534 3171 87.354521 28.669154 -0.023969054222106934 0.0005319307092577219 213 0.5785563256091728 -0.10877687986558264 0.8083564612869261
  28  536 3171 87.376652 28.666302 -0.022432519122958183 0.0002948399051092565 56 0.57659764182001 -0.10852307930942895 0.8097888000613511
  29  537 3171 87.381641 28.667552 -0.02538265287876129 0.0018838359974324703 16 0.5761949059586517 -0.10847056820189936 0.8100824440643419
  30  538 3171 87.397442 28.670469 -0.10119974613189697 0.009052534587681293 12 0.5748901067948371 -0.10829977037395992 0.8110317656210319
  31  537 3171 87.388211 28.667635 -0.039475761353969574 0.002552144695073366 15 0.5756234371277291 -0.10839568408456357 0.8104986331272243
  32  538 3171 87.391077 28.667456 -0.04878669232130051 0.004503750707954168 13 0.5753684772363146 -0.10836218975590775 0.8106841254360846
  33  537 3170 87.387878 28.664635 -0.0327824205160141 0.0028383000753819942 9 0.5755744833368468 -0.10838894158986091 0.8105342999975705
  34  538 3170 87.390789 28.664635 -0.04079124704003334 0.0033898050896823406 12 0.5753204316813889 -0.10835560115244922 0.8107191033821959
  35  538 3171 87.394115 28.667552 -0.06666742265224457 0.007212773896753788 16 0.5751054869008019 -0.1083277007289141 0.8108753222236933
  36  538 3171 87.397442 28.667552 -0.0900343507528305 0.007643518038094044 16 0.57481482503443 -0.10828957172224184 0.8110864846468909
  37  538 3170 87.394115 28.664635 -0.05625678598880768 0.006302985362708569 12 0.5750299970597121 -0.10831751017512087 0.8109302186199316
  38  538 3170 87.397442 28.664635 -0.07976590096950531 0.008659612387418747 12 0.5747394995476307 -0.10827934313740414 0.8111412278447393
  39  536 3170 87.376652 28.660467 -0.021745819598436356 0.000394165312172845 56 0.5764447341287352 -0.10850233447040425 0.8099004333309893
  40  537 3170 87.383305 28.660467 -0.022453559562563896 0.0017777158645913005 56 0.5758649338868107 -0.10842645111195832 0.8103229495817117
  41  536 3169 87.376652 28.654633 -0.020437369123101234 0.0006596398307010531 56 0.5762916931252214 -0.1084815575217998 0.810012120966415
  42  537 3169 87.383305 28.654633 -0.018979284912347794 0.0007483175140805542 56 0.5757123658849904 -0.10840572939138957 0.810434124159532
  43  537 3170 87.387878 28.662134 -0.02827644720673561 0.0011887879809364676 9 0.5755094959871122 -0.10838011004679564 0.810581625608985
  44  538 3170 87.390789 28.662134 -0.033233728259801865 0.002411856083199382 12 0.5752555573290743 -0.10834676638366138 0.8107663177366339
  45  537 3170 87.387878 28.659217 -0.023831963539123535 0.0017621838487684727 12 0.5754336388278902 -0.10836984257145194 0.810636851201777
  46  538 3170 87.390789 28.659217 -0.027484150603413582 0.002341353800147772 16 0.5751798708519456 -0.10833652847329098 0.8108213815416409
  47  538 3170 87.394115 28.662134 -0.04461194574832916 0.005330020096153021 12 0.5749652816664178 -0.1083087523983488 0.8109772740540698
  48  538 3170 87.397442 28.662134 -0.06433163583278656 0.007182250265032053 12 0.5746749440230401 -0.1082706122325663 0.811188130607753
  49  538 3170 87.394115 28.659217 -0.03513958305120468 0.0037729009054601192 16 0.5748897852768945 -0.10829846141649167 0.8110321683133824
  50  538 3170 87.397442 28.659217 -0.048881664872169495 0.00639006495475769 16 0.5745996346494057 -0.10826039916415627 0.8112428402356393
  51  537 3169 87.387878 28.656300 -0.02019762434065342 0.0006723214173689485 9 0.5753578059607957 -0.10835950079985034 0.8106920584947077
  52  538 3169 87.390789 28.656300 -0.02322784997522831 0.0016944193048402667 12 0.5751041767592862 -0.10832629907102535 0.8108764386782974
  53  537 3169 87.387878 28.653382 -0.018050631508231163 0.0005472832708619535 12 0.5752810011911587 -0.10834902718308735 0.8107479620553953
  54  538 3169 87.390789 28.653382 -0.01929154060781002 0.001299066818319261 16 0.5750273218215756 -0.10831581849035657 0.8109323415818795
  55  538 3169 87.394115 28.656300 -0.02852444350719452 0.0022437528241425753 12 0.5748142655542658 -0.10828824848952799 0.8110870578146221
  56  538 3169 87.397442 28.656300 -0.03726528584957123 0.003949147183448076 12 0.5745243125366398 -0.10825019472747843 0.8112975469245327
  57  538 3169 87.394115 28.653382 -0.022546187043190002 0.0023689137306064367 16 0.5747373800330366 -0.10827776744917852 0.8111429399735798
  58  538 3169 87.397442 28.653382 -0.028465205803513527 0.0033609538804739714 16 0.5744473441552365 -0.10823968479884247 0.8113534491377001
  59  535 3168 87.360329 28.640735 -0.019796129316091537 0.003047672566026449 857 0.577334521692254 -0.108615297769223 0.8092512385859408
  60  536 3169 87.376652 28.649215 -0.01885891519486904 0.0007679873378947377 48 0.5761489179413136 -0.1084621121587208 0.810116284604329
  61  537 3169 87.383305 28.649215 -0.01703523099422455 0.0006852578953839839 48 0.5755685635035434 -0.10838607895337198 0.8105388865412818
  62  536 3168 87.376652 28.643797 -0.017107544466853142 0.0008751908899284899 56 0.576006003281861 -0.10844263239748694 0.8102205129851751
  63  537 3168 87.383305 28.643797 -0.015028991736471653 0.0008776308968663216 56 0.5754243584716151 -0.1083663553542101 0.8106439049945268
  64  538 3169 87.389542 28.649215 -0.016469642519950867 0.0006329696625471115 42 0.5750242161648491 -0.10831468193635854 0.8109346955834521
  65  538 3169 87.394115 28.650465 -0.018575716763734818 0.0008925986476242542 12 0.5746586025133971 -0.10826689347533408 0.8112002036085483
  66  538 3169 87.397442 28.650465 -0.022756122052669525 0.0018709965515881777 12 0.5743682234169037 -0.10822882159779583 0.8114109107625201
  67  538 3169 87.394115 28.647964 -0.01668837107717991 0.000739210401661694 12 0.5745911115012919 -0.10825760346980862 0.8112492501535417
  68  538 3169 87.397442 28.647964 -0.019492322579026222 0.0012692036107182503 12 0.5743004425062896 -0.10821943128939422 0.8114601385332985
  69  538 3168 87.389542 28.643797 -0.014113414101302624 0.0008179130381904542 49 0.5748788243527825 -0.10829470876721564 0.8110404387968498
  70  538 3168 87.395779 28.643797 -0.014935262501239777 0.0012522307224571705 56 0.574333016844653 -0.10822299312816826 0.811436608442397
  71  537 3167 87.379894 28.635107 -0.012091993354260921 0.002121817320585251 221 0.575492388773028 -0.10837403870722528 0.8105945831293218
  72  538 3167 87.389542 28.637962 -0.010866118595004082 0.000960859761107713 49 0.5747222259461913 -0.10827322555729485 0.8111542834941292
  73  538 3167 87.395779 28.637962 -0.011483495123684406 0.0012440523132681847 56 0.5741751329364267 -0.10820120189511176 0.8115512409120511
  74  538 3167 87.389350 28.632032 -0.00783777330070734 0.0007787769427523017 52 0.574579919568899 -0.10825353571730015 0.8112577198602803
  75  538 3167 87.395779 28.632128 -0.007627427112311125 0.0008885304559953511 56 0.5740172184321658 -0.10817941350700952 0.8116658471542822
  76  531 3164 87.322129 28.607069 -0.009574037976562977 0.0029894362669438124 3347 0.5798557365893143 -0.10894417632814785 0.8074023106163651
  77  536 3164 87.373325 28.606706 -0.0060056038200855255 0.002521896967664361 3348 0.5753807044721058 -0.10835883373787919 0.8106758958252983
  78  531 3179 87.322598 28.742569 -0.014495901763439178 0.001362473238259554 3348 0.5827382151850616 -0.1093004756516647 0.8052760884226282
  79  536 3179 87.373741 28.742569 -0.013448956422507763 0.0011184562463313341 3294 0.5785220482902759 -0.1087660807764246 0.8083824461939783
  80  531 3174 87.322598 28.697559 -0.01803812012076378 0.002254992024973035 3348 0.5818899116406487 -0.1092033519082733 0.8059024498429298
  81  534 3176 87.354614 28.714229 -0.015302609652280807 0.0005962821305729449 210 0.5796042745956882 -0.10891222685725001 0.8075871542511068
  82  535 3176 87.367088 28.714229 -0.01433561835438013 0.0008811993757262826 210 0.578573937482269 -0.10878110009259129 0.8083432879222224
  83  534 3175 87.354614 28.702976 -0.01812906563282013 0.0012055473634973168 195 0.579383102178782 -0.10888606243730457 0.8077493709787649
  84  535 3175 87.367088 28.702976 -0.015686731785535812 0.0014462480321526527 195 0.5783475284818455 -0.10875389371842101 0.8085089528879834
  85  537 3176 87.379978 28.714229 -0.012068957090377808 0.0002994603128172457 224 0.5774566772410462 -0.10863569623315912 0.8091613383087869
  86  538 3176 87.389957 28.717146 -0.01409876998513937 0.00113618653267622 56 0.5766425764631162 -0.10852863780736806 0.8097560581963288
  87  538 3176 87.396194 28.717146 -0.017252670601010323 0.0005996277905069292 49 0.5760963012980059 -0.10845705322645838 0.810154379878422
  88  538 3176 87.389957 28.711311 -0.015510995872318745 0.0020805394742637873 56 0.5765228461467315 -0.1085139981801222 0.8098432688303562
  89  538 3176 87.396194 28.711311 -0.020354539155960083 0.002318158047273755 49 0.5759760007537299 -0.10844230409271431 0.81024188563589
  90  536 3175 87.376652 28.705477 -0.012862901203334332 0.0006282574031502008 56 0.5775700271487444 -0.10865226068708789 0.8090782100557299
  91  537 3175 87.383305 28.705477 -0.013460020534694195 0.0009703126270323992 56 0.5769867172070752 -0.1085758930872894 0.8095045420545213
  92  536 3174 87.376652 28.700059 -0.014052938669919968 0.0004981742822565138 48 0.57745994464603 -0.10863893612469527 0.8091585715340958
  93  537 3174 87.383305 28.700059 -0.014339540153741837 0.0009487881907261908 48 0.5768760559343012 -0.10856247230120514 0.8095852059527368
  94  538 3175 87.389957 28.705477 -0.019518842920660973 0.0035700825974345207 56 0.5764031025181907 -0.10849938811906419 0.8099304576228709
  95  538 3175 87.396194 28.705477 -0.02907116338610649 0.004377390258014202 49 0.5758556936730381 -0.10842756278201789 0.810329367413952
  96  538 3174 87.389693 28.700135 -0.02529090642929077 0.006518554408103228 44 0.5763166947965386 -0.1084890535737699 0.8099933287092315
  97  538 3174 87.395905 28.699986 -0.0389021597802639 0.004379528574645519 46 0.5757678857941693 -0.10841703672284606 0.8103931686757667
  98  534 3173 87.354614 28.691724 -0.01980612985789776 0.0004926575347781181 210 0.5791329011980406 -0.10885450652118428 0.8079330288829452
  99  535 3173 87.367088 28.691724 -0.021437082439661026 0.0030395991634577513 210 0.5780925676891285 -0.10872139202326646 0.8086956424385588
 100  534 3172 87.354614 28.680471 -0.02205304056406021 0.0007614584174007177 195 0.5788417458449466 -0.10881535422407146 0.8081469247310566
 101  535 3172 87.367088 28.680471 -0.022386809810996056 0.0013524506939575076 195 0.5777973567445149 -0.10868140561287455 0.8089119646865546
 102  536 3174 87.376652 28.694641 -0.015386013314127922 0.0016201336402446032 56 0.5773393528926889 -0.10862364826030162 0.8092466710713574
 103  537 3174 87.383305 28.694641 -0.01724466308951378 0.0022303385194391012 56 0.5767553374619538 -0.10854711471877591 0.8096732702734954
 104  536 3173 87.376652 28.688807 -0.019261246547102928 0.0024345209822058678 56 0.5771872551570307 -0.10860307690955315 0.8093579209287263
 105  537 3173 87.383305 28.688807 -0.022245535627007484 0.0035959731321781874 56 0.5766039277444048 -0.10852662121617926 0.809783849553154
 106  537 3174 87.388294 28.695891 -0.023780249059200287 0.00465537142008543 16 0.5763491099052866 -0.10849392097430226 0.8099696121602377
 107  538 3174 87.391205 28.695891 -0.03535019978880882 0.002221324946731329 12 0.5760933364747451 -0.10846039942550112 0.8101560401711864
 108  537 3174 87.388294 28.692974 -0.02859455905854702 0.0036597915459424257 12 0.5762744820502381 -0.10848390298260846 0.8100240515758713
 109  538 3174 87.391205 28.692974 -0.040122468024492264 0.004815096966922283 9 0.5760188566874892 -0.10845031093620572 0.8102103472545127
 110  538 3174 87.394115 28.695891 -0.04406587779521942 0.003743346082046628 16 0.5758375273106855 -0.10842678036825718 0.810342381613901
 111  538 3174 87.397442 28.695891 -0.05399002879858017 0.004163041710853577 16 0.5755450944803704 -0.10838837541663804 0.8105552444430445
 112  538 3174 87.394115 28.692974 -0.05271056666970253 0.0034965386148542166 12 0.5757631554977327 -0.10841676148438044 0.8103965662566277
 113  538 3174 87.397442 28.692974 -0.06341501325368881 0.003369104117155075 12 0.5754709049063157 -0.10837835174493896 0.810609258816698
 114  537 3173 87.388294 28.690057 -0.03510303050279617 0.004552132915705442 16 0.5761987309093808 -0.10847365209734797 0.8100793104993379
 115  538 3173 87.391205 28.690057 -0.04818146303296089 0.0030217694584280252 12 0.5759432478676973 -0.10844005608289588 0.8102654685177856
 116  537 3173 87.388294 28.687140 -0.03913729265332222 0.004469161853194237 12 0.5761229245449855 -0.10846341057588316 0.8101345964591194
 117  538 3173 87.391205 28.687140 -0.05137835443019867 0.0017282766057178378 9 0.5758676129529526 -0.10842986401060625 0.8103205889908696
 118  538 3173 87.394115 28.690057 -0.05802490562200546 0.003482521278783679 16 0.5756877181459507 -0.10840656501636463 0.8104515209667147
 119  538 3173 87.397442 28.690057 -0.06936407089233398 0.0039601861499249935 16 0.5753955947357023 -0.10836821342148673 0.810664073385877
 120  538 3173 87.394115 28.687140 -0.06045415624976158 0.003365537151694298 12 0.5756122414610596 -0.10839637358332463 0.8105064920616979
 121  538 3173 87.397442 28.687140 -0.07639253884553909 0.009222676046192646 12 0.5753203738094526 -0.10835793413141893 0.8107188326359038
 122  536 3172 87.376652 28.682972 -0.020567016676068306 0.0012730277376249433 56 0.5770344188320995 -0.10858235197474615 0.8094696735040378
 123  537 3173 87.381641 28.684639 -0.021542973816394806 0.0013769541401416063 12 0.5766410280900351 -0.10853096284001496 0.8097568492012195
 124  537 3173 87.384968 28.684639 -0.027067512273788452 0.0017745539080351591 12 0.5763495353163732 -0.10849279545462873 0.8099694602113345
 125  537 3172 87.381641 28.681722 -0.02367701753973961 0.0021486752666532993 16 0.5765648455899776 -0.10852072521411214 0.8098124665802623
 126  537 3172 87.384968 28.681722 -0.02898419089615345 0.002447910141199827 16 0.576273541632256 -0.10848252190871077 0.8100249055769476
 127  536 3172 87.376652 28.677554 -0.021448859944939613 0.001030057785101235 48 0.5768924893663665 -0.10856309021968776 0.8095734130729767
 128  537 3172 87.381641 28.678804 -0.026523182168602943 0.002951839240267873 12 0.5764887339777421 -0.10851031399879152 0.8098680456423896
 129  537 3172 87.384968 28.678804 -0.03452505171298981 0.002757520880550146 12 0.5761975753893558 -0.10847225181188815 0.8100803199080236
 130  537 3172 87.381641 28.676304 -0.02754867821931839 0.0025722438003867865 12 0.5764234437053473 -0.10850148691976196 0.8099156998620716
 131  537 3172 87.385064 28.676176 -0.035919975489377975 0.002747689140960574 13 0.5761207331987093 -0.10846189906874139 0.8101363571825325
 132  537 3173 87.388294 28.684639 -0.037798862904310226 0.004603058565407991 12 0.5760579565583077 -0.1084546364780987 0.810181968765209
 133  538 3173 87.391205 28.684639 -0.05125981569290161 0.003724261885508895 9 0.5758028113676376 -0.10842103708774435 0.8103678184244132
 134  537 3172 87.388175 28.681781 -0.04041418805718422 0.006646687164902687 14 0.5759941426814185 -0.10844590120179612 0.8102285073417425
 135  538 3172 87.391205 28.682034 -0.05604935437440872 0.007781968917697668 8 0.5757352801910123 -0.10841194945996595 0.8104170138624104
 136  538 3173 87.394002 28.684639 -0.0606062188744545 0.0027733584865927696 11 0.5755574949307848 -0.10838889453624559 0.8105463697841168
 137  538 3173 87.397650 28.684535 -0.08241790533065796 0.012516045942902565 8 0.5752349242746854 -0.10834649289744452 0.8107809934695811
 138  538 3172 87.394115 28.681722 -0.06752161681652069 0.013443320989608765 16 0.5754721142529309 -0.10837736498399486 0.8106085322005855
 139  538 3172 87.397442 28.681722 -0.09317216277122498 0.012782103382050991 16 0.575180570221587 -0.1083390381957428 0.8108205500863872
 140  537 3172 87.388156 28.678527 -0.0518316775560379 0.009227685630321503 9 0.5759113270464371 -0.10843464680379895 0.8102888810493125
 141  538 3172 87.391205 28.678804 -0.06684308499097824 0.002724346471950412 9 0.5756515723138728 -0.10840061380389863 0.8104779911999487
 142  537 3172 87.388294 28.675887 -0.050213124603033066 0.009267978370189667 16 0.5758306012221738 -0.1084237860204579 0.8103477039648473
 143  538 3172 87.391205 28.675887 -0.0680597648024559 0.004639909602701664 12 0.5755759092676895 -0.10839036379626854 0.8105330972309428
 144  538 3172 87.394115 28.678804 -0.08690563589334488 0.003941470291465521 12 0.575396639361057 -0.10836711444742123 0.8106634788359108
 145  538 3172 87.397442 28.678804 -0.10166501998901367 0.0046323854476213455 12 0.5751052703231844 -0.10832885042696284 0.8108753222362053
 146  538 3172 87.394115 28.675887 -0.0858486071228981 0.007098461501300335 16 0.5753211730009753 -0.10835689428927923 0.8107184044764026
 147  538 3172 87.397359 28.675804 -0.10427247732877731 0.0071092769503593445 15 0.5750350858545026 -0.10831935926180807 0.8109263631461344
 148  533 3183 87.348338 28.782592 -0.012559032067656517 0.002356169279664755 5204 0.5812889364742366 -0.10910308404566789 0.8063496074187516
 149  540 3171 87.413242 28.672970 -0.15610356628894806 0.0021591237746179104 12 0.5735712805643074 -0.10812666037142943 0.8119880611368262
 150  540 3171 87.416569 28.672970 -0.14783994853496552 0.003246244741603732 12 0.5732798531266812 -0.10808818361358907 0.8121989624237191
 151  540 3171 87.413242 28.670469 -0.1561434119939804 0.0017720636678859591 12 0.5735075140462361 -0.10811796594691031 0.8120342583733824
 152  540 3171 87.416569 28.670469 -0.15009166300296783 0.0025044307112693787 12 0.573216203331476 -0.10807962998629642 0.8122450232659312
 153  541 3171 87.419895 28.672970 -0.13581569492816925 0.003967690281569958 12 0.5729883603105701 -0.10804984983222818 0.8124097296929901
 154  541 3171 87.423222 28.672970 -0.11643314361572266 0.008274323306977749 12 0.5726967547872552 -0.1080113123754749 0.8126204424299662
 155  541 3171 87.419895 28.670469 -0.13877257704734802 0.005780852399766445 12 0.57292484797831 -0.10804124746122962 0.8124556648925847
 156  541 3171 87.423222 28.670469 -0.11840549856424332 0.008358025923371315 12 0.5726334425895035 -0.10800281117707913 0.8126661880538294
 157  540 3171 87.413242 28.667552 -0.1486317217350006 0.003520204685628414 16 0.5734330812914641 -0.10810783808426866 0.8120881704749323
 158  540 3171 87.416486 28.667580 -0.14449015259742737 0.003383937291800976 15 0.5731499419302972 -0.10807062559346377 0.8122929791332278
 159  540 3170 87.413242 28.664635 -0.1388574093580246 0.0027966341003775597 12 0.5733586263084959 -0.10809780057806972 0.8121420757157077
 160  540 3170 87.416569 28.664635 -0.13267195224761963 0.0039776465855538845 12 0.573067692418165 -0.1080595275154575 0.8123524840976702
 161  541 3171 87.420061 28.667469 -0.13394558429718018 0.006884681526571512 10 0.5728341050447626 -0.10802903823355056 0.8125212704882869
 162  541 3171 87.423445 28.667392 -0.11676786839962006 0.0032174938824027777 13 0.5725358807496201 -0.1079896598019317 0.8127366723792644
 163  541 3170 87.419895 28.664635 -0.12360191345214844 0.0032310436945408583 12 0.5727767124580674 -0.10802118123651289 0.8125627742334723
 164  541 3170 87.423222 28.664635 -0.11445581167936325 0.002979705110192299 12 0.5724856442084763 -0.107982847269972 0.8127729645298716
 165  539 3170 87.400768 28.662134 -0.08777990192174911 0.005950106307864189 12 0.5743845280414556 -0.10823250735557963 0.8113988774321288
 166  539 3170 87.404095 28.662134 -0.10484695434570312 0.00597168505191803 12 0.5740940305925779 -0.10819435151476135 0.8116095282451214
 167  539 3170 87.400768 28.659217 -0.06752559542655945 0.009348015300929546 16 0.5743093629492619 -0.10822235145513158 0.8114534356784342
 168  539 3170 87.404095 28.659217 -0.08432158827781677 0.008211945183575153 16 0.5740191089426845 -0.10818409612152784 0.811663886048292
 169  539 3170 87.407517 28.662006 -0.1175309494137764 0.006329143885523081 13 0.5737918044070636 -0.10815453576058222 0.8118285296721834
 170  540 3170 87.410332 28.661717 -0.12278152257204056 0.006841437425464392 12 0.5735384904328493 -0.10812125665127469 0.8120119419393766
 171  539 3170 87.407338 28.659134 -0.0949314534664154 0.007588041014969349 15 0.5737338086051059 -0.10814668251328584 0.8118705635289718
 172  540 3170 87.410332 28.658800 -0.10007138550281525 0.0050695124082267284 9 0.5734639058804042 -0.10811110381827575 0.8120659689234521
 173  539 3169 87.400768 28.656300 -0.05094394087791443 0.005373150110244751 12 0.5742342302431717 -0.10821212820791067 0.8115079692312003
 174  539 3169 87.404095 28.656300 -0.06358156353235245 0.005099436733871698 12 0.5739441032116557 -0.10817403063766234 0.8117182673096439
 175  539 3169 87.400768 28.653382 -0.039145421236753464 0.004954352974891663 16 0.5741572292282903 -0.10820158429923238 0.8115638565633815
 176  539 3169 87.404095 28.653382 -0.04985465854406357 0.004943168256431818 16 0.5738670659100662 -0.10816346192058059 0.8117741411064576
 177  539 3169 87.407421 28.656300 -0.07435137778520584 0.005160980857908726 12 0.573653869555306 -0.10813590376461002 0.8119284846963032
 178  540 3169 87.410332 28.656300 -0.0822627916932106 0.004983888939023018 9 0.5733999406757979 -0.10810247717413468 0.8121122843928709
 179  539 3169 87.407421 28.653382 -0.05913384258747101 0.004756065085530281 16 0.5735768196542896 -0.108125360548296 0.8119843214998499
 180  540 3169 87.410332 28.653382 -0.06703756004571915 0.004548306576907635 12 0.5733228463438601 -0.1080918797260973 0.8121681226183736
 181  543 3157 87.449705 28.542095 -0.008696158416569233 0.004034206736832857 12407 0.5673750695730274 -0.10731150415547559 0.8164372428441096
 182  539 3171 87.400768 28.672970 -0.13012419641017914 0.005490149836987257 12 0.5746635512855983 -0.10827028595705257 0.8111962450619472
 183  539 3171 87.404095 28.672970 -0.14342433214187622 0.0032789800316095352 12 0.5743724053690306 -0.10823202155502012 0.8114075236653328
 184  539 3171 87.400768 28.670469 -0.12354003638029099 0.0052315606735646725 12 0.5745991860329546 -0.10826153857557512 0.8112430059331885
 185  539 3171 87.404095 28.670469 -0.14089366793632507 0.005772018805146217 12 0.5743081553800861 -0.1082232932984289 0.8114541647262432
 186  539 3171 87.407421 28.672970 -0.15153709053993225 0.0019275168888270855 12 0.5740811353686642 -0.10819371775840107 0.8116187340441575
 187  540 3171 87.410332 28.672970 -0.1550995111465454 0.0023052769247442484 9 0.5738262549102924 -0.10816011688829459 0.8118034357468183
 188  539 3171 87.407421 28.670469 -0.1517835259437561 0.002131075831130147 12 0.5740170697981757 -0.10818499768393651 0.8116652079869157
 189  540 3171 87.410332 28.670469 -0.1573675274848938 0.0018327169818803668 9 0.5737623345843428 -0.10815149907143826 0.8118497623704312
 190  539 3171 87.400768 28.667552 -0.11364660412073135 0.006762765813618898 16 0.5745240462468004 -0.10825137026063973 0.8112975786484872
 191  539 3171 87.404095 28.667552 -0.13143321871757507 0.005832615774124861 16 0.5742332044430252 -0.1082131921480117 0.8115085532267867
 192  539 3170 87.400768 28.664635 -0.10109058022499084 0.006568151991814375 12 0.5744489352022849 -0.10824116946448206 0.8113521245907491
 193  539 3170 87.404095 28.664635 -0.1190171167254448 0.005264571867883205 12 0.5741582508109037 -0.10820300869097997 0.811562943915001
 194  539 3171 87.407421 28.667552 -0.14418122172355652 0.004192960448563099 16 0.5739422965469149 -0.1081749138633798 0.8117194270467497
 195  540 3171 87.410332 28.667552 -0.15041060745716095 0.003686086507514119 12 0.5736876985295336 -0.10814145569731312 0.8119038428998555
 196  539 3170 87.407421 28.664635 -0.13229447603225708 0.005048801656812429 12 0.5738675581405716 -0.10816475227950562 0.8117736212011888
 197  540 3170 87.410332 28.664635 -0.1398903876543045 0.0032861733343452215 9 0.5736131125939605 -0.10813136665958213 0.8119578835165031
 198  540 3170 87.413242 28.661717 -0.1229444146156311 0.006115912459790707 16 0.5732841558537246 -0.10808777678658747 0.8121959795249022
 199  540 3170 87.416569 28.661717 -0.11858683824539185 0.005026610568165779 16 0.572993416257143 -0.10804954775791265 0.8124062039123527
 200  540 3170 87.413242 28.658800 -0.10486331582069397 0.004701811354607344 12 0.5732097093725952 -0.10807769742158228 0.8122498632816345
 201  540 3170 87.416569 28.658800 -0.10536172240972519 0.0032749020028859377 12 0.5729191513137383 -0.10803943955664473 0.8124599224320127
 202  541 3170 87.419895 28.661717 -0.11309776455163956 0.004094346426427364 16 0.5727026360769852 -0.10801117234115737 0.8126163161541621
 203  541 3170 87.423222 28.661717 -0.10761788487434387 0.0034642016980797052 16 0.5724117409067201 -0.10797286152389106 0.8128263406450855
 204  541 3170 87.419895 28.658800 -0.10217949748039246 0.0027166465297341347 12 0.5726285405771259 -0.10800115505817774 0.8126698622581069
 205  541 3170 87.423222 28.658800 -0.09809236973524094 0.002538123168051243 12 0.5723378252891924 -0.10796288076411664 0.8128797144229587
 206  540 3169 87.413242 28.656300 -0.08895915746688843 0.004497287329286337 12 0.5731458854804895 -0.10806908195378036 0.8122960466987715
 207  540 3169 87.416569 28.656300 -0.09293677657842636 0.003609749488532543 12 0.5728554811462374 -0.10803085229619028 0.8125059585460722
 208  540 3169 87.413242 28.653382 -0.07376669347286224 0.0047657606191933155 16 0.5730687450138726 -0.10805851702496935 0.8123518759666831
 209  540 3169 87.416569 28.653382 -0.07891581952571869 0.004491571336984634 16 0.5727783059926739 -0.1080202628582107 0.8125617730340297
 210  541 3169 87.419895 28.656300 -0.09262731671333313 0.00312640774063766 12 0.5725650408513512 -0.10799261714191025 0.8127157366741039
 211  541 3169 87.423222 28.656300 -0.09006797522306442 0.0025924979709088802 12 0.5722744684098025 -0.10795434510536311 0.8129254530269981
 212  541 3169 87.419895 28.653382 -0.08014009892940521 0.0038862607907503843 16 0.5724877908950674 -0.10798201118914659 0.8127715635623779
 213  541 3169 87.423222 28.653382 -0.07889106124639511 0.0036860695108771324 16 0.5721971898524668 -0.10794367635402513 0.812981265872786
 214  541 3171 87.426548 28.672970 -0.10135804861783981 0.005268871784210205 12 0.572405122736433 -0.10797284289651932 0.8128310037528912
 215  542 3171 87.429874 28.672970 -0.0848676860332489 0.004557853098958731 12 0.5721133399688969 -0.10793442711250792 0.8130415030449111
 216  541 3171 87.426548 28.670469 -0.1049765944480896 0.0030376531649380922 12 0.5723419286625341 -0.10796436136165927 0.812876628628613
 217  542 3171 87.429874 28.670469 -0.08824410289525986 0.003929708153009415 12 0.5720503360210667 -0.1079258576724613 0.8130869709347508
 218  542 3171 87.432785 28.672970 -0.07366115599870682 0.0030368652660399675 9 0.5718580605376449 -0.10790064247002598 0.8132255590871938
 219  542 3171 87.435696 28.672970 -0.06477602571249008 0.0026538281235843897 12 0.5716026703505878 -0.10786684782894847 0.81340957111871
 220  542 3171 87.432785 28.670469 -0.07773075997829437 0.0030078100971877575 9 0.5717951813655916 -0.10789216192924507 0.8132708970332848
 221  542 3171 87.435696 28.670469 -0.06753271073102951 0.0028772219084203243 12 0.5715399021114551 -0.10785851008744432 0.8134547818386373
 222  541 3171 87.426548 28.667552 -0.10348998010158539 0.0033298474736511707 16 0.5722682019631992 -0.1079544230034947 0.81292985403157
 223  541 3171 87.429696 28.667671 -0.09200455993413925 0.0033198485616594553 14 0.5719954605342426 -0.10791839113462834 0.8131265670134835
 224  541 3170 87.426548 28.664635 -0.10338612645864487 0.0033364330884069204 12 0.5721945030942064 -0.10794446581633747 0.8129830520548382
 225  541 3170 87.429459 28.664635 -0.09396865963935852 0.0026263680774718523 9 0.571939699299234 -0.10791080759577228 0.8131667959093818
 226  542 3171 87.432547 28.667433 -0.08116517215967178 0.003744624089449644 14 0.5717396240826393 -0.10788464043414875 0.8133109532105397
 227  542 3171 87.435696 28.667552 -0.06822815537452698 0.003643250558525324 16 0.5714667053623336 -0.10784858860084731 0.8135075209235161
 228  542 3170 87.432369 28.664635 -0.08262834697961807 0.003709399374201894 12 0.5716848283035161 -0.10787720157579515 0.8133504573477256
 229  542 3170 87.435696 28.664635 -0.07006511092185974 0.003931539133191109 12 0.5713935171058775 -0.10783868949832214 0.8135602409512523
 230  542 3171 87.439022 28.672970 -0.05701814964413643 0.0027181031182408333 12 0.5713107370750178 -0.10782831132350572 0.813619749625045
 231  543 3171 87.442348 28.672970 -0.04700164869427681 0.0034050175454467535 12 0.571018737443589 -0.10778969717550943 0.8138298241470029
 232  542 3171 87.439022 28.670469 -0.05789634957909584 0.0028218466322869062 12 0.571248141953995 -0.107819906072646 0.8136648131562493
 233  543 3171 87.442348 28.670469 -0.047798845916986465 0.0030842835549265146 12 0.5709563066104304 -0.10778131993497307 0.8138747342280943
 234  543 3171 87.445675 28.672970 -0.0339096337556839 0.004441889934241772 12 0.5707266708777633 -0.10775107388901722 0.814039786020652
 235  543 3171 87.449001 28.672970 -0.022721553221344948 0.0028690542094409466 12 0.5704345150094303 -0.10771242081970707 0.8142496536610343
 236  543 3171 87.445675 28.670469 -0.03767536208033562 0.0028910578694194555 12 0.5706643842563165 -0.10774265261020917 0.8140845664609268
 237  543 3171 87.449120 28.670231 -0.02453686110675335 0.0032966441940516233 14 0.5703560798523623 -0.1077018319666601 0.8143059975012287
 238  542 3171 87.439022 28.667552 -0.05805744230747223 0.002502428600564599 16 0.5711751435906138 -0.10781004730596437 0.8137173643496416
 239  543 3171 87.442348 28.667552 -0.04866700619459152 0.0031852482352405787 16 0.5708834572937378 -0.10777150270731754 0.8139271351862866
 240  542 3170 87.439022 28.664635 -0.05652959644794464 0.003910349681973457 12 0.5711021118641868 -0.10780021847362824 0.8137699249304461
 241  543 3170 87.442348 28.664635 -0.047790590673685074 0.0029077723156660795 12 0.5708106214114399 -0.10776168302331018 0.8139795170370503
 242  543 3171 87.445675 28.667552 -0.037375472486019135 0.0033030854538083076 16 0.5705917433290608 -0.10773287887429626 0.8141367755200348
 243  543 3171 87.448883 28.667373 -0.02535073086619377 0.0038104685954749584 14 0.5703059215915088 -0.10769505814472553 0.814342022892632
 244  543 3170 87.445675 28.664635 -0.03667018190026283 0.0031286815647035837 12 0.5705191016309648 -0.10772310669697234 0.8141889749669604
 245  543 3170 87.449001 28.664635 -0.0237650778144598 0.0037120310589671135 12 0.5702274522455268 -0.10768453711325993 0.814398362702356
 246  541 3170 87.426548 28.661717 -0.09989723563194275 0.002734103472903371 16 0.5721207578649504 -0.10793451885735852 0.813036271059948
 247  541 3170 87.429459 28.661717 -0.09087163954973221 0.0031168360728770494 12 0.5718661368112657 -0.10790091852995966 0.813219843184455
 248  541 3170 87.426548 28.658800 -0.09456539899110794 0.002035158686339855 12 0.5720470661685989 -0.10792451099580996 0.8130894501924212
 249  541 3170 87.429459 28.658800 -0.08713245391845703 0.0021596956066787243 9 0.5717925718093708 -0.10789104638240024 0.8132728797483267
 250  542 3170 87.432369 28.661717 -0.08229978382587433 0.0035820479970425367 16 0.5716114410432014 -0.10786731040799177 0.8134033463257087
 251  542 3170 87.435696 28.661717 -0.07004125416278839 0.003946986980736256 16 0.5713203087069767 -0.10782879050841973 0.8136129649879335
 252  542 3170 87.432369 28.658800 -0.07724276185035706 0.003398486413061619 12 0.5715380495007739 -0.10785731242554777 0.8134562422952993
 253  542 3170 87.435696 28.658800 -0.06753028184175491 0.0041448017582297325 12 0.5712470539545272 -0.10781892565988845 0.8136657069201213
 254  541 3169 87.426548 28.656300 -0.08712917566299438 0.0026080377865582705 12 0.5719838737969853 -0.10791597886983857 0.8131350377524996
 255  541 3169 87.429459 28.656300 -0.0831804946064949 0.002909199334681034 9 0.5717295302971328 -0.10788247620021776 0.8133183359024493
 256  541 3169 87.426548 28.653382 -0.0760095939040184 0.003946898505091667 16 0.5719065628176031 -0.10790536947465594 0.8131908230204599
 257  541 3169 87.429459 28.653382 -0.07235115766525269 0.0042880200780928135 12 0.571652154044806 -0.10787183635210254 0.8133741339002358
 258  542 3169 87.432369 28.656300 -0.07582363486289978 0.0028596543706953526 12 0.5714751263211792 -0.10784887051091094 0.8135015679921662
 259  542 3169 87.435696 28.656300 -0.06408225744962692 0.0038374962750822306 12 0.5711842846478349 -0.10781053339595023 0.813710883459366
 260  542 3169 87.432369 28.653382 -0.06802407652139664 0.003421118715777993 16 0.5713977319760288 -0.10783819952876965 0.8135573456217107
 261  542 3169 87.435696 28.653382 -0.06115175783634186 0.00439703231677413 16 0.5711068711040875 -0.1077998061981513 0.8137666394989046
 262  542 3170 87.439022 28.661717 -0.056865282356739044 0.0026765414513647556 16 0.5710290918890951 -0.10779039329502693 0.8138224667147121
 263  543 3170 87.442348 28.661717 -0.047460027039051056 0.0034829825162887573 16 0.5707377969262305 -0.10775180820818399 0.814031888188454
 264  542 3170 87.439022 28.658800 -0.0564386285841465 0.0026235070545226336 12 0.5709560567983172 -0.10778054263232185 0.8138750124160338
 265  543 3170 87.442348 28.658800 -0.04629981890320778 0.003987106028944254 12 0.5706649208555555 -0.10774202306586224 0.8140842736293323
 266  543 3170 87.447338 28.660467 -0.028114300221204758 0.008277569897472858 56 0.5702696163576878 -0.10768982865085487 0.8143681387827039
 267  542 3169 87.439022 28.656300 -0.05301790311932564 0.0025659501552581787 12 0.5708934376942284 -0.10777203541344975 0.8139200643678152
 268  543 3169 87.442348 28.656300 -0.0435543991625309 0.004017437808215618 12 0.5706024863111983 -0.10773361594303066 0.8141291486068526
 269  542 3169 87.439022 28.653382 -0.05060183256864548 0.002676786156371236 16 0.5708159556948735 -0.10776136631728718 0.8139758182240917
 270  543 3169 87.442348 28.653382 -0.04139481484889984 0.00466116052120924 16 0.5705249487879236 -0.10772294396472094 0.8141848992422487
 271  543 3169 87.447230 28.654710 -0.028614962473511696 0.004455852322280407 54 0.5701331531386158 -0.10767128524093518 0.8144661331367835
 272  539 3169 87.400768 28.650465 -0.029061712324619293 0.003129655262455344 12 0.5740778062095986 -0.10819058859736413 0.8116215059721683
 273  539 3169 87.404095 28.650465 -0.03873546048998833 0.0038469317369163036 12 0.5737872913948115 -0.10815241272954619 0.8118320022360436
 274  539 3169 87.400768 28.647964 -0.023651426658034325 0.0018158437451347709 12 0.5740097080003495 -0.10818115648636757 0.8116709262395849
 275  539 3169 87.404095 28.647964 -0.03059273399412632 0.0028175092302262783 12 0.5737189103910065 -0.10814297075590569 0.811881586030773
 276  539 3169 87.407172 28.650548 -0.047546472400426865 0.0037850288208574057 10 0.5735208025569262 -0.1081173902553652 0.8120249497144952
 277  540 3169 87.410029 28.650389 -0.05397782102227211 0.003739328123629093 11 0.5732666964759242 -0.10808394489207761 0.8122088127865561
 278  539 3169 87.407005 28.647964 -0.03736001253128052 0.003015261609107256 9 0.5734643819067777 -0.10810943307968122 0.8120658551887694
 279  540 3169 87.409916 28.647964 -0.04553224518895149 0.003071077400818467 12 0.5732098159567196 -0.10807594447034054 0.8122500213097612
 280  539 3168 87.402431 28.643797 -0.019507888704538345 0.003365394426509738 56 0.5737505587444462 -0.10814630900618814 0.8118587760126597
 281  539 3168 87.407005 28.645047 -0.02961515635251999 0.0026046086568385363 12 0.5733842696920955 -0.10809834294309806 0.8121238991204597
 282  540 3168 87.409916 28.645047 -0.03602953255176544 0.0033353117760270834 16 0.5731293914246589 -0.10806482369341748 0.8123082509523775
 283  539 3168 87.407005 28.642130 -0.0223956611007452 0.0019931080751121044 9 0.573304176446138 -0.10808718828243549 0.8121819260477378
 284  540 3168 87.409916 28.642130 -0.027420595288276672 0.0025457539595663548 12 0.5730489951136154 -0.10805359753150894 0.8123664624169159
 285  540 3169 87.413242 28.650465 -0.06120939180254936 0.0032127276062965393 12 0.5729879879548656 -0.10804730362897487 0.812410330952249
 286  540 3169 87.416569 28.650465 -0.06597969681024551 0.003075819695368409 12 0.5726972041303532 -0.10800892085852601 0.812620443624361
 287  540 3169 87.413242 28.647964 -0.05174374580383301 0.002980258082970977 12 0.572918798984853 -0.10803762820216198 0.8124604117507543
 288  540 3169 87.416569 28.647964 -0.05594195798039436 0.0027233681175857782 12 0.5726277345440909 -0.10799916425293796 0.8126706947783765
 289  541 3169 87.419895 28.650465 -0.06831542402505875 0.002962606493383646 12 0.5724063786138561 -0.10797060571120141 0.8128304165227376
 290  541 3169 87.423222 28.650465 -0.06766799837350845 0.002730903448536992 12 0.5721154200276047 -0.10793222805118137 0.8130403312963911
 291  541 3169 87.419895 28.647964 -0.05834775045514107 0.0027886447496712208 12 0.5723365400237149 -0.10796084945449849 0.8128808891459718
 292  541 3169 87.423222 28.647964 -0.058355674147605896 0.0025582739617675543 12 0.5720453420963685 -0.10792239680991028 0.8130909437772955
 293  540 3168 87.413242 28.645047 -0.04185272008180618 0.0033572851680219173 16 0.5728380398875782 -0.10802634907402256 0.8125188539126306
 294  540 3168 87.416569 28.645047 -0.04606691002845764 0.0030983516480773687 16 0.5725465993896035 -0.10798791131793176 0.8127293538051837
 295  540 3168 87.413242 28.642130 -0.032907065004110336 0.0025671743787825108 12 0.5727572668006599 -0.10801508641321374 0.8125772913601412
 296  540 3168 87.416569 28.642130 -0.03742073103785515 0.0022628814913332462 12 0.572465534110936 -0.10797660643934352 0.8127879580289831
 297  541 3168 87.419895 28.645047 -0.04863632470369339 0.0029069646261632442 16 0.5722551176563265 -0.10794948213210903 0.8129397207810389
 298  541 3168 87.423222 28.645047 -0.04875332862138748 0.0029092319309711456 16 0.571963529886852 -0.10791094389268746 0.8131500160902425
 299  541 3168 87.419895 28.642130 -0.0399041585624218 0.0022929769475013018 12 0.5721736847791217 -0.10793801800164998 0.8129985600947629
 300  541 3168 87.423222 28.642130 -0.04023456200957298 0.0018507122294977307 12 0.5718817312519366 -0.10789950904698842 0.8132090637761648
 301  539 3167 87.402431 28.637962 -0.013551043346524239 0.0015398990362882614 56 0.5735912925841266 -0.10812427596579927 0.8119742422137186
 302  539 3167 87.408669 28.637962 -0.0174103956669569 0.0028319857083261013 49 0.5730436667607183 -0.10805207028825267 0.8123704241858226
 303  539 3167 87.402431 28.632128 -0.008559167385101318 0.0014284031931310892 56 0.5734319983629442 -0.10810221597497323 0.8120896835662798
 304  539 3167 87.408669 28.632128 -0.010524670593440533 0.0018404742004349828 49 0.5728830756996762 -0.10802974471390704 0.8124866496342739
 305  540 3167 87.414906 28.637962 -0.023599913343787193 0.004598719533532858 56 0.572495786608685 -0.10797972453972794 0.8127662353983631
 306  541 3167 87.421558 28.637962 -0.02805347740650177 0.0046894787810742855 56 0.5719111094942188 -0.10790245845003542 0.8131880116538427
 307  540 3167 87.414906 28.632128 -0.013181855902075768 0.0022547796834260225 56 0.5723339114089809 -0.1079571399021679 0.8128832325712227
 308  541 3167 87.421558 28.632128 -0.015909254550933838 0.002529989229515195 56 0.5717478291223175 -0.10787959304639387 0.813305854705388
 309  541 3169 87.426548 28.650465 -0.06531962007284164 0.0026918170042335987 12 0.5718244232634738 -0.10789387178354105 0.8132501099852076
 310  541 3169 87.429459 28.650465 -0.06141171231865883 0.0029564446303993464 9 0.5715697567981659 -0.10786016917378419 0.8134335848853845
 311  541 3169 87.426548 28.647964 -0.05632300674915314 0.0027028732001781464 12 0.5717540261439028 -0.10788400057297004 0.8133009135668106
 312  541 3169 87.429542 28.647798 -0.05111681669950485 0.003380032954737544 10 0.5714870949564755 -0.10784860663316993 0.8134931950210106
 313  542 3169 87.432369 28.650465 -0.05862845852971077 0.002534522907808423 12 0.5713149867920252 -0.10782659635972666 0.8136169928069993
 314  542 3169 87.435696 28.650465 -0.054687097668647766 0.0027728257700800896 12 0.5710238068180513 -0.10778813962898758 0.813826473520211
 315  542 3169 87.432369 28.647548 -0.0491768941283226 0.0033406445290893316 16 0.5712322698890471 -0.10781490536537312 0.8136766188225286
 316  542 3169 87.435696 28.647548 -0.046686381101608276 0.0029683203902095556 16 0.5709407227454726 -0.1077763915116321 0.8138863191770758
 317  541 3168 87.427743 28.643745 -0.04297719523310661 0.004059204366058111 48 0.5715303409219364 -0.10785342282026722 0.8134621740386014
 318  542 3168 87.434032 28.643380 -0.03757541626691818 0.0031254692003130913 48 0.5709680553577194 -0.10777896269480335 0.8138668041893934
 319  543 3169 87.440685 28.648798 -0.038001298904418945 0.005750445183366537 56 0.5705390999546535 -0.10772358689894254 0.8141748978251293
 320  543 3169 87.446922 28.648798 -0.02310025878250599 0.004122383892536163 49 0.5699923433060196 -0.10765116779936072 0.8145673419944766
 321  543 3168 87.440685 28.643380 -0.031317632645368576 0.003149718511849642 48 0.57038383047237 -0.10770161417779517 0.8142865885173131
 322  543 3168 87.446922 28.643380 -0.019809985533356667 0.00522064371034503 42 0.569835851256657 -0.10762896987181861 0.8146797576145687
 323  541 3167 87.427795 28.637962 -0.02921953797340393 0.0041580721735954285 49 0.571362711343979 -0.10782990564070244 0.8135830403438693
 324  542 3167 87.434032 28.637962 -0.026882562786340714 0.0034385554026812315 56 0.5708140505766232 -0.10775724371626379 0.8139776999961252
 325  541 3167 87.427795 28.632128 -0.017250817269086838 0.0027182698249816895 49 0.5711981339329977 -0.10780677134697506 0.8137016602190279
 326  542 3167 87.434032 28.632128 -0.017056506127119064 0.0024189951363950968 56 0.5706481748367063 -0.10773385103612003 0.814097093654352
 327  543 3167 87.440685 28.637962 -0.022405926138162613 0.0028050837572664022 56 0.5702285368268171 -0.10767962377897775 0.8143982529519357
 328  543 3167 87.446922 28.637962 -0.015051706694066525 0.0035107950679957867 49 0.5696793600196605 -0.10760673730578033 0.8147921310702472
 329  543 3167 87.440685 28.632128 -0.01483557652682066 0.0018689022399485111 56 0.5700612700991637 -0.10765593995280044 0.814518475496908
 330  543 3167 87.446922 28.632128 -0.011027137748897076 0.001414236961863935 49 0.5695107844383801 -0.10758280538276027 0.8149131281273827
 331  544 3171 87.453575 28.671303 -0.01363565493375063 0.002932890085503459 49 0.5699801082579729 -0.10765151647720775 0.8145758572351546
 332  544 3171 87.459812 28.671303 -0.004301320295780897 0.00228178221732378 56 0.5694037998030297 -0.10757362989937809 0.8149890961970859
 333  544 3171 87.453575 28.665885 -0.013593573123216629 0.0034165687393397093 42 0.5698449033440016 -0.10763323315856514 0.8146728627201838
 334  544 3171 87.459812 28.665885 -0.004009097348898649 0.0026390489656478167 48 0.5692664646407517 -0.10755497305657089 0.8150874922400786
 335  545 3171 87.466465 28.671303 0.00047450399142690003 0.001016339403577149 56 0.5687887921190166 -0.10749040221509798 0.8154294104282886
 336  546 3171 87.472702 28.671303 0.002466486068442464 0.00043233693577349186 49 0.568211910897257 -0.10741232105376326 0.8158417846619105
 337  545 3171 87.466465 28.665885 0.001335224020294845 0.0011617477284744382 48 0.5686491768875263 -0.10747133274459529 0.8155292920939379
 338  546 3171 87.472702 28.665885 0.0034736741799861193 0.00031549905543215573 42 0.5680701590712328 -0.10739279451439758 0.8159430630008276
 339  544 3170 87.453575 28.660467 -0.01238100603222847 0.0022247403394430876 49 0.5697096571246397 -0.10761499880078958 0.8147698562244626
 340  544 3170 87.459812 28.660467 -0.0044558243826031685 0.002954712603241205 56 0.5691291008750858 -0.10753629332312377 0.8151858758316655
 341  544 3169 87.453445 28.654551 -0.01130081620067358 0.0037090061232447624 51 0.5695709976335463 -0.1075961054648075 0.814869288133706
 342  544 3169 87.459812 28.654633 -0.004029823001474142 0.0025371841620653868 56 0.5689790923221124 -0.10751579751170669 0.8152932882010785
 343  545 3170 87.469376 28.657550 0.0032595491502434015 0.0018689945572987199 210 0.5681621548083617 -0.10740488233707784 0.8158774154820548
 344  547 3170 87.488503 28.662968 0.0044974060729146 0.000936406257096678 837 0.5665231542525987 -0.10718225718603151 0.8170455797813203
 345  544 3169 87.453159 28.648798 -0.012616122141480446 0.0038976732175797224 56 0.569434038468014 -0.10757660978522184 0.814967575343416
 346  544 3169 87.459812 28.648798 -0.0036459395196288824 0.0017148680053651333 56 0.5688163667274464 -0.10749290341509893 0.8154098458188861
 347  544 3168 87.453159 28.643380 -0.010881935246288776 0.0019862172193825245 48 0.5692778326497686 -0.10755443880741157 0.8150796230715162
 348  544 3168 87.459812 28.643380 -0.0033557123970240355 0.0016751977382227778 48 0.5686633387239822 -0.10747126490279604 0.8155194261398601
 349  545 3168 87.469376 28.646298 0.002680011559277773 0.0014116085367277265 195 0.5678587082267924 -0.10736262749345915 0.8160942063932934
 350  544 3167 87.453159 28.637962 -0.009363566525280476 0.002223945688456297 56 0.5691216135625521 -0.1075322534741315 0.8151916360210845
 351  544 3167 87.459812 28.637962 -0.0027635623700916767 0.0015921639278531075 56 0.5685102880706017 -0.10744967243410543 0.8156289721752685
 352  544 3167 87.453159 28.632128 -0.006862528156489134 0.0016017584130167961 56 0.5689533406759139 -0.10750831214726146 0.8153122462915448
 353  544 3167 87.459812 28.632128 -0.002109094988554716 0.0012219568016007543 56 0.568345459541378 -0.10742640279709113 0.8157469010672225
 354  545 3167 87.469376 28.635045 0.0020260303281247616 0.0010261422721669078 210 0.56755053443919 -0.10731944819932727 0.8163142329372812
 355  547 3168 87.488503 28.640463 0.004104342311620712 0.00052021344890818 837 0.5659329451002401 -0.10710058700062113 0.8174652077699032
 356  541 3164 87.424469 28.606706 -0.005114472471177578 0.0019318131962791085 3294 0.5708595932478668 -0.10776049710337954 0.8139453298968626
 357  546 3164 87.475613 28.606706 -0.0032205735333263874 0.0025503584183752537 3348 0.5662890953264537 -0.10714913115947738 0.8172121659680036
 358  541 3179 87.425003 28.742372 -0.01420988142490387 0.001578980009071529 3377 0.5740756930566469 -0.10818627848819076 0.8116235751802718
 359  546 3179 87.476205 28.741923 -0.009589998051524162 0.0017678296426311135 3343 0.5695118227993725 -0.10758089081617897 0.8149126552109334
 360  539 3176 87.402431 28.717146 -0.01908121444284916 0.001402323367074132 56 0.5755497867167223 -0.10838537273401996 0.810552314158465
 361  539 3176 87.409084 28.717146 -0.020482143387198448 0.0020975512452423573 56 0.5749665198609412 -0.10830880060265695 0.8109763897617562
 362  539 3176 87.402431 28.711311 -0.02632567659020424 0.0032117520458996296 56 0.5754289164456576 -0.10837051616809133 0.8106401133324441
 363  539 3176 87.409084 28.711311 -0.02949310466647148 0.002554773585870862 56 0.5748450522018584 -0.10829380568387485 0.8110644965781364
 364  540 3176 87.415321 28.717146 -0.020690184086561203 0.0015913557726889849 49 0.5744194654065944 -0.10823690318436095 0.8113735579565442
 365  541 3176 87.421558 28.717146 -0.01993955485522747 0.0012699640356004238 56 0.5738721546078779 -0.10816488761197708 0.8117703537661377
 366  540 3176 87.415321 28.711311 -0.02767169289290905 0.002682493766769767 49 0.5742974241787031 -0.10822181832306063 0.8114619563605908
 367  541 3176 87.421558 28.711311 -0.024750709533691406 0.0018592022825032473 56 0.5737495501033167 -0.10814966649583813 0.8118590415786971
 368  539 3175 87.402431 28.705477 -0.037292104214429855 0.0039008043240755796 56 0.5753080399101547 -0.10835563308502412 0.8107278926948791
 369  539 3175 87.409084 28.705477 -0.039919622242450714 0.0036132889799773693 56 0.5747235697483895 -0.10827882449274227 0.8111525840075577
 370  539 3174 87.402431 28.700059 -0.049478959292173386 0.004545624367892742 48 0.5751957871611642 -0.10834183822518711 0.8108093811260673
 371  539 3174 87.407421 28.701309 -0.049587637186050415 0.002191403182223439 12 0.5747830240547381 -0.108287354658832 0.8111093169724305
 372  540 3174 87.410748 28.701309 -0.05145294964313507 0.002278958447277546 12 0.5744905190677511 -0.10824888758699405 0.8113216512810713
 373  539 3174 87.407504 28.698475 -0.05865607038140297 0.0030703479424118996 15 0.5747167818158982 -0.10827912972073094 0.8111573526548955
 374  540 3174 87.410748 28.698392 -0.060885727405548096 0.0034290107432752848 16 0.5744297103084666 -0.10824132377703385 0.8113657151629753
 375  540 3175 87.415321 28.705477 -0.03959311917424202 0.004098548553884029 49 0.5741753830764822 -0.10820666011886573 0.8115503361929531
 376  541 3175 87.421558 28.705477 -0.03304130956530571 0.004549118224531412 56 0.5736269370074127 -0.10813440379156672 0.8119477125136421
 377  540 3174 87.415321 28.699642 -0.056280311197042465 0.005616215523332357 49 0.5740533254049967 -0.10819154792371785 0.811638693353967
 378  541 3174 87.421558 28.699642 -0.04801695793867111 0.00540941720828414 56 0.5735043142646123 -0.10811916156150359 0.8120363590524221
 379  541 3176 87.428111 28.716846 -0.019801432266831398 0.0008214452536776662 50 0.5732904890338856 -0.10808834329080134 0.8121914338553062
 380  544 3173 87.456902 28.691307 -0.007759480737149715 0.0030337502248585224 195 0.5701760940247584 -0.10767815099049377 0.8144351647626337
 381  545 3173 87.469376 28.691307 -0.002786015858873725 0.0007956789340823889 195 0.5690385983397126 -0.10752521955128501 0.8152505141120877
 382  544 3172 87.456902 28.680055 -0.007824040949344635 0.004194886889308691 210 0.5698930088442706 -0.10763979752605637 0.8146383445793438
 383  545 3172 87.469376 28.680055 -0.00012050796067342162 0.001155818346887827 210 0.5687467009647927 -0.10748515022098284 0.8154594610547095
 384  547 3173 87.488503 28.685473 -0.0006167018436826766 0.0020223672036081553 837 0.5671339516713916 -0.10726767148299458 0.8166105115146437
 385  543 3176 87.440685 28.711311 -0.014906683005392551 0.0009060935117304325 56 0.5720677879282976 -0.10792777568384124 0.8130744377058983
 386  543 3176 87.447338 28.711311 -0.011222259141504765 0.0011293395655229688 56 0.5714822698947356 -0.10785034925570144 0.8134963536251308
 387  541 3175 87.428211 28.705477 -0.0268696416169405 0.003095397725701332 56 0.5730416365036635 -0.10805722184679858 0.8123711711034279
 388  542 3175 87.434448 28.705477 -0.02052859403192997 0.002020275918766856 49 0.57249266400096 -0.10798472297078772 0.8127677708115684
 389  541 3174 87.428211 28.699642 -0.037120867520570755 0.004850689321756363 56 0.5729184058347905 -0.10804179997672576 0.8124601342302965
 390  542 3174 87.434448 28.699642 -0.026661735028028488 0.0036023512948304415 49 0.5723688607407035 -0.10796922615275058 0.8128570190743052
 391  543 3175 87.440685 28.705477 -0.01625354029238224 0.0012225041864439845 56 0.5719434276369445 -0.10791212058524559 0.8131639993345122
 392  543 3175 87.447338 28.705477 -0.012195826508104801 0.0010816911235451698 56 0.5713572907727291 -0.10783459369610825 0.8135862257211847
 393  543 3174 87.440685 28.699642 -0.018439169973134995 0.0018126878421753645 56 0.5718190438388148 -0.10789652940197146 0.8132535398301524
 394  543 3174 87.447338 28.699642 -0.014189100824296474 0.0012119235470890999 56 0.5712323133092237 -0.10781882334224371 0.8136760691850823
 395  539 3174 87.400768 28.695891 -0.06071650609374046 0.003426759270951152 16 0.5752525775698272 -0.10834988717742171 0.8107680148771966
 396  539 3174 87.404095 28.695891 -0.0645366758108139 0.0032445963006466627 16 0.5749600118645285 -0.10831137209047592 0.8109806603320574
 397  539 3174 87.400768 28.692974 -0.07094059139490128 0.002693864516913891 12 0.5751785608462431 -0.1083399086402273 0.8108218591889786
 398  539 3174 87.404095 28.692974 -0.07353555411100388 0.001942836563102901 12 0.5748861365891362 -0.10830148185668301 0.8110343512979358
 399  539 3174 87.407325 28.695603 -0.06786699593067169 0.0028735632076859474 13 0.5746690899386036 -0.10827314067888766 0.8111919403425227
 400  540 3174 87.410748 28.695475 -0.0705653578042984 0.0018919209251180291 12 0.5743649553798271 -0.10823307562715297 0.8114126566500033
 401  539 3174 87.407421 28.692974 -0.07457830756902695 0.0015901353908702731 12 0.5745936008252228 -0.10826299287954912 0.8112467677984716
 402  540 3174 87.410748 28.692974 -0.0766168013215065 0.0018925642361864448 12 0.574301073167327 -0.10822446599010092 0.811459020727488
 403  539 3173 87.400768 28.690057 -0.07965087890625 0.002993547124788165 16 0.57510348518083 -0.10832973566495487 0.8108764700641053
 404  539 3173 87.404095 28.690057 -0.08289521932601929 0.003605018137022853 16 0.5748112396211453 -0.10829136117083363 0.8110887866941389
 405  539 3173 87.400768 28.687140 -0.08927816897630692 0.0032366998493671417 12 0.5750283813918251 -0.10831959421598372 0.8109310859146925
 406  539 3173 87.404095 28.687140 -0.09380125254392624 0.0028112055733799934 12 0.5747362977044846 -0.10828124836171561 0.8111432421922595
 407  539 3173 87.407421 28.690057 -0.08507338166236877 0.004116986878216267 16 0.5745188963381049 -0.10825288173998461 0.8113010238779652
 408  540 3173 87.410748 28.690057 -0.08643530309200287 0.0036974004469811916 16 0.5742265373476896 -0.10821436397312705 0.8115131146417623
 409  539 3173 87.407421 28.687140 -0.09763423353433609 0.0032503765542060137 12 0.5744441657963678 -0.10824272924874534 0.8113552932885186
 410  540 3173 87.410748 28.687140 -0.09782340377569199 0.0034529969561845064 12 0.5741519674540374 -0.10820432650131091 0.811567213479608
 411  540 3174 87.413658 28.695475 -0.07171229273080826 0.001971093937754631 9 0.5741087705025069 -0.10819931906373502 0.8115984394922429
 412  540 3174 87.416569 28.695475 -0.06696537882089615 0.003085079602897167 12 0.5738525104855078 -0.10816553071885765 0.8117841549166799
 413  540 3174 87.413658 28.692974 -0.0784795805811882 0.002162975026294589 9 0.5740450184064482 -0.1081907046396215 0.8116446810472688
 414  540 3174 87.416569 28.692974 -0.07620769739151001 0.002809444908052683 12 0.5737888949284039 -0.10815696363709637 0.8118302626002832
 415  541 3174 87.419895 28.695475 -0.06302715837955475 0.0029232422821223736 12 0.5735595926635612 -0.10812690957062007 0.8119962839141055
 416  541 3174 87.423222 28.695475 -0.055317413061857224 0.0035571979824453592 12 0.5732665952161996 -0.10808830328461412 0.8122083042559214
 417  541 3174 87.419895 28.692974 -0.0720151737332344 0.003088149009272456 12 0.5734961270679764 -0.10811836842953661 0.8120422468358198
 418  541 3174 87.423222 28.692974 -0.06272789090871811 0.006256376393139362 12 0.5732033013642851 -0.10807969718565337 0.8122541193255605
 419  540 3173 87.413658 28.690057 -0.08882352709770203 0.0037918987218290567 12 0.5739706261916784 -0.10818068566392793 0.8116986260419657
 420  540 3173 87.416569 28.690057 -0.0878668874502182 0.004264619667083025 16 0.5737146815710301 -0.10814692208144827 0.8118840479983338
 421  540 3173 87.413658 28.687140 -0.10242635756731033 0.003396817948669195 9 0.573896286349743 -0.1081705150783538 0.8117525436865951
 422  540 3173 87.416569 28.687140 -0.10057688504457474 0.003343994030728936 12 0.5736404488999421 -0.10813689072217388 0.8119378352132713
 423  541 3173 87.419895 28.690057 -0.08258737623691559 0.00395657354965806 16 0.5734220865833123 -0.10810836797631754 0.8120958634249639
 424  541 3173 87.423222 28.690057 -0.07555680721998215 0.0025729842018336058 16 0.5731294258380613 -0.10806978408449235 0.8123075667544071
 425  541 3173 87.419895 28.687140 -0.09327277541160583 0.0036248161923140287 12 0.5733480531197961 -0.10809842456321243 0.8121494570525127
 426  541 3173 87.423222 28.687140 -0.0856289193034172 0.003177025355398655 12 0.573055608786614 -0.10805979689061158 0.8123609724341532
 427  539 3173 87.400768 28.684639 -0.09725204110145569 0.0026384349912405014 12 0.5749639834097017 -0.10831091861121708 0.8109779051806791
 428  539 3173 87.404095 28.684639 -0.10386144369840622 0.003120527369901538 12 0.5746720829784429 -0.1082725279545582 0.8111899017711864
 429  539 3172 87.400768 28.681722 -0.10761751234531403 0.004279938992112875 16 0.5748888835184349 -0.10830075638658082 0.8110325010583865
 430  539 3172 87.404095 28.681722 -0.11543966084718704 0.004185786005109549 16 0.5745971636627314 -0.1082623991979658 0.8112443235121246
 431  539 3173 87.407421 28.684639 -0.10900621861219406 0.0031092981807887554 12 0.5743801096099552 -0.10823411089547104 0.8114017912989363
 432  540 3173 87.410748 28.684639 -0.10971257090568542 0.0036075818352401257 12 0.5740880888373135 -0.10819568898122842 0.8116135528322566
 433  539 3172 87.407421 28.681722 -0.12021589279174805 0.0036294490564614534 16 0.5743053957172916 -0.10822403369816047 0.8114560191286431
 434  540 3172 87.410332 28.681722 -0.12041175365447998 0.004226678516715765 12 0.5740500186672179 -0.10819035820843266 0.8116411907110788
 435  539 3172 87.400768 28.678804 -0.11771021038293839 0.003975622821599245 12 0.574813777186758 -0.10829064107581224 0.8110870844808723
 436  539 3172 87.404095 28.678804 -0.12510286271572113 0.0027636412996798754 12 0.5745222685952057 -0.10825224627384158 0.8112987206109018
 437  539 3172 87.400768 28.675887 -0.1283303201198578 0.004041681997478008 16 0.5747386653825953 -0.10828040404683593 0.8111416772757315
 438  539 3172 87.404095 28.675887 -0.13557973504066467 0.0033369052689522505 16 0.574447318343967 -0.10824212515036624 0.8113531418503028
 439  539 3172 87.407421 28.678804 -0.13078562915325165 0.003312245011329651 12 0.5742306489173667 -0.10821388715073735 0.8115102688639666
 440  540 3172 87.410332 28.678804 -0.13177841901779175 0.002253240905702114 9 0.5739754422201241 -0.10818030282772202 0.8116952715202396
 441  539 3172 87.407421 28.675887 -0.1415088027715683 0.00484870420768857 16 0.5741558911299813 -0.10820383051377473 0.8115645037474738
 442  540 3172 87.410332 28.675887 -0.14362765848636627 0.005199055653065443 12 0.5739008425260682 -0.10817020086175319 0.8117493643935898
 443  540 3173 87.413658 28.684639 -0.11301571875810623 0.0032434507738798857 9 0.5738324813023057 -0.10816201697823276 0.8117987814019183
 444  540 3173 87.416569 28.684639 -0.11095589399337769 0.003532053902745247 12 0.5735768198212423 -0.10812831551362267 0.8119839278876995
 445  540 3172 87.413242 28.681722 -0.12457811832427979 0.0036452622152864933 16 0.5737945877867577 -0.10815672541076676 0.8118262706854495
 446  540 3172 87.416569 28.681722 -0.1219576746225357 0.003712975885719061 16 0.5735025871672058 -0.10811832349711663 0.8120376904040195
 447  541 3173 87.419895 28.684639 -0.100287526845932 0.004188017453998327 12 0.5732845875545524 -0.10808980955322836 0.8121954042859105
 448  541 3173 87.423222 28.684639 -0.093207947909832 0.0030925048049539328 12 0.5729922584641131 -0.10805124446285393 0.812406794844937
 449  541 3172 87.419895 28.681722 -0.11137223243713379 0.004403345752507448 16 0.5732105139939226 -0.10807978108500713 0.8122490182003546
 450  541 3172 87.423222 28.681722 -0.10056807100772858 0.004769927356392145 16 0.57291840893558 -0.10804127532016204 0.8124602018129359
 451  540 3172 87.413242 28.678804 -0.13568125665187836 0.0028028397355228662 12 0.5737201549648632 -0.10814669842873482 0.8118802100101085
 452  540 3172 87.416569 28.678804 -0.1313604861497879 0.0033868427854031324 12 0.5734283511953923 -0.10810825604902373 0.8120914548370599
 453  540 3172 87.413242 28.675887 -0.14706677198410034 0.0038743028417229652 16 0.5736457278718713 -0.10813666964880664 0.8119341349959466
 454  540 3172 87.416569 28.675887 -0.14037132263183594 0.003667514305561781 16 0.5733541170561233 -0.10809824163992914 0.8121452004470314
 455  541 3172 87.419895 28.678804 -0.12061360478401184 0.0031290296465158463 12 0.5731364680279993 -0.1080697817028171 0.8123025983579615
 456  541 3172 87.423222 28.678804 -0.11017080396413803 0.003722555236890912 12 0.572844508562975 -0.10803132845507675 0.8125136313204074
 457  541 3172 87.419895 28.675887 -0.1278606504201889 0.004811651539057493 16 0.5730624172657851 -0.1080598358275934 0.8123561643752134
 458  541 3172 87.423126 28.675983 -0.11645834892988205 0.00499337911605835 13 0.5727814809052459 -0.10802273292218899 0.8125592066452849
 459  541 3174 87.426548 28.695475 -0.04922623932361603 0.0019388670334592462 12 0.5729735006357324 -0.10804954623529289 0.8124202503185046
 460  541 3174 87.429874 28.695475 -0.042417433112859726 0.0026265394408255816 12 0.5726803925384042 -0.10801081676593073 0.8126320394025919
 461  541 3174 87.426548 28.692974 -0.05268565192818642 0.0032534345518797636 12 0.5729103782408284 -0.10804103995285216 0.8124658960164775
 462  541 3174 87.429874 28.692974 -0.04648010432720184 0.002357705030590296 12 0.5726173800467729 -0.10800236989062222 0.8126775646997885
 463  542 3174 87.434448 28.694224 -0.03343507647514343 0.004082643426954746 42 0.5722457999695455 -0.10795330135820867 0.8129457725722415
 464  541 3173 87.426548 28.690057 -0.06647033244371414 0.008467046543955803 16 0.5728366837843081 -0.10803113139708412 0.8125191741491782
 465  541 3173 87.429874 28.690057 -0.05041082948446274 0.002657712670043111 16 0.5725439022190469 -0.10799245522940049 0.8127306501205134
 466  541 3173 87.426548 28.687140 -0.07415572553873062 0.008664998225867748 12 0.5727630161628832 -0.10802119201107487 0.8125724271672669
 467  541 3173 87.429874 28.687140 -0.05066382884979248 0.0018260867800563574 12 0.5724704104320694 -0.10798249494748308 0.8127837412034364
 468  542 3173 87.432785 28.690057 -0.04277928173542023 0.0021001731511205435 12 0.5722876445399727 -0.10795854850330613 0.8129156190601513
 469  542 3173 87.435696 28.690057 -0.03456387668848038 0.0027087279595434666 16 0.572031280784178 -0.10792473637092997 0.8131005258168748
 470  542 3173 87.432785 28.687140 -0.04743675887584686 0.0027549017686396837 9 0.57221431729868 -0.10794868088604805 0.812968546361646
 471  542 3173 87.435696 28.687140 -0.038831889629364014 0.003001235658302903 12 0.5719581276659885 -0.10791483981588805 0.8131532989199073
 472  543 3174 87.440685 28.694224 -0.022145887836813927 0.0026124510914087296 48 0.5716959155658634 -0.10788054921621963 0.8133422202407273
 473  543 3174 87.447338 28.694224 -0.015509702265262604 0.001765363267622888 48 0.57110909665534 -0.10780287939953659 0.8137646704734057
 474  543 3173 87.440685 28.688807 -0.02562899701297283 0.0035880408249795437 56 0.5715605510132165 -0.1078623307903885 0.8134397667448606
 475  543 3173 87.447338 28.688807 -0.01676863431930542 0.0022013678681105375 56 0.5709744061449894 -0.1077847253024881 0.8138615856021489
 476  541 3173 87.426548 28.684639 -0.08461561053991318 0.002843620488420129 12 0.5726998505729706 -0.1080126717328615 0.8126180799728899
 477  541 3173 87.429874 28.684222 -0.06279962509870529 0.009066635742783546 16 0.572396895345161 -0.10797260512039762 0.8128368291008568
 478  541 3172 87.426548 28.681722 -0.08677060902118683 0.008220069110393524 16 0.5726261840438345 -0.10800272540446512 0.8126713140332963
 479  541 3172 87.429874 28.681305 -0.06736553460359573 0.005570255685597658 12 0.5723233949045551 -0.10796270204871847 0.8128898982096311
 480  542 3173 87.432785 28.684222 -0.052385419607162476 0.002800772897899151 12 0.5721409628557974 -0.10793883651749914 0.8130214795401716
 481  542 3173 87.435696 28.684222 -0.043526604771614075 0.003435546765103936 16 0.5718849671846319 -0.1079049296295802 0.8132060688840608
 482  542 3172 87.432785 28.681305 -0.0567389577627182 0.0028221867978572845 9 0.5720676067472465 -0.10792897755057014 0.8130744056452437
 483  542 3172 87.435696 28.681305 -0.048143044114112854 0.003197919810190797 12 0.5718117647207751 -0.10789506155579301 0.813258852653191
 484  541 3172 87.426435 28.678804 -0.09111308306455612 0.014811570756137371 11 0.5725624438930486 -0.10799411218197671 0.8127173675868176
 485  541 3172 87.429874 28.679117 -0.06648854911327362 0.010024755261838436 8 0.5722682865089987 -0.10795524933800664 0.8129296847799466
 486  541 3172 87.426617 28.676095 -0.09571077674627304 0.009745447896420956 12 0.5724779732968587 -0.10798274573038709 0.8127783810574981
 487  541 3172 87.429874 28.675887 -0.08023473620414734 0.0052311839535832405 16 0.5721868839661517 -0.10794427463891147 0.8129884398869303
 488  542 3172 87.432889 28.678909 -0.05985579639673233 0.002175516914576292 8 0.5719982662703252 -0.10791956407528183 0.8131244376315002
 489  542 3172 87.435696 28.678804 -0.049473583698272705 0.0031351284123957157 12 0.5717490406598412 -0.1078866606897348 0.8133040654944308
 490  542 3172 87.432785 28.675887 -0.06890998035669327 0.0033804625272750854 12 0.5719313975220962 -0.10791055000233173 0.8131726690725753
 491  542 3172 87.435696 28.675887 -0.05800623446702957 0.0042281304486095905 16 0.5716758534031638 -0.10787678327544391 0.8133568209991893
 492  542 3173 87.439022 28.684222 -0.03431905061006546 0.002839866327121854 16 0.571592315706205 -0.10786625993339587 0.8134169254408217
 493  543 3173 87.442348 28.684222 -0.026623012498021126 0.0019167454447597265 16 0.5712995973143391 -0.10782757791953454 0.8136276688685561
 494  542 3172 87.439022 28.681305 -0.03738345205783844 0.00214594230055809 12 0.5715193399077078 -0.10785641673826815 0.8134695061769919
 495  543 3172 87.442348 28.681305 -0.02906966768205166 0.0018114644335582852 12 0.5712268057367668 -0.10781773341050035 0.8136800801113374
 496  543 3172 87.447338 28.682972 -0.019278323277831078 0.0031234563793987036 56 0.5708293259695045 -0.10776521176581301 0.8139659327921966
 497  542 3172 87.439022 28.678804 -0.040701091289520264 0.0029106077272444963 12 0.5714567290267443 -0.10784803368932733 0.8135146024991806
 498  543 3172 87.442348 28.678804 -0.0320381261408329 0.002962197409942746 12 0.5711643928194358 -0.10780931730686444 0.8137250072825789
 499  542 3172 87.439022 28.675887 -0.04874825477600098 0.003981755115091801 16 0.5713837549926569 -0.10783817071550181 0.8135671659225351
 500  543 3172 87.442348 28.675887 -0.03834119066596031 0.005472357384860516 16 0.571091565814262 -0.1077995085294916 0.8137774200705096
 501  543 3172 87.445675 28.678804 -0.024486364796757698 0.002097159856930375 12 0.5708719492488007 -0.10777063390013847 0.8139353217729509
 502  543 3172 87.449001 28.678804 -0.018778573721647263 0.0014179691206663847 12 0.5705794221497068 -0.10773189384869722 0.8141455410840741
 503  543 3172 87.445675 28.675887 -0.026094559580087662 0.0027076946571469307 16 0.5707993013678867 -0.10776088112398587 0.8139875613652304
 504  543 3172 87.449001 28.675887 -0.01979067362844944 0.0016705323942005634 16 0.5705069807026707 -0.10772210278969907 0.8141976010404897
 505  545 3175 87.463554 28.707978 -0.006888693664222956 0.0018661889480426908 837 0.569947533634568 -0.10764568742262838 0.8145994198888081
 506  547 3175 87.488918 28.707977 -0.004690808244049549 0.0011051538167521358 810 0.5676391248577105 -0.10733527727728673 0.8162505511070608
 507  542 3176 87.434448 28.716729 -0.017115989699959755 0.0010311108781024814 42 0.5727313830002665 -0.10801462461792143 0.8125955967117048
 508  541 3176 87.428211 28.711311 -0.022332429885864258 0.0014692350523546338 56 0.5731648676312264 -0.10807257841465633 0.8122821876097533
 509  542 3176 87.434448 28.711311 -0.017965765669941902 0.0011168880155310035 49 0.5726164489032406 -0.1080002049412949 0.8126785085001823
 510  543 3176 87.440685 28.716729 -0.014523771591484547 0.0012818792602047324 48 0.5721832539812624 -0.10794228070632252 0.8129912594236988
 511  543 3176 87.447338 28.716729 -0.011745923198759556 0.0006622966029681265 48 0.5715982835422553 -0.1078649913139025 0.8134129000085991
 512  544 3183 87.451326 28.782406 -0.010492968373000622 0.0014532776549458504 5217 0.5725016643368299 -0.1079668751079103 0.8127638022273093
 513  553 3157 87.550561 28.541367 -0.01240311935544014 0.0037453884724527597 11878 0.5583128532234878 -0.1060867975843463 0.822819755051947
 514  553 3167 87.551126 28.629559 -0.005310799460858107 0.004244457930326462 12726 0.5600470497551955 -0.10630545745012794 0.8216121054225165
 515  553 3176 87.551003 28.719151 -0.009394844062626362 0.00344059057533741 12818 0.5622892077783797 -0.1066128898761576 0.8200393518168603
 516  553 3183 87.551289 28.782163 -0.011297143995761871 0.0012499652802944183 5074 0.5636070447451855 -0.10678172667512392 0.8191121791072805
