> -Z-0.0267037320882082 
60.20957946777344 35.81332778930664 
60.31634521484375 35.81332778930664 
60.31634521484375 35.720314025878906 
60.20957946777344 35.720314025878906 
60.20957946777344 35.81332778930664 
> -Z-0.01845223270356655 
60.09555435180664 35.726200103759766 
60.20235824584961 35.726200103759766 
60.20235824584961 35.63328552246094 
60.09555435180664 35.63328552246094 
60.09555435180664 35.726200103759766 
> -Z-0.01968506909906864 
60.224212646484375 36.173397064208984 
60.331417083740234 36.173397064208984 
60.331417083740234 36.08034896850586 
60.224212646484375 36.08034896850586 
60.224212646484375 36.173397064208984 
> -Z-0.008645852096378803 
60.30891036987305 35.540283203125 
60.415218353271484 35.540283203125 
60.415218353271484 35.44720458984375 
60.30891036987305 35.44720458984375 
60.30891036987305 35.540283203125 
> -Z-0.02426621876657009 
60.21321105957031 35.90334701538086 
60.32008743286133 35.90334701538086 
60.32008743286133 35.810325622558594 
60.21321105957031 35.810325622558594 
60.21321105957031 35.90334701538086 
> -Z0.030431991443037987 
60.37295913696289 35.75252914428711 
60.38628387451172 35.75252914428711 
60.38628387451172 35.74089050292969 
60.37295913696289 35.74089050292969 
60.37295913696289 35.75252914428711 
> -Z0.04481901228427887 
60.38676071166992 35.752140045166016 
60.400081634521484 35.752140045166016 
60.400081634521484 35.740501403808594 
60.38676071166992 35.740501403808594 
60.38676071166992 35.752140045166016 
> -Z-0.025994310155510902 
60.216861724853516 35.99336624145508 
60.323848724365234 35.99336624145508 
60.323848724365234 35.900333404541016 
60.216861724853516 35.900333404541016 
60.216861724853516 35.99336624145508 
> -Z-0.01928105019032955 
60.113182067871094 36.17633819580078 
60.22053146362305 36.17633819580078 
60.22053146362305 36.08338165283203 
60.113182067871094 36.08338165283203 
60.113182067871094 36.17633819580078 
> -Z-0.007241020444780588 
60.198768615722656 35.54325866699219 
60.30521774291992 35.54325866699219 
60.30521774291992 35.45026779174805 
60.198768615722656 35.45026779174805 
60.198768615722656 35.54325866699219 
> -Z0.00047607606393285096 
60.33225631713867 35.77056121826172 
60.338924407958984 35.77056121826172 
60.338924407958984 35.76474380493164 
60.33225631713867 35.76474380493164 
60.33225631713867 35.77056121826172 
> -Z0.014520101249217987 
60.33915710449219 35.77037048339844 
60.3458251953125 35.77037048339844 
60.3458251953125 35.76455307006836 
60.33915710449219 35.76455307006836 
60.33915710449219 35.77037048339844 
> -Z0.050289154052734375 
60.40104293823242 35.763004302978516 
60.42768096923828 35.763004302978516 
60.42768096923828 35.73971939086914 
60.40104293823242 35.73971939086914 
60.40104293823242 35.763004302978516 
> -Z0.01371542364358902 
60.37248229980469 35.74127960205078 
60.385807037353516 35.74127960205078 
60.385807037353516 35.72964096069336 
60.37248229980469 35.72964096069336 
60.37248229980469 35.74127960205078 
> -Z0.026993244886398315 
60.38628387451172 35.74089050292969 
60.39960479736328 35.74089050292969 
60.39960479736328 35.729251861572266 
60.38628387451172 35.729251861572266 
60.38628387451172 35.74089050292969 
> -Z-0.01781897246837616 
60.3126220703125 35.63029861450195 
60.419036865234375 35.63029861450195 
60.419036865234375 35.537208557128906 
60.3126220703125 35.537208557128906 
60.3126220703125 35.63029861450195 
> -Z-0.02655215375125408 
60.31634521484375 35.720314025878906 
60.42286682128906 35.720314025878906 
60.42286682128906 35.62721252441406 
60.31634521484375 35.62721252441406 
60.31634521484375 35.720314025878906 
> -Z-0.022495431825518608 
60.22053146362305 36.08338165283203 
60.3276252746582 36.08338165283203 
60.3276252746582 35.99034118652344 
60.22053146362305 35.99034118652344 
60.22053146362305 36.08338165283203 
> -Z-0.018766434863209724 
60.10962677001953 36.0863151550293 
60.216861724853516 36.0863151550293 
60.216861724853516 35.99336624145508 
60.10962677001953 35.99336624145508 
60.10962677001953 36.0863151550293 
> -Z0.04919220507144928 
60.373435974121094 35.7637825012207 
60.38676071166992 35.7637825012207 
60.38676071166992 35.752140045166016 
60.373435974121094 35.752140045166016 
60.373435974121094 35.7637825012207 
> -Z0.057922299951314926 
60.387237548828125 35.76339340209961 
60.40056228637695 35.76339340209961 
60.40056228637695 35.75175094604492 
60.387237548828125 35.75175094604492 
60.387237548828125 35.76339340209961 
> -Z-0.0069310711696743965 
60.08861541748047 35.54613494873047 
60.19519805908203 35.54613494873047 
60.19519805908203 35.4532356262207 
60.08861541748047 35.4532356262207 
60.08861541748047 35.54613494873047 
> -Z-0.010859839618206024 
60.092079162597656 35.63616943359375 
60.198768615722656 35.63616943359375 
60.198768615722656 35.54325866699219 
60.092079162597656 35.54325866699219 
60.092079162597656 35.63616943359375 
> -Z-0.02098057232797146 
60.10608673095703 35.99628829956055 
60.21321105957031 35.99628829956055 
60.21321105957031 35.90334701538086 
60.10608673095703 35.90334701538086 
60.10608673095703 35.99628829956055 
> -Z-0.02484182082116604 
60.09904861450195 35.81623077392578 
60.20595932006836 35.81623077392578 
60.20595932006836 35.72330856323242 
60.09904861450195 35.72330856323242 
60.09904861450195 35.81623077392578 
> -Z-0.023256301879882812 
60.102561950683594 35.9062614440918 
60.20957946777344 35.9062614440918 
60.20957946777344 35.81332778930664 
60.102561950683594 35.81332778930664 
60.102561950683594 35.9062614440918 
> -Z-0.02927841991186142 
60.20595932006836 35.72330856323242 
60.3126220703125 35.72330856323242 
60.3126220703125 35.63029861450195 
60.20595932006836 35.63029861450195 
60.20595932006836 35.72330856323242 
> -Z0.06060190126299858 
60.401519775390625 35.774253845214844 
60.41484451293945 35.774253845214844 
60.41484451293945 35.762611389160156 
60.401519775390625 35.762611389160156 
60.401519775390625 35.774253845214844 
> -Z0.04556676372885704 
60.41532516479492 35.773860931396484 
60.42864990234375 35.773860931396484 
60.42864990234375 35.7622184753418 
60.41532516479492 35.7622184753418 
60.41532516479492 35.773860931396484 
> -Z-0.018220240250229836 
60.318214416503906 35.76531982421875 
60.34488296508789 35.76531982421875 
60.34488296508789 35.74205017089844 
60.318214416503906 35.74205017089844 
60.318214416503906 35.76531982421875 
> -Z0.013316652737557888 
60.3458251953125 35.76455307006836 
60.35915756225586 35.76455307006836 
60.35915756225586 35.7529182434082 
60.3458251953125 35.7529182434082 
60.3458251953125 35.76455307006836 
> -Z0.032947659492492676 
60.3596305847168 35.76416778564453 
60.37295913696289 35.76416778564453 
60.37295913696289 35.75252914428711 
60.3596305847168 35.75252914428711 
60.3596305847168 35.76416778564453 
> -Z0.06905468553304672 
60.347713470458984 35.8095588684082 
60.374385833740234 35.8095588684082 
60.374385833740234 35.78628158569336 
60.347713470458984 35.78628158569336 
60.347713470458984 35.8095588684082 
> -Z0.0010651926277205348 
60.31915283203125 35.78782272338867 
60.332489013671875 35.78782272338867 
60.332489013671875 35.776187896728516 
60.31915283203125 35.776187896728516 
60.31915283203125 35.78782272338867 
> -Z0.02797362394630909 
60.33296203613281 35.787437438964844 
60.34629821777344 35.787437438964844 
60.34629821777344 35.77580261230469 
60.33296203613281 35.77580261230469 
60.33296203613281 35.787437438964844 
> -Z0.03218521177768707 
60.34629821777344 35.77580261230469 
60.3596305847168 35.77580261230469 
60.3596305847168 35.76416778564453 
60.34629821777344 35.76416778564453 
60.34629821777344 35.77580261230469 
> -Z0.052250936627388 
60.360103607177734 35.77541732788086 
60.373435974121094 35.77541732788086 
60.373435974121094 35.7637825012207 
60.360103607177734 35.7637825012207 
60.360103607177734 35.77541732788086 
> -Z-0.0034790444187819958 
60.34535217285156 35.75330352783203 
60.35868453979492 35.75330352783203 
60.35868453979492 35.74166488647461 
60.34535217285156 35.74166488647461 
60.34535217285156 35.75330352783203 
> -Z0.01360856369137764 
60.35915756225586 35.7529182434082 
60.37248229980469 35.7529182434082 
60.37248229980469 35.74127960205078 
60.35915756225586 35.74127960205078 
60.35915756225586 35.7529182434082 
> -Z0.05332708731293678 
60.34676742553711 35.78705596923828 
60.360103607177734 35.78705596923828 
60.360103607177734 35.77541732788086 
60.34676742553711 35.77541732788086 
60.34676742553711 35.78705596923828 
> -Z0.06932283192873001 
60.36057662963867 35.78667068481445 
60.37390899658203 35.78667068481445 
60.37390899658203 35.77503204345703 
60.36057662963867 35.77503204345703 
60.36057662963867 35.78667068481445 
> -Z0.011742674745619297 
60.31962203979492 35.799072265625 
60.33296203613281 35.799072265625 
60.33296203613281 35.787437438964844 
60.31962203979492 35.787437438964844 
60.31962203979492 35.799072265625 
> -Z0.040741052478551865 
60.333431243896484 35.79869079589844 
60.34676742553711 35.79869079589844 
60.34676742553711 35.78705596923828 
60.333431243896484 35.78705596923828 
60.333431243896484 35.79869079589844 
> -Z-0.015568877570331097 
60.20235824584961 35.63328552246094 
60.30891036987305 35.63328552246094 
60.30891036987305 35.540283203125 
60.20235824584961 35.540283203125 
60.20235824584961 35.63328552246094 
> -Z0.016570016741752625 
60.32008743286133 35.810325622558594 
60.333431243896484 35.810325622558594 
60.333431243896484 35.79869079589844 
60.32008743286133 35.79869079589844 
60.32008743286133 35.810325622558594 
> -Z0.04316486045718193 
60.333900451660156 35.809940338134766 
60.34724044799805 35.809940338134766 
60.34724044799805 35.79830551147461 
60.333900451660156 35.79830551147461 
60.333900451660156 35.809940338134766 
> -Z-0.010998117737472057 
60.31868362426758 35.77656936645508 
60.3320198059082 35.77656936645508 
60.3320198059082 35.76493835449219 
60.31868362426758 35.76493835449219 
60.31868362426758 35.77656936645508 
> -Z0.008402698673307896 
60.332489013671875 35.776187896728516 
60.33915710449219 35.776187896728516 
60.33915710449219 35.77037048339844 
60.332489013671875 35.77037048339844 
60.332489013671875 35.776187896728516 
> -Z0.023751867935061455 
60.339393615722656 35.775997161865234 
60.34606170654297 35.775997161865234 
60.34606170654297 35.770179748535156 
60.339393615722656 35.770179748535156 
60.339393615722656 35.775997161865234 
> -Z-0.0021841770503669977 
60.37200927734375 35.73003005981445 
60.38533020019531 35.73003005981445 
60.38533020019531 35.71839141845703 
60.37200927734375 35.71839141845703 
60.37200927734375 35.73003005981445 
> -Z0.009122515097260475 
60.385807037353516 35.72964096069336 
60.39912796020508 35.72964096069336 
60.39912796020508 35.71800231933594 
60.385807037353516 35.71800231933594 
60.385807037353516 35.72964096069336 
> -Z0.0276519563049078 
60.400081634521484 35.740501403808594 
60.42671585083008 35.740501403808594 
60.42671585083008 35.71721649169922 
60.400081634521484 35.71721649169922 
60.400081634521484 35.740501403808594 
> -Z-0.02785651758313179 
60.323848724365234 35.900333404541016 
60.37724685668945 35.900333404541016 
60.37724685668945 35.85378646850586 
60.323848724365234 35.85378646850586 
60.323848724365234 35.900333404541016 
> -Z0.05265513062477112 
60.402000427246094 35.78550338745117 
60.41532516479492 35.78550338745117 
60.41532516479492 35.773860931396484 
60.402000427246094 35.773860931396484 
60.402000427246094 35.78550338745117 
> -Z0.03247050195932388 
60.415809631347656 35.78511047363281 
60.42913055419922 35.78511047363281 
60.42913055419922 35.773468017578125 
60.415809631347656 35.773468017578125 
60.415809631347656 35.78511047363281 
> -Z0.059374015778303146 
60.37533950805664 35.80878448486328 
60.388671875 35.80878448486328 
60.388671875 35.79714584350586 
60.37533950805664 35.79714584350586 
60.37533950805664 35.80878448486328 
> -Z0.03779380023479462 
60.3891487121582 35.80839538574219 
60.395816802978516 35.80839538574219 
60.395816802978516 35.802574157714844 
60.3891487121582 35.802574157714844 
60.3891487121582 35.80839538574219 
> -Z0.026113081723451614 
60.39605712890625 35.80820083618164 
60.4027214050293 35.80820083618164 
60.4027214050293 35.8023796081543 
60.39605712890625 35.8023796081543 
60.39605712890625 35.80820083618164 
> -Z0.05019903555512428 
60.388912200927734 35.80276870727539 
60.39557647705078 35.80276870727539 
60.39557647705078 35.79694747924805 
60.388912200927734 35.79694747924805 
60.388912200927734 35.80276870727539 
> -Z0.039311736822128296 
60.395816802978516 35.802574157714844 
60.40248107910156 35.802574157714844 
60.40248107910156 35.7967529296875 
60.395816802978516 35.7967529296875 
60.395816802978516 35.802574157714844 
> -Z0.07671859860420227 
60.37486267089844 35.79753494262695 
60.3881950378418 35.79753494262695 
60.3881950378418 35.785892486572266 
60.37486267089844 35.785892486572266 
60.37486267089844 35.79753494262695 
> -Z0.05899552255868912 
60.388671875 35.79714584350586 
60.402000427246094 35.79714584350586 
60.402000427246094 35.78550338745117 
60.388671875 35.78550338745117 
60.388671875 35.79714584350586 
> -Z0.01671770215034485 
60.40296173095703 35.80800247192383 
60.416290283203125 35.80800247192383 
60.416290283203125 35.79636001586914 
60.40296173095703 35.79636001586914 
60.40296173095703 35.80800247192383 
> -Z-0.0009982307674363256 
60.416770935058594 35.807613372802734 
60.43009948730469 35.807613372802734 
60.43009948730469 35.79596710205078 
60.416770935058594 35.79596710205078 
60.416770935058594 35.807613372802734 
> -Z0.038294438272714615 
60.40248107910156 35.7967529296875 
60.415809631347656 35.7967529296875 
60.415809631347656 35.78511047363281 
60.40248107910156 35.78511047363281 
60.40248107910156 35.7967529296875 
> -Z0.01794154942035675 
60.416290283203125 35.79636001586914 
60.42961502075195 35.79636001586914 
60.42961502075195 35.78471755981445 
60.416290283203125 35.78471755981445 
60.416290283203125 35.79636001586914 
> -Z-0.013949010521173477 
60.34488296508789 35.74205017089844 
60.37153244018555 35.74205017089844 
60.37153244018555 35.71877670288086 
60.34488296508789 35.71877670288086 
60.34488296508789 35.74205017089844 
> -Z-0.024711987003684044 
60.3276252746582 35.99034118652344 
60.43446731567383 35.99034118652344 
60.43446731567383 35.897216796875 
60.3276252746582 35.897216796875 
60.3276252746582 35.99034118652344 
> -Z-0.022258928045630455 
60.331417083740234 36.08034896850586 
60.43836975097656 36.08034896850586 
60.43836975097656 35.98721694946289 
60.331417083740234 35.98721694946289 
60.331417083740234 36.08034896850586 
> -Z-0.02037232555449009 
60.37724685668945 35.85378646850586 
60.40392303466797 35.85378646850586 
60.40392303466797 35.83050537109375 
60.37724685668945 35.83050537109375 
60.37724685668945 35.85378646850586 
> -Z-0.02147987112402916 
60.404884338378906 35.853004455566406 
60.43155288696289 35.853004455566406 
60.43155288696289 35.82971954345703 
60.404884338378906 35.82971954345703 
60.404884338378906 35.853004455566406 
> -Z-0.020013391971588135 
60.335227966308594 36.170352935791016 
60.44228744506836 36.170352935791016 
60.44228744506836 36.077213287353516 
60.335227966308594 36.077213287353516 
60.335227966308594 36.170352935791016 
> -Z-0.011880304664373398 
60.419036865234375 35.537208557128906 
60.525203704833984 35.537208557128906 
60.525203704833984 35.44403839111328 
60.419036865234375 35.44403839111328 
60.419036865234375 35.537208557128906 
> -Z-0.025415705516934395 
60.37915802001953 35.89878845214844 
60.43252182006836 35.89878845214844 
60.43252182006836 35.85221862792969 
60.37915802001953 35.85221862792969 
60.37915802001953 35.89878845214844 
> -Z-0.010974422097206116 
60.40392303466797 35.83050537109375 
60.43058395385742 35.83050537109375 
60.43058395385742 35.80721664428711 
60.40392303466797 35.80721664428711 
60.40392303466797 35.83050537109375 
> -Z-0.02099166437983513 
60.48582458496094 35.805625915527344 
60.5390625 35.805625915527344 
60.5390625 35.75901412963867 
60.48582458496094 35.75901412963867 
60.48582458496094 35.805625915527344 
> -Z0.010532545857131481 
60.38962936401367 35.819644927978516 
60.40296173095703 35.819644927978516 
60.40296173095703 35.80800247192383 
60.38962936401367 35.80800247192383 
60.38962936401367 35.819644927978516 
> -Z-0.017045384272933006 
60.42671585083008 35.71721649169922 
60.53309631347656 35.71721649169922 
60.53309631347656 35.624027252197266 
60.42671585083008 35.624027252197266 
60.42671585083008 35.71721649169922 
> -Z-0.00800983514636755 
60.43058395385742 35.80721664428711 
60.45722961425781 35.80721664428711 
60.45722961425781 35.78392791748047 
60.43058395385742 35.78392791748047 
60.43058395385742 35.80721664428711 
> -Z-0.01868847943842411 
60.45820617675781 35.806427001953125 
60.484840393066406 35.806427001953125 
60.484840393066406 35.78312683105469 
60.45820617675781 35.78312683105469 
60.45820617675781 35.806427001953125 
> -Z-0.0015328099252656102 
60.45625305175781 35.76142883300781 
60.48287582397461 35.76142883300781 
60.48287582397461 35.73813247680664 
60.45625305175781 35.73813247680664 
60.45625305175781 35.76142883300781 
> -Z0.019416747614741325 
60.42768096923828 35.73971939086914 
60.454307556152344 35.73971939086914 
60.454307556152344 35.716426849365234 
60.42768096923828 35.716426849365234 
60.42768096923828 35.73971939086914 
> -Z0.06856201589107513 
60.374385833740234 35.78628158569336 
60.40104293823242 35.78628158569336 
60.40104293823242 35.763004302978516 
60.374385833740234 35.763004302978516 
60.374385833740234 35.78628158569336 
> -Z-0.021191509440541267 
60.32196807861328 35.85532760620117 
60.34865951538086 35.85532760620117 
60.34865951538086 35.83205795288086 
60.32196807861328 35.83205795288086 
60.32196807861328 35.85532760620117 
> -Z-0.01955411583185196 
60.349605560302734 35.85456085205078 
60.37629318237305 35.85456085205078 
60.37629318237305 35.83128356933594 
60.349605560302734 35.83128356933594 
60.349605560302734 35.85456085205078 
> -Z-0.007488705683499575 
60.32102584838867 35.832828521728516 
60.334373474121094 35.832828521728516 
60.334373474121094 35.82119369506836 
60.32102584838867 35.82119369506836 
60.32102584838867 35.832828521728516 
> -Z4.316744161769748e-05 
60.334842681884766 35.83244323730469 
60.34818649291992 35.83244323730469 
60.34818649291992 35.82080841064453 
60.334842681884766 35.82080841064453 
60.334842681884766 35.83244323730469 
> -Z0.008005772717297077 
60.320556640625 35.82157516479492 
60.333900451660156 35.82157516479492 
60.333900451660156 35.809940338134766 
60.320556640625 35.809940338134766 
60.320556640625 35.82157516479492 
> -Z-0.003322697477415204 
60.37629318237305 35.83128356933594 
60.38962936401367 35.83128356933594 
60.38962936401367 35.819644927978516 
60.37629318237305 35.819644927978516 
60.37629318237305 35.83128356933594 
> -Z-0.008230254985392094 
60.390106201171875 35.830894470214844 
60.4034423828125 35.830894470214844 
60.4034423828125 35.81925582885742 
60.390106201171875 35.81925582885742 
60.390106201171875 35.830894470214844 
> -Z0.019158756360411644 
60.375816345214844 35.82003402709961 
60.382484436035156 35.82003402709961 
60.382484436035156 35.81421661376953 
60.375816345214844 35.81421661376953 
60.375816345214844 35.82003402709961 
> -Z0.013685854151844978 
60.382720947265625 35.81983947753906 
60.38938903808594 35.81983947753906 
60.38938903808594 35.81401824951172 
60.382720947265625 35.81401824951172 
60.382720947265625 35.81983947753906 
> -Z0.037507131695747375 
60.37557601928711 35.81440734863281 
60.38224411010742 35.81440734863281 
60.38224411010742 35.808589935302734 
60.37557601928711 35.808589935302734 
60.37557601928711 35.81440734863281 
> -Z0.030191166326403618 
60.382484436035156 35.81421661376953 
60.3891487121582 35.81421661376953 
60.3891487121582 35.80839538574219 
60.382484436035156 35.80839538574219 
60.382484436035156 35.81421661376953 
> -Z-0.02363859862089157 
60.54106140136719 35.804012298583984 
60.64740753173828 35.804012298583984 
60.64740753173828 35.710723876953125 
60.54106140136719 35.710723876953125 
60.54106140136719 35.804012298583984 
> -Z-0.017145315185189247 
60.54507064819336 35.89400100708008 
60.651519775390625 35.89400100708008 
60.651519775390625 35.80070114135742 
60.54507064819336 35.80070114135742 
60.54507064819336 35.89400100708008 
> -Z-0.015360684134066105 
60.549095153808594 35.983985900878906 
60.65565490722656 35.983985900878906 
60.65565490722656 35.890682220458984 
60.549095153808594 35.890682220458984 
60.549095153808594 35.983985900878906 
> -Z-0.018047044053673744 
60.64740753173828 35.710723876953125 
60.75350570678711 35.710723876953125 
60.75350570678711 35.61735534667969 
60.64740753173828 35.61735534667969 
60.64740753173828 35.710723876953125 
> -Z-0.0193735770881176 
60.651519775390625 35.80070114135742 
60.75772476196289 35.80070114135742 
60.75772476196289 35.70732498168945 
60.651519775390625 35.70732498168945 
60.651519775390625 35.80070114135742 
> -Z0.0241172444075346 
60.3689079284668 35.820228576660156 
60.37557601928711 35.820228576660156 
60.37557601928711 35.81440734863281 
60.3689079284668 35.81440734863281 
60.3689079284668 35.820228576660156 
> -Z0.04565376415848732 
60.36176300048828 35.814796447753906 
60.368431091308594 35.814796447753906 
60.368431091308594 35.80897903442383 
60.36176300048828 35.80897903442383 
60.36176300048828 35.814796447753906 
> -Z0.042391300201416016 
60.36867141723633 35.81460189819336 
60.37533950805664 35.81460189819336 
60.37533950805664 35.80878448486328 
60.36867141723633 35.80878448486328 
60.36867141723633 35.81460189819336 
> -Z-0.009543098509311676 
60.45722961425781 35.78392791748047 
60.483856201171875 35.78392791748047 
60.483856201171875 35.76062774658203 
60.45722961425781 35.76062774658203 
60.45722961425781 35.78392791748047 
> -Z-0.019483491778373718 
60.44228744506836 36.077213287353516 
60.549095153808594 36.077213287353516 
60.549095153808594 35.983985900878906 
60.44228744506836 35.983985900878906 
60.44228744506836 36.077213287353516 
> -Z-0.021448658779263496 
60.44622039794922 36.167205810546875 
60.553138732910156 36.167205810546875 
60.553138732910156 36.073970794677734 
60.44622039794922 36.073970794677734 
60.44622039794922 36.167205810546875 
> -Z-0.0010071367723867297 
60.45528030395508 35.73892593383789 
60.481895446777344 35.73892593383789 
60.481895446777344 35.71562957763672 
60.45528030395508 35.71562957763672 
60.45528030395508 35.73892593383789 
> -Z-0.018230324611067772 
60.42286682128906 35.62721252441406 
60.529144287109375 35.62721252441406 
60.529144287109375 35.534034729003906 
60.42286682128906 35.534034729003906 
60.42286682128906 35.62721252441406 
> -Z-0.018924826756119728 
60.483856201171875 35.76062774658203 
60.537071228027344 35.76062774658203 
60.537071228027344 35.714019775390625 
60.483856201171875 35.714019775390625 
60.483856201171875 35.76062774658203 
> -Z-0.019402699545025826 
60.43446731567383 35.897216796875 
60.54106140136719 35.897216796875 
60.54106140136719 35.804012298583984 
60.43446731567383 35.804012298583984 
60.43446731567383 35.897216796875 
> -Z0.024873070418834686 
60.334373474121094 35.82119369506836 
60.347713470458984 35.82119369506836 
60.347713470458984 35.8095588684082 
60.334373474121094 35.8095588684082 
60.334373474121094 35.82119369506836 
> -Z-0.03204392269253731 
60.31727981567383 35.74281692504883 
60.34394073486328 35.74281692504883 
60.34394073486328 35.719547271728516 
60.31727981567383 35.719547271728516 
60.31727981567383 35.74281692504883 
> -Z-0.006475289352238178 
60.749305725097656 35.527381896972656 
60.85505294799805 35.527381896972656 
60.85505294799805 35.43394470214844 
60.749305725097656 35.43394470214844 
60.749305725097656 35.527381896972656 
> -Z-0.0189670380204916 
60.43836975097656 35.98721694946289 
60.54507064819336 35.98721694946289 
60.54507064819336 35.89400100708008 
60.43836975097656 35.89400100708008 
60.43836975097656 35.98721694946289 
> -Z0.015203220769762993 
60.42961502075195 35.78471755981445 
60.442935943603516 35.78471755981445 
60.442935943603516 35.7730712890625 
60.42961502075195 35.7730712890625 
60.42961502075195 35.78471755981445 
> -Z0.0003811427450273186 
60.44342041015625 35.784324645996094 
60.45674133300781 35.784324645996094 
60.45674133300781 35.77267837524414 
60.44342041015625 35.77267837524414 
60.44342041015625 35.784324645996094 
> -Z0.02792857214808464 
60.42913055419922 35.773468017578125 
60.44245147705078 35.773468017578125 
60.44245147705078 35.76182174682617 
60.42913055419922 35.76182174682617 
60.42913055419922 35.773468017578125 
> -Z0.027333909645676613 
60.42864990234375 35.7622184753418 
60.45528030395508 35.7622184753418 
60.45528030395508 35.73892593383789 
60.42864990234375 35.73892593383789 
60.42864990234375 35.7622184753418 
> -Z0.004991847090423107 
60.34865951538086 35.83205795288086 
60.36199951171875 35.83205795288086 
60.36199951171875 35.8204231262207 
60.34865951538086 35.8204231262207 
60.34865951538086 35.83205795288086 
> -Z0.0027098958380520344 
60.36247634887695 35.83167266845703 
60.375816345214844 35.83167266845703 
60.375816345214844 35.82003402709961 
60.36247634887695 35.82003402709961 
60.36247634887695 35.83167266845703 
> -Z0.03591042384505272 
60.34818649291992 35.82080841064453 
60.36152648925781 35.82080841064453 
60.36152648925781 35.80916976928711 
60.34818649291992 35.80916976928711 
60.34818649291992 35.82080841064453 
> -Z0.028634313493967056 
60.36199951171875 35.8204231262207 
60.36867141723633 35.8204231262207 
60.36867141723633 35.81460189819336 
60.36199951171875 35.81460189819336 
60.36199951171875 35.8204231262207 
> -Z-0.021899020299315453 
60.55720138549805 36.16395568847656 
60.66397476196289 36.16395568847656 
60.66397476196289 36.07063293457031 
60.55720138549805 36.07063293457031 
60.55720138549805 36.16395568847656 
> -Z-0.016964005306363106 
60.553138732910156 36.073970794677734 
60.65980529785156 36.073970794677734 
60.65980529785156 35.980655670166016 
60.553138732910156 35.980655670166016 
60.553138732910156 36.073970794677734 
> -Z-0.010338051244616508 
60.529144287109375 35.534034729003906 
60.63517379760742 35.534034729003906 
60.63517379760742 35.440773010253906 
60.529144287109375 35.440773010253906 
60.529144287109375 35.534034729003906 
> -Z-0.015861552208662033 
60.53309631347656 35.624027252197266 
60.63923263549805 35.624027252197266 
60.63923263549805 35.530757904052734 
60.53309631347656 35.530757904052734 
60.53309631347656 35.624027252197266 
> -Z-0.020518150180578232 
60.537071228027344 35.714019775390625 
60.643310546875 35.714019775390625 
60.643310546875 35.62074279785156 
60.537071228027344 35.62074279785156 
60.537071228027344 35.714019775390625 
> -Z-0.01351469848304987 
60.65565490722656 35.890682220458984 
60.761962890625 35.890682220458984 
60.761962890625 35.79729461669922 
60.65565490722656 35.79729461669922 
60.65565490722656 35.890682220458984 
> -Z0.011457037180662155 
60.442935943603516 35.7730712890625 
60.45625305175781 35.7730712890625 
60.45625305175781 35.76142883300781 
60.442935943603516 35.76142883300781 
60.442935943603516 35.7730712890625 
> -Z-0.014003248885273933 
60.65980529785156 35.980655670166016 
60.76622009277344 35.980655670166016 
60.76622009277344 35.88726043701172 
60.65980529785156 35.88726043701172 
60.65980529785156 35.980655670166016 
> -Z-0.010254896245896816 
60.63923263549805 35.530757904052734 
60.745121002197266 35.530757904052734 
60.745121002197266 35.437408447265625 
60.63923263549805 35.437408447265625 
60.63923263549805 35.530757904052734 
> -Z-0.016936734318733215 
60.643310546875 35.62074279785156 
60.749305725097656 35.62074279785156 
60.749305725097656 35.527381896972656 
60.643310546875 35.527381896972656 
60.643310546875 35.62074279785156 
> -Z-0.014450831338763237 
60.66397476196289 36.07063293457031 
60.7704963684082 36.07063293457031 
60.7704963684082 35.97722625732422 
60.66397476196289 35.97722625732422 
60.66397476196289 36.07063293457031 
> -Z-0.01783420704305172 
60.66815948486328 36.16060256958008 
60.77478790283203 36.16060256958008 
60.77478790283203 36.06718826293945 
60.66815948486328 36.06718826293945 
60.66815948486328 36.16060256958008 
