> -Z-0.009435680549151657 
60.20957946777344 35.81332778930664 
60.31634521484375 35.81332778930664 
60.31634521484375 35.720314025878906 
60.20957946777344 35.720314025878906 
60.20957946777344 35.81332778930664 
> -Z0.0018180548567115623 
60.09555435180664 35.726200103759766 
60.20235824584961 35.726200103759766 
60.20235824584961 35.63328552246094 
60.09555435180664 35.63328552246094 
60.09555435180664 35.726200103759766 
> -Z-0.005582216253938208 
60.224212646484375 36.173397064208984 
60.331417083740234 36.173397064208984 
60.331417083740234 36.08034896850586 
60.224212646484375 36.08034896850586 
60.224212646484375 36.173397064208984 
> -Z0.007874860537187337 
60.30891036987305 35.540283203125 
60.415218353271484 35.540283203125 
60.415218353271484 35.44720458984375 
60.30891036987305 35.44720458984375 
60.30891036987305 35.540283203125 
> -Z-0.01215206261729319 
60.21321105957031 35.90334701538086 
60.32008743286133 35.90334701538086 
60.32008743286133 35.810325622558594 
60.21321105957031 35.810325622558594 
60.21321105957031 35.90334701538086 
> -Z-0.005174298929229708 
60.37295913696289 35.75252914428711 
60.38628387451172 35.75252914428711 
60.38628387451172 35.74089050292969 
60.37295913696289 35.74089050292969 
60.37295913696289 35.75252914428711 
> -Z0.0006752570341321956 
60.38676071166992 35.752140045166016 
60.400081634521484 35.752140045166016 
60.400081634521484 35.740501403808594 
60.38676071166992 35.740501403808594 
60.38676071166992 35.752140045166016 
> -Z-0.010306287566663436 
60.216861724853516 35.99336624145508 
60.323848724365234 35.99336624145508 
60.323848724365234 35.900333404541016 
60.216861724853516 35.900333404541016 
60.216861724853516 35.99336624145508 
> -Z-0.004776692112092452 
60.113182067871094 36.17633819580078 
60.22053146362305 36.17633819580078 
60.22053146362305 36.08338165283203 
60.113182067871094 36.08338165283203 
60.113182067871094 36.17633819580078 
> -Z0.010121487113844998 
60.198768615722656 35.54325866699219 
60.30521774291992 35.54325866699219 
60.30521774291992 35.45026779174805 
60.198768615722656 35.45026779174805 
60.198768615722656 35.54325866699219 
> -Z-0.022593875763676143 
60.33225631713867 35.77056121826172 
60.338924407958984 35.77056121826172 
60.338924407958984 35.76474380493164 
60.33225631713867 35.76474380493164 
60.33225631713867 35.77056121826172 
> -Z-0.01624733552656568 
60.33915710449219 35.77037048339844 
60.3458251953125 35.77037048339844 
60.3458251953125 35.76455307006836 
60.33915710449219 35.76455307006836 
60.33915710449219 35.77037048339844 
> -Z-0.0011936925341940116 
60.40104293823242 35.763004302978516 
60.42768096923828 35.763004302978516 
60.42768096923828 35.73971939086914 
60.40104293823242 35.73971939086914 
60.40104293823242 35.763004302978516 
> -Z-0.0020764335882066283 
60.37248229980469 35.74127960205078 
60.385807037353516 35.74127960205078 
60.385807037353516 35.72964096069336 
60.37248229980469 35.72964096069336 
60.37248229980469 35.74127960205078 
> -Z0.0037680965819922446 
60.38628387451172 35.74089050292969 
60.39960479736328 35.74089050292969 
60.39960479736328 35.729251861572266 
60.38628387451172 35.729251861572266 
60.38628387451172 35.74089050292969 
> -Z0.0007429487786369884 
60.3126220703125 35.63029861450195 
60.419036865234375 35.63029861450195 
60.419036865234375 35.537208557128906 
60.3126220703125 35.537208557128906 
60.3126220703125 35.63029861450195 
> -Z-0.0049044306537560645 
60.31634521484375 35.720314025878906 
60.42286682128906 35.720314025878906 
60.42286682128906 35.62721252441406 
60.31634521484375 35.62721252441406 
60.31634521484375 35.720314025878906 
> -Z-0.008059303624603428 
60.22053146362305 36.08338165283203 
60.3276252746582 36.08338165283203 
60.3276252746582 35.99034118652344 
60.22053146362305 35.99034118652344 
60.22053146362305 36.08338165283203 
> -Z-0.004091275234391227 
60.10962677001953 36.0863151550293 
60.216861724853516 36.0863151550293 
60.216861724853516 35.99336624145508 
60.10962677001953 35.99336624145508 
60.10962677001953 36.0863151550293 
> -Z-0.008282901728374988 
60.373435974121094 35.7637825012207 
60.38676071166992 35.7637825012207 
60.38676071166992 35.752140045166016 
60.373435974121094 35.752140045166016 
60.373435974121094 35.7637825012207 
> -Z-0.006475582026971016 
60.387237548828125 35.76339340209961 
60.40056228637695 35.76339340209961 
60.40056228637695 35.75175094604492 
60.387237548828125 35.75175094604492 
60.387237548828125 35.76339340209961 
> -Z0.010314252314282173 
60.08861541748047 35.54613494873047 
60.19519805908203 35.54613494873047 
60.19519805908203 35.4532356262207 
60.08861541748047 35.4532356262207 
60.08861541748047 35.54613494873047 
> -Z0.008071157277461317 
60.092079162597656 35.63616943359375 
60.198768615722656 35.63616943359375 
60.198768615722656 35.54325866699219 
60.092079162597656 35.54325866699219 
60.092079162597656 35.63616943359375 
> -Z-0.0061211604630510615 
60.10608673095703 35.99628829956055 
60.21321105957031 35.99628829956055 
60.21321105957031 35.90334701538086 
60.10608673095703 35.90334701538086 
60.10608673095703 35.99628829956055 
> -Z-0.007203947742883698 
60.09904861450195 35.81623077392578 
60.20595932006836 35.81623077392578 
60.20595932006836 35.72330856323242 
60.09904861450195 35.72330856323242 
60.09904861450195 35.81623077392578 
> -Z-0.008672533548108399 
60.102561950683594 35.9062614440918 
60.20957946777344 35.9062614440918 
60.20957946777344 35.81332778930664 
60.102561950683594 35.81332778930664 
60.102561950683594 35.9062614440918 
> -Z-0.004484851119725644 
60.20595932006836 35.72330856323242 
60.3126220703125 35.72330856323242 
60.3126220703125 35.63029861450195 
60.20595932006836 35.63029861450195 
60.20595932006836 35.72330856323242 
> -Z-0.005707564285533762 
60.401519775390625 35.774253845214844 
60.41484451293945 35.774253845214844 
60.41484451293945 35.762611389160156 
60.401519775390625 35.762611389160156 
60.401519775390625 35.774253845214844 
> -Z-0.001118189144987486 
60.41532516479492 35.773860931396484 
60.42864990234375 35.773860931396484 
60.42864990234375 35.7622184753418 
60.41532516479492 35.7622184753418 
60.41532516479492 35.773860931396484 
> -Z-0.020560703187798294 
60.318214416503906 35.76531982421875 
60.34488296508789 35.76531982421875 
60.34488296508789 35.74205017089844 
60.318214416503906 35.74205017089844 
60.318214416503906 35.76531982421875 
> -Z-0.016060321693955902 
60.3458251953125 35.76455307006836 
60.35915756225586 35.76455307006836 
60.35915756225586 35.7529182434082 
60.3458251953125 35.7529182434082 
60.3458251953125 35.76455307006836 
> -Z-0.01188107488592302 
60.3596305847168 35.76416778564453 
60.37295913696289 35.76416778564453 
60.37295913696289 35.75252914428711 
60.3596305847168 35.75252914428711 
60.3596305847168 35.76416778564453 
> -Z-0.003034867356019877 
60.347713470458984 35.8095588684082 
60.374385833740234 35.8095588684082 
60.374385833740234 35.78628158569336 
60.347713470458984 35.78628158569336 
60.347713470458984 35.8095588684082 
> -Z-0.02621520468749771 
60.31915283203125 35.78782272338867 
60.332489013671875 35.78782272338867 
60.332489013671875 35.776187896728516 
60.31915283203125 35.776187896728516 
60.31915283203125 35.78782272338867 
> -Z-0.01804255181587485 
60.33296203613281 35.787437438964844 
60.34629821777344 35.787437438964844 
60.34629821777344 35.77580261230469 
60.33296203613281 35.77580261230469 
60.33296203613281 35.787437438964844 
> -Z-0.016127209340195438 
60.34629821777344 35.77580261230469 
60.3596305847168 35.77580261230469 
60.3596305847168 35.76416778564453 
60.34629821777344 35.76416778564453 
60.34629821777344 35.77580261230469 
> -Z-0.012491850979259228 
60.360103607177734 35.77541732788086 
60.373435974121094 35.77541732788086 
60.373435974121094 35.7637825012207 
60.360103607177734 35.7637825012207 
60.360103607177734 35.77541732788086 
> -Z-0.015365813743468917 
60.34535217285156 35.75330352783203 
60.35868453979492 35.75330352783203 
60.35868453979492 35.74166488647461 
60.34535217285156 35.74166488647461 
60.34535217285156 35.75330352783203 
> -Z-0.010478884098061088 
60.35915756225586 35.7529182434082 
60.37248229980469 35.7529182434082 
60.37248229980469 35.74127960205078 
60.35915756225586 35.74127960205078 
60.35915756225586 35.7529182434082 
> -Z-0.011016605603818369 
60.34676742553711 35.78705596923828 
60.360103607177734 35.78705596923828 
60.360103607177734 35.77541732788086 
60.34676742553711 35.77541732788086 
60.34676742553711 35.78705596923828 
> -Z-0.008575010689357149 
60.36057662963867 35.78667068481445 
60.37390899658203 35.78667068481445 
60.37390899658203 35.77503204345703 
60.36057662963867 35.77503204345703 
60.36057662963867 35.78667068481445 
> -Z-0.023976815934967734 
60.31962203979492 35.799072265625 
60.33296203613281 35.799072265625 
60.33296203613281 35.787437438964844 
60.31962203979492 35.787437438964844 
60.31962203979492 35.799072265625 
> -Z-0.014007383604129252 
60.333431243896484 35.79869079589844 
60.34676742553711 35.79869079589844 
60.34676742553711 35.78705596923828 
60.333431243896484 35.78705596923828 
60.333431243896484 35.79869079589844 
> -Z0.00452125480673907 
60.20235824584961 35.63328552246094 
60.30891036987305 35.63328552246094 
60.30891036987305 35.540283203125 
60.20235824584961 35.540283203125 
60.20235824584961 35.63328552246094 
> -Z-0.020844190926892887 
60.32008743286133 35.810325622558594 
60.333431243896484 35.810325622558594 
60.333431243896484 35.79869079589844 
60.32008743286133 35.79869079589844 
60.32008743286133 35.810325622558594 
> -Z-0.010356699299620305 
60.333900451660156 35.809940338134766 
60.34724044799805 35.809940338134766 
60.34724044799805 35.79830551147461 
60.333900451660156 35.79830551147461 
60.333900451660156 35.809940338134766 
> -Z-0.026094542178889797 
60.31868362426758 35.77656936645508 
60.3320198059082 35.77656936645508 
60.3320198059082 35.76493835449219 
60.31868362426758 35.76493835449219 
60.31868362426758 35.77656936645508 
> -Z-0.022177564899714584 
60.332489013671875 35.776187896728516 
60.33915710449219 35.776187896728516 
60.33915710449219 35.77037048339844 
60.332489013671875 35.77037048339844 
60.332489013671875 35.776187896728516 
> -Z-0.015843892896857788 
60.339393615722656 35.775997161865234 
60.34606170654297 35.775997161865234 
60.34606170654297 35.770179748535156 
60.339393615722656 35.770179748535156 
60.339393615722656 35.775997161865234 
> -Z-0.002916369028991568 
60.37200927734375 35.73003005981445 
60.38533020019531 35.73003005981445 
60.38533020019531 35.71839141845703 
60.37200927734375 35.71839141845703 
60.37200927734375 35.73003005981445 
> -Z0.002815454502052596 
60.385807037353516 35.72964096069336 
60.39912796020508 35.72964096069336 
60.39912796020508 35.71800231933594 
60.385807037353516 35.71800231933594 
60.385807037353516 35.72964096069336 
> -Z0.00965841538465622 
60.400081634521484 35.740501403808594 
60.42671585083008 35.740501403808594 
60.42671585083008 35.71721649169922 
60.400081634521484 35.71721649169922 
60.400081634521484 35.740501403808594 
> -Z-0.011004152896133847 
60.323848724365234 35.900333404541016 
60.37724685668945 35.900333404541016 
60.37724685668945 35.85378646850586 
60.323848724365234 35.85378646850586 
60.323848724365234 35.900333404541016 
> -Z-0.0034427958249340293 
60.402000427246094 35.78550338745117 
60.41532516479492 35.78550338745117 
60.41532516479492 35.773860931396484 
60.402000427246094 35.773860931396484 
60.402000427246094 35.78550338745117 
> -Z-0.0005821784832513652 
60.415809631347656 35.78511047363281 
60.42913055419922 35.78511047363281 
60.42913055419922 35.773468017578125 
60.415809631347656 35.773468017578125 
60.415809631347656 35.78511047363281 
> -Z0.007050589655525193 
60.37533950805664 35.80878448486328 
60.388671875 35.80878448486328 
60.388671875 35.79714584350586 
60.37533950805664 35.79714584350586 
60.37533950805664 35.80878448486328 
> -Z0.0044277123908071925 
60.3891487121582 35.80839538574219 
60.395816802978516 35.80839538574219 
60.395816802978516 35.802574157714844 
60.3891487121582 35.802574157714844 
60.3891487121582 35.80839538574219 
> -Z0.0018368294950684913 
60.39605712890625 35.80820083618164 
60.4027214050293 35.80820083618164 
60.4027214050293 35.8023796081543 
60.39605712890625 35.8023796081543 
60.39605712890625 35.80820083618164 
> -Z0.0055258658999609925 
60.388912200927734 35.80276870727539 
60.39557647705078 35.80276870727539 
60.39557647705078 35.79694747924805 
60.388912200927734 35.79694747924805 
60.388912200927734 35.80276870727539 
> -Z0.0038001154652474306 
60.395816802978516 35.802574157714844 
60.40248107910156 35.802574157714844 
60.40248107910156 35.7967529296875 
60.395816802978516 35.7967529296875 
60.395816802978516 35.802574157714844 
> -Z0.003604152006303374 
60.37486267089844 35.79753494262695 
60.3881950378418 35.79753494262695 
60.3881950378418 35.785892486572266 
60.37486267089844 35.785892486572266 
60.37486267089844 35.79753494262695 
> -Z0.0013209657689261592 
60.388671875 35.79714584350586 
60.402000427246094 35.79714584350586 
60.402000427246094 35.78550338745117 
60.388671875 35.78550338745117 
60.388671875 35.79714584350586 
> -Z0.0010195187047319608 
60.40296173095703 35.80800247192383 
60.416290283203125 35.80800247192383 
60.416290283203125 35.79636001586914 
60.40296173095703 35.79636001586914 
60.40296173095703 35.80800247192383 
> -Z-0.0006698561357330324 
60.416770935058594 35.807613372802734 
60.43009948730469 35.807613372802734 
60.43009948730469 35.79596710205078 
60.416770935058594 35.79596710205078 
60.416770935058594 35.807613372802734 
> -Z0.0017066177318722717 
60.40248107910156 35.7967529296875 
60.415809631347656 35.7967529296875 
60.415809631347656 35.78511047363281 
60.40248107910156 35.78511047363281 
60.40248107910156 35.7967529296875 
> -Z0.002816874232168396 
60.416290283203125 35.79636001586914 
60.42961502075195 35.79636001586914 
60.42961502075195 35.78471755981445 
60.416290283203125 35.78471755981445 
60.416290283203125 35.79636001586914 
> -Z-0.010136645724182217 
60.34488296508789 35.74205017089844 
60.37153244018555 35.74205017089844 
60.37153244018555 35.71877670288086 
60.34488296508789 35.71877670288086 
60.34488296508789 35.74205017089844 
> -Z-0.011886895698824446 
60.3276252746582 35.99034118652344 
60.43446731567383 35.99034118652344 
60.43446731567383 35.897216796875 
60.3276252746582 35.897216796875 
60.3276252746582 35.99034118652344 
> -Z-0.009645363135715306 
60.331417083740234 36.08034896850586 
60.43836975097656 36.08034896850586 
60.43836975097656 35.98721694946289 
60.331417083740234 35.98721694946289 
60.331417083740234 36.08034896850586 
> -Z-0.009072028489439225 
60.37724685668945 35.85378646850586 
60.40392303466797 35.85378646850586 
60.40392303466797 35.83050537109375 
60.37724685668945 35.83050537109375 
60.37724685668945 35.85378646850586 
> -Z-0.0072362640480562596 
60.404884338378906 35.853004455566406 
60.43155288696289 35.853004455566406 
60.43155288696289 35.82971954345703 
60.404884338378906 35.82971954345703 
60.404884338378906 35.853004455566406 
> -Z-0.0071855118068744755 
60.335227966308594 36.170352935791016 
60.44228744506836 36.170352935791016 
60.44228744506836 36.077213287353516 
60.335227966308594 36.077213287353516 
60.335227966308594 36.170352935791016 
> -Z0.003541488449983664 
60.419036865234375 35.537208557128906 
60.525203704833984 35.537208557128906 
60.525203704833984 35.44403839111328 
60.419036865234375 35.44403839111328 
60.419036865234375 35.537208557128906 
> -Z-0.012635341784043188 
60.37915802001953 35.89878845214844 
60.43252182006836 35.89878845214844 
60.43252182006836 35.85221862792969 
60.37915802001953 35.85221862792969 
60.37915802001953 35.89878845214844 
> -Z-0.001344147204643379 
60.40392303466797 35.83050537109375 
60.43058395385742 35.83050537109375 
60.43058395385742 35.80721664428711 
60.40392303466797 35.80721664428711 
60.40392303466797 35.83050537109375 
> -Z0.0033488076071119255 
60.48582458496094 35.805625915527344 
60.5390625 35.805625915527344 
60.5390625 35.75901412963867 
60.48582458496094 35.75901412963867 
60.48582458496094 35.805625915527344 
> -Z-0.002206802001869436 
60.38962936401367 35.819644927978516 
60.40296173095703 35.819644927978516 
60.40296173095703 35.80800247192383 
60.38962936401367 35.80800247192383 
60.38962936401367 35.819644927978516 
> -Z-0.00027336422129587215 
60.42671585083008 35.71721649169922 
60.53309631347656 35.71721649169922 
60.53309631347656 35.624027252197266 
60.42671585083008 35.624027252197266 
60.42671585083008 35.71721649169922 
> -Z0.004890506130736216 
60.43058395385742 35.80721664428711 
60.45722961425781 35.80721664428711 
60.45722961425781 35.78392791748047 
60.43058395385742 35.78392791748047 
60.43058395385742 35.80721664428711 
> -Z0.003983040158838505 
60.45820617675781 35.806427001953125 
60.484840393066406 35.806427001953125 
60.484840393066406 35.78312683105469 
60.45820617675781 35.78312683105469 
60.45820617675781 35.806427001953125 
> -Z0.013833066950134965 
60.45625305175781 35.76142883300781 
60.48287582397461 35.76142883300781 
60.48287582397461 35.73813247680664 
60.45625305175781 35.73813247680664 
60.45625305175781 35.76142883300781 
> -Z0.0134276823956091 
60.42768096923828 35.73971939086914 
60.454307556152344 35.73971939086914 
60.454307556152344 35.716426849365234 
60.42768096923828 35.716426849365234 
60.42768096923828 35.73971939086914 
> -Z-0.011523546822186786 
60.374385833740234 35.78628158569336 
60.40104293823242 35.78628158569336 
60.40104293823242 35.763004302978516 
60.374385833740234 35.763004302978516 
60.374385833740234 35.78628158569336 
> -Z-0.020121442827970865 
60.32196807861328 35.85532760620117 
60.34865951538086 35.85532760620117 
60.34865951538086 35.83205795288086 
60.32196807861328 35.83205795288086 
60.32196807861328 35.85532760620117 
> -Z-0.015150241638335844 
60.349605560302734 35.85456085205078 
60.37629318237305 35.85456085205078 
60.37629318237305 35.83128356933594 
60.349605560302734 35.83128356933594 
60.349605560302734 35.85456085205078 
> -Z-0.025003781234137164 
60.32102584838867 35.832828521728516 
60.334373474121094 35.832828521728516 
60.334373474121094 35.82119369506836 
60.32102584838867 35.82119369506836 
60.32102584838867 35.832828521728516 
> -Z-0.0226677657816518 
60.334842681884766 35.83244323730469 
60.34818649291992 35.83244323730469 
60.34818649291992 35.82080841064453 
60.334842681884766 35.82080841064453 
60.334842681884766 35.83244323730469 
> -Z-0.022174882460884768 
60.320556640625 35.82157516479492 
60.333900451660156 35.82157516479492 
60.333900451660156 35.809940338134766 
60.320556640625 35.809940338134766 
60.320556640625 35.82157516479492 
> -Z-0.010813925549891943 
60.37629318237305 35.83128356933594 
60.38962936401367 35.83128356933594 
60.38962936401367 35.819644927978516 
60.37629318237305 35.819644927978516 
60.37629318237305 35.83128356933594 
> -Z-0.005992111835847778 
60.390106201171875 35.830894470214844 
60.4034423828125 35.830894470214844 
60.4034423828125 35.81925582885742 
60.390106201171875 35.81925582885742 
60.390106201171875 35.830894470214844 
> -Z-0.006265165240580024 
60.375816345214844 35.82003402709961 
60.382484436035156 35.82003402709961 
60.382484436035156 35.81421661376953 
60.375816345214844 35.81421661376953 
60.375816345214844 35.82003402709961 
> -Z-0.005150094444191018 
60.382720947265625 35.81983947753906 
60.38938903808594 35.81983947753906 
60.38938903808594 35.81401824951172 
60.382720947265625 35.81401824951172 
60.382720947265625 35.81983947753906 
> -Z-9.779327372283486e-06 
60.37557601928711 35.81440734863281 
60.38224411010742 35.81440734863281 
60.38224411010742 35.808589935302734 
60.37557601928711 35.808589935302734 
60.37557601928711 35.81440734863281 
> -Z0.0005930423868691984 
60.382484436035156 35.81421661376953 
60.3891487121582 35.81421661376953 
60.3891487121582 35.80839538574219 
60.382484436035156 35.80839538574219 
60.382484436035156 35.81421661376953 
> -Z-0.004117286663253408 
60.54106140136719 35.804012298583984 
60.64740753173828 35.804012298583984 
60.64740753173828 35.710723876953125 
60.54106140136719 35.710723876953125 
60.54106140136719 35.804012298583984 
> -Z-0.005626228748990658 
60.54507064819336 35.89400100708008 
60.651519775390625 35.89400100708008 
60.651519775390625 35.80070114135742 
60.54507064819336 35.80070114135742 
60.54507064819336 35.89400100708008 
> -Z-0.006233251353174877 
60.549095153808594 35.983985900878906 
60.65565490722656 35.983985900878906 
60.65565490722656 35.890682220458984 
60.549095153808594 35.890682220458984 
60.549095153808594 35.983985900878906 
> -Z-0.0015061007796002904 
60.64740753173828 35.710723876953125 
60.75350570678711 35.710723876953125 
60.75350570678711 35.61735534667969 
60.64740753173828 35.61735534667969 
60.64740753173828 35.710723876953125 
> -Z-0.0033154440708431654 
60.651519775390625 35.80070114135742 
60.75772476196289 35.80070114135742 
60.75772476196289 35.70732498168945 
60.651519775390625 35.70732498168945 
60.651519775390625 35.80070114135742 
> -Z-0.006837868670784265 
60.3689079284668 35.820228576660156 
60.37557601928711 35.820228576660156 
60.37557601928711 35.81440734863281 
60.3689079284668 35.81440734863281 
60.3689079284668 35.820228576660156 
> -Z-0.002754594388005245 
60.36176300048828 35.814796447753906 
60.368431091308594 35.814796447753906 
60.368431091308594 35.80897903442383 
60.36176300048828 35.80897903442383 
60.36176300048828 35.814796447753906 
> -Z-0.001386236228172355 
60.36867141723633 35.81460189819336 
60.37533950805664 35.81460189819336 
60.37533950805664 35.80878448486328 
60.36867141723633 35.80878448486328 
60.36867141723633 35.81460189819336 
> -Z0.011926311454805088 
60.45722961425781 35.78392791748047 
60.483856201171875 35.78392791748047 
60.483856201171875 35.76062774658203 
60.45722961425781 35.76062774658203 
60.45722961425781 35.78392791748047 
> -Z-0.009008150927628729 
60.44228744506836 36.077213287353516 
60.549095153808594 36.077213287353516 
60.549095153808594 35.983985900878906 
60.44228744506836 35.983985900878906 
60.44228744506836 36.077213287353516 
> -Z-0.009924850724199668 
60.44622039794922 36.167205810546875 
60.553138732910156 36.167205810546875 
60.553138732910156 36.073970794677734 
60.44622039794922 36.073970794677734 
60.44622039794922 36.167205810546875 
> -Z0.0120394746909058 
60.45528030395508 35.73892593383789 
60.481895446777344 35.73892593383789 
60.481895446777344 35.71562957763672 
60.45528030395508 35.71562957763672 
60.45528030395508 35.73892593383789 
> -Z-0.00225350337486082 
60.42286682128906 35.62721252441406 
60.529144287109375 35.62721252441406 
60.529144287109375 35.534034729003906 
60.42286682128906 35.534034729003906 
60.42286682128906 35.62721252441406 
> -Z0.006654184947910334 
60.483856201171875 35.76062774658203 
60.537071228027344 35.76062774658203 
60.537071228027344 35.714019775390625 
60.483856201171875 35.714019775390625 
60.483856201171875 35.76062774658203 
> -Z-0.010491689180321995 
60.43446731567383 35.897216796875 
60.54106140136719 35.897216796875 
60.54106140136719 35.804012298583984 
60.43446731567383 35.804012298583984 
60.43446731567383 35.897216796875 
> -Z-0.016103991005946165 
60.334373474121094 35.82119369506836 
60.347713470458984 35.82119369506836 
60.347713470458984 35.8095588684082 
60.334373474121094 35.8095588684082 
60.334373474121094 35.82119369506836 
> -Z-0.016205164629066925 
60.31727981567383 35.74281692504883 
60.34394073486328 35.74281692504883 
60.34394073486328 35.719547271728516 
60.31727981567383 35.719547271728516 
60.31727981567383 35.74281692504883 
> -Z0.008549427954227518 
60.749305725097656 35.527381896972656 
60.85505294799805 35.527381896972656 
60.85505294799805 35.43394470214844 
60.749305725097656 35.43394470214844 
60.749305725097656 35.527381896972656 
> -Z-0.011561926034643514 
60.43836975097656 35.98721694946289 
60.54507064819336 35.98721694946289 
60.54507064819336 35.89400100708008 
60.43836975097656 35.89400100708008 
60.43836975097656 35.98721694946289 
> -Z0.00510408120122384 
60.42961502075195 35.78471755981445 
60.442935943603516 35.78471755981445 
60.442935943603516 35.7730712890625 
60.42961502075195 35.7730712890625 
60.42961502075195 35.78471755981445 
> -Z0.008139440418081583 
60.44342041015625 35.784324645996094 
60.45674133300781 35.784324645996094 
60.45674133300781 35.77267837524414 
60.44342041015625 35.77267837524414 
60.44342041015625 35.784324645996094 
> -Z0.0055497926982232965 
60.42913055419922 35.773468017578125 
60.44245147705078 35.773468017578125 
60.44245147705078 35.76182174682617 
60.42913055419922 35.76182174682617 
60.42913055419922 35.773468017578125 
> -Z0.009750116531989268 
60.42864990234375 35.7622184753418 
60.45528030395508 35.7622184753418 
60.45528030395508 35.73892593383789 
60.42864990234375 35.73892593383789 
60.42864990234375 35.7622184753418 
> -Z-0.01757598347754901 
60.34865951538086 35.83205795288086 
60.36199951171875 35.83205795288086 
60.36199951171875 35.8204231262207 
60.34865951538086 35.8204231262207 
60.34865951538086 35.83205795288086 
> -Z-0.013953525814589567 
60.36247634887695 35.83167266845703 
60.375816345214844 35.83167266845703 
60.375816345214844 35.82003402709961 
60.36247634887695 35.82003402709961 
60.36247634887695 35.83167266845703 
> -Z-0.009208280191726495 
60.34818649291992 35.82080841064453 
60.36152648925781 35.82080841064453 
60.36152648925781 35.80916976928711 
60.34818649291992 35.80916976928711 
60.34818649291992 35.82080841064453 
> -Z-0.007557568682397174 
60.36199951171875 35.8204231262207 
60.36867141723633 35.8204231262207 
60.36867141723633 35.81460189819336 
60.36199951171875 35.81460189819336 
60.36199951171875 35.8204231262207 
> -Z-0.010545846730171362 
60.55720138549805 36.16395568847656 
60.66397476196289 36.16395568847656 
60.66397476196289 36.07063293457031 
60.55720138549805 36.07063293457031 
60.55720138549805 36.16395568847656 
> -Z-0.006472239237855188 
60.553138732910156 36.073970794677734 
60.65980529785156 36.073970794677734 
60.65980529785156 35.980655670166016 
60.553138732910156 35.980655670166016 
60.553138732910156 36.073970794677734 
> -Z0.004756652026590966 
60.529144287109375 35.534034729003906 
60.63517379760742 35.534034729003906 
60.63517379760742 35.440773010253906 
60.529144287109375 35.440773010253906 
60.529144287109375 35.534034729003906 
> -Z-5.556121429328362e-05 
60.53309631347656 35.624027252197266 
60.63923263549805 35.624027252197266 
60.63923263549805 35.530757904052734 
60.53309631347656 35.530757904052734 
60.53309631347656 35.624027252197266 
> -Z-0.0022452158395426733 
60.537071228027344 35.714019775390625 
60.643310546875 35.714019775390625 
60.643310546875 35.62074279785156 
60.537071228027344 35.62074279785156 
60.537071228027344 35.714019775390625 
> -Z-0.00026349045484575125 
60.65565490722656 35.890682220458984 
60.761962890625 35.890682220458984 
60.761962890625 35.79729461669922 
60.65565490722656 35.79729461669922 
60.65565490722656 35.890682220458984 
> -Z0.010909132614226517 
60.442935943603516 35.7730712890625 
60.45625305175781 35.7730712890625 
60.45625305175781 35.76142883300781 
60.442935943603516 35.76142883300781 
60.442935943603516 35.7730712890625 
> -Z-0.0025468274427093984 
60.65980529785156 35.980655670166016 
60.76622009277344 35.980655670166016 
60.76622009277344 35.88726043701172 
60.65980529785156 35.88726043701172 
60.65980529785156 35.980655670166016 
> -Z0.004831526673571023 
60.63923263549805 35.530757904052734 
60.745121002197266 35.530757904052734 
60.745121002197266 35.437408447265625 
60.63923263549805 35.437408447265625 
60.63923263549805 35.530757904052734 
> -Z-0.0012824490262694638 
60.643310546875 35.62074279785156 
60.749305725097656 35.62074279785156 
60.749305725097656 35.527381896972656 
60.643310546875 35.527381896972656 
60.643310546875 35.62074279785156 
> -Z-0.0029544059144368494 
60.66397476196289 36.07063293457031 
60.7704963684082 36.07063293457031 
60.7704963684082 35.97722625732422 
60.66397476196289 35.97722625732422 
60.66397476196289 36.07063293457031 
> -Z-0.005955226434893258 
60.66815948486328 36.16060256958008 
60.77478790283203 36.16060256958008 
60.77478790283203 36.06718826293945 
60.66815948486328 36.06718826293945 
60.66815948486328 36.16060256958008 
