> -Z-0.017268051539056542 
60.20957946777344 35.81332778930664 
60.31634521484375 35.81332778930664 
60.31634521484375 35.720314025878906 
60.20957946777344 35.720314025878906 
60.20957946777344 35.81332778930664 
> -Z-0.020270287560278114 
60.09555435180664 35.726200103759766 
60.20235824584961 35.726200103759766 
60.20235824584961 35.63328552246094 
60.09555435180664 35.63328552246094 
60.09555435180664 35.726200103759766 
> -Z-0.014102852845130433 
60.224212646484375 36.173397064208984 
60.331417083740234 36.173397064208984 
60.331417083740234 36.08034896850586 
60.224212646484375 36.08034896850586 
60.224212646484375 36.173397064208984 
> -Z-0.01652071263356614 
60.30891036987305 35.540283203125 
60.415218353271484 35.540283203125 
60.415218353271484 35.44720458984375 
60.30891036987305 35.44720458984375 
60.30891036987305 35.540283203125 
> -Z-0.0121141561492769 
60.21321105957031 35.90334701538086 
60.32008743286133 35.90334701538086 
60.32008743286133 35.810325622558594 
60.21321105957031 35.810325622558594 
60.21321105957031 35.90334701538086 
> -Z0.035606290372267695 
60.37295913696289 35.75252914428711 
60.38628387451172 35.75252914428711 
60.38628387451172 35.74089050292969 
60.37295913696289 35.74089050292969 
60.37295913696289 35.75252914428711 
> -Z0.044143755250146674 
60.38676071166992 35.752140045166016 
60.400081634521484 35.752140045166016 
60.400081634521484 35.740501403808594 
60.38676071166992 35.740501403808594 
60.38676071166992 35.752140045166016 
> -Z-0.015688022588847467 
60.216861724853516 35.99336624145508 
60.323848724365234 35.99336624145508 
60.323848724365234 35.900333404541016 
60.216861724853516 35.900333404541016 
60.216861724853516 35.99336624145508 
> -Z-0.0145043580782371 
60.113182067871094 36.17633819580078 
60.22053146362305 36.17633819580078 
60.22053146362305 36.08338165283203 
60.113182067871094 36.08338165283203 
60.113182067871094 36.17633819580078 
> -Z-0.017362507558625586 
60.198768615722656 35.54325866699219 
60.30521774291992 35.54325866699219 
60.30521774291992 35.45026779174805 
60.198768615722656 35.45026779174805 
60.198768615722656 35.54325866699219 
> -Z0.023069951827608993 
60.33225631713867 35.77056121826172 
60.338924407958984 35.77056121826172 
60.338924407958984 35.76474380493164 
60.33225631713867 35.76474380493164 
60.33225631713867 35.77056121826172 
> -Z0.03076743677578367 
60.33915710449219 35.77037048339844 
60.3458251953125 35.77037048339844 
60.3458251953125 35.76455307006836 
60.33915710449219 35.76455307006836 
60.33915710449219 35.77037048339844 
> -Z0.05148284658692839 
60.40104293823242 35.763004302978516 
60.42768096923828 35.763004302978516 
60.42768096923828 35.73971939086914 
60.40104293823242 35.73971939086914 
60.40104293823242 35.763004302978516 
> -Z0.015791857231795648 
60.37248229980469 35.74127960205078 
60.385807037353516 35.74127960205078 
60.385807037353516 35.72964096069336 
60.37248229980469 35.72964096069336 
60.37248229980469 35.74127960205078 
> -Z0.02322514830440607 
60.38628387451172 35.74089050292969 
60.39960479736328 35.74089050292969 
60.39960479736328 35.729251861572266 
60.38628387451172 35.729251861572266 
60.38628387451172 35.74089050292969 
> -Z-0.018561921247013148 
60.3126220703125 35.63029861450195 
60.419036865234375 35.63029861450195 
60.419036865234375 35.537208557128906 
60.3126220703125 35.537208557128906 
60.3126220703125 35.63029861450195 
> -Z-0.021647723097498017 
60.31634521484375 35.720314025878906 
60.42286682128906 35.720314025878906 
60.42286682128906 35.62721252441406 
60.31634521484375 35.62721252441406 
60.31634521484375 35.720314025878906 
> -Z-0.01443612820091518 
60.22053146362305 36.08338165283203 
60.3276252746582 36.08338165283203 
60.3276252746582 35.99034118652344 
60.22053146362305 35.99034118652344 
60.22053146362305 36.08338165283203 
> -Z-0.014675159628818497 
60.10962677001953 36.0863151550293 
60.216861724853516 36.0863151550293 
60.216861724853516 35.99336624145508 
60.10962677001953 35.99336624145508 
60.10962677001953 36.0863151550293 
> -Z0.05747510679982427 
60.373435974121094 35.7637825012207 
60.38676071166992 35.7637825012207 
60.38676071166992 35.752140045166016 
60.373435974121094 35.752140045166016 
60.373435974121094 35.7637825012207 
> -Z0.06439788197828594 
60.387237548828125 35.76339340209961 
60.40056228637695 35.76339340209961 
60.40056228637695 35.75175094604492 
60.387237548828125 35.75175094604492 
60.387237548828125 35.76339340209961 
> -Z-0.01724532348395657 
60.08861541748047 35.54613494873047 
60.19519805908203 35.54613494873047 
60.19519805908203 35.4532356262207 
60.08861541748047 35.4532356262207 
60.08861541748047 35.54613494873047 
> -Z-0.01893099689566734 
60.092079162597656 35.63616943359375 
60.198768615722656 35.63616943359375 
60.198768615722656 35.54325866699219 
60.092079162597656 35.54325866699219 
60.092079162597656 35.63616943359375 
> -Z-0.014859411864920397 
60.10608673095703 35.99628829956055 
60.21321105957031 35.99628829956055 
60.21321105957031 35.90334701538086 
60.10608673095703 35.90334701538086 
60.10608673095703 35.99628829956055 
> -Z-0.01763787307828234 
60.09904861450195 35.81623077392578 
60.20595932006836 35.81623077392578 
60.20595932006836 35.72330856323242 
60.09904861450195 35.72330856323242 
60.09904861450195 35.81623077392578 
> -Z-0.014583768331774414 
60.102561950683594 35.9062614440918 
60.20957946777344 35.9062614440918 
60.20957946777344 35.81332778930664 
60.102561950683594 35.81332778930664 
60.102561950683594 35.9062614440918 
> -Z-0.024793568792135776 
60.20595932006836 35.72330856323242 
60.3126220703125 35.72330856323242 
60.3126220703125 35.63029861450195 
60.20595932006836 35.63029861450195 
60.20595932006836 35.72330856323242 
> -Z0.06630946554853234 
60.401519775390625 35.774253845214844 
60.41484451293945 35.774253845214844 
60.41484451293945 35.762611389160156 
60.401519775390625 35.762611389160156 
60.401519775390625 35.774253845214844 
> -Z0.046684952873844526 
60.41532516479492 35.773860931396484 
60.42864990234375 35.773860931396484 
60.42864990234375 35.7622184753418 
60.41532516479492 35.7622184753418 
60.41532516479492 35.773860931396484 
> -Z0.0023404629375684584 
60.318214416503906 35.76531982421875 
60.34488296508789 35.76531982421875 
60.34488296508789 35.74205017089844 
60.318214416503906 35.74205017089844 
60.318214416503906 35.76531982421875 
> -Z0.02937697443151379 
60.3458251953125 35.76455307006836 
60.35915756225586 35.76455307006836 
60.35915756225586 35.7529182434082 
60.3458251953125 35.7529182434082 
60.3458251953125 35.76455307006836 
> -Z0.0448287343784157 
60.3596305847168 35.76416778564453 
60.37295913696289 35.76416778564453 
60.37295913696289 35.75252914428711 
60.3596305847168 35.75252914428711 
60.3596305847168 35.76416778564453 
> -Z0.0720895528890666 
60.347713470458984 35.8095588684082 
60.374385833740234 35.8095588684082 
60.374385833740234 35.78628158569336 
60.347713470458984 35.78628158569336 
60.347713470458984 35.8095588684082 
> -Z0.027280397315218245 
60.31915283203125 35.78782272338867 
60.332489013671875 35.78782272338867 
60.332489013671875 35.776187896728516 
60.31915283203125 35.776187896728516 
60.31915283203125 35.78782272338867 
> -Z0.04601617576218394 
60.33296203613281 35.787437438964844 
60.34629821777344 35.787437438964844 
60.34629821777344 35.77580261230469 
60.33296203613281 35.77580261230469 
60.33296203613281 35.787437438964844 
> -Z0.04831242111788251 
60.34629821777344 35.77580261230469 
60.3596305847168 35.77580261230469 
60.3596305847168 35.76416778564453 
60.34629821777344 35.76416778564453 
60.34629821777344 35.77580261230469 
> -Z0.06474278760664723 
60.360103607177734 35.77541732788086 
60.373435974121094 35.77541732788086 
60.373435974121094 35.7637825012207 
60.360103607177734 35.7637825012207 
60.360103607177734 35.77541732788086 
> -Z0.011886769324686922 
60.34535217285156 35.75330352783203 
60.35868453979492 35.75330352783203 
60.35868453979492 35.74166488647461 
60.34535217285156 35.74166488647461 
60.34535217285156 35.75330352783203 
> -Z0.024087447789438728 
60.35915756225586 35.7529182434082 
60.37248229980469 35.7529182434082 
60.37248229980469 35.74127960205078 
60.35915756225586 35.74127960205078 
60.35915756225586 35.7529182434082 
> -Z0.06434369291675515 
60.34676742553711 35.78705596923828 
60.360103607177734 35.78705596923828 
60.360103607177734 35.77541732788086 
60.34676742553711 35.77541732788086 
60.34676742553711 35.78705596923828 
> -Z0.07789784261808716 
60.36057662963867 35.78667068481445 
60.37390899658203 35.78667068481445 
60.37390899658203 35.77503204345703 
60.36057662963867 35.77503204345703 
60.36057662963867 35.78667068481445 
> -Z0.03571949068058703 
60.31962203979492 35.799072265625 
60.33296203613281 35.799072265625 
60.33296203613281 35.787437438964844 
60.31962203979492 35.787437438964844 
60.31962203979492 35.799072265625 
> -Z0.054748436082681116 
60.333431243896484 35.79869079589844 
60.34676742553711 35.79869079589844 
60.34676742553711 35.78705596923828 
60.333431243896484 35.78705596923828 
60.333431243896484 35.79869079589844 
> -Z-0.020090132377070167 
60.20235824584961 35.63328552246094 
60.30891036987305 35.63328552246094 
60.30891036987305 35.540283203125 
60.20235824584961 35.540283203125 
60.20235824584961 35.63328552246094 
> -Z0.03741420766864551 
60.32008743286133 35.810325622558594 
60.333431243896484 35.810325622558594 
60.333431243896484 35.79869079589844 
60.32008743286133 35.79869079589844 
60.32008743286133 35.810325622558594 
> -Z0.053521559756802235 
60.333900451660156 35.809940338134766 
60.34724044799805 35.809940338134766 
60.34724044799805 35.79830551147461 
60.333900451660156 35.79830551147461 
60.333900451660156 35.809940338134766 
> -Z0.01509642444141774 
60.31868362426758 35.77656936645508 
60.3320198059082 35.77656936645508 
60.3320198059082 35.76493835449219 
60.31868362426758 35.76493835449219 
60.31868362426758 35.77656936645508 
> -Z0.03058026357302248 
60.332489013671875 35.776187896728516 
60.33915710449219 35.776187896728516 
60.33915710449219 35.77037048339844 
60.332489013671875 35.77037048339844 
60.332489013671875 35.776187896728516 
> -Z0.03959576083191924 
60.339393615722656 35.775997161865234 
60.34606170654297 35.775997161865234 
60.34606170654297 35.770179748535156 
60.339393615722656 35.770179748535156 
60.339393615722656 35.775997161865234 
> -Z0.0007321919786245704 
60.37200927734375 35.73003005981445 
60.38533020019531 35.73003005981445 
60.38533020019531 35.71839141845703 
60.37200927734375 35.71839141845703 
60.37200927734375 35.73003005981445 
> -Z0.006307060595207879 
60.385807037353516 35.72964096069336 
60.39912796020508 35.72964096069336 
60.39912796020508 35.71800231933594 
60.385807037353516 35.71800231933594 
60.385807037353516 35.72964096069336 
> -Z0.01799354092025158 
60.400081634521484 35.740501403808594 
60.42671585083008 35.740501403808594 
60.42671585083008 35.71721649169922 
60.400081634521484 35.71721649169922 
60.400081634521484 35.740501403808594 
> -Z-0.016852364686997943 
60.323848724365234 35.900333404541016 
60.37724685668945 35.900333404541016 
60.37724685668945 35.85378646850586 
60.323848724365234 35.85378646850586 
60.323848724365234 35.900333404541016 
> -Z0.05609792644970515 
60.402000427246094 35.78550338745117 
60.41532516479492 35.78550338745117 
60.41532516479492 35.773860931396484 
60.402000427246094 35.773860931396484 
60.402000427246094 35.78550338745117 
> -Z0.03305268044257525 
60.415809631347656 35.78511047363281 
60.42913055419922 35.78511047363281 
60.42913055419922 35.773468017578125 
60.415809631347656 35.773468017578125 
60.415809631347656 35.78511047363281 
> -Z0.052323426122777954 
60.37533950805664 35.80878448486328 
60.388671875 35.80878448486328 
60.388671875 35.79714584350586 
60.37533950805664 35.79714584350586 
60.37533950805664 35.80878448486328 
> -Z0.033366087843987424 
60.3891487121582 35.80839538574219 
60.395816802978516 35.80839538574219 
60.395816802978516 35.802574157714844 
60.3891487121582 35.802574157714844 
60.3891487121582 35.80839538574219 
> -Z0.024276252228383123 
60.39605712890625 35.80820083618164 
60.4027214050293 35.80820083618164 
60.4027214050293 35.8023796081543 
60.39605712890625 35.8023796081543 
60.39605712890625 35.80820083618164 
> -Z0.04467316965516329 
60.388912200927734 35.80276870727539 
60.39557647705078 35.80276870727539 
60.39557647705078 35.79694747924805 
60.388912200927734 35.79694747924805 
60.388912200927734 35.80276870727539 
> -Z0.035511621356880865 
60.395816802978516 35.802574157714844 
60.40248107910156 35.802574157714844 
60.40248107910156 35.7967529296875 
60.395816802978516 35.7967529296875 
60.395816802978516 35.802574157714844 
> -Z0.0731144465978989 
60.37486267089844 35.79753494262695 
60.3881950378418 35.79753494262695 
60.3881950378418 35.785892486572266 
60.37486267089844 35.785892486572266 
60.37486267089844 35.79753494262695 
> -Z0.05767455678976296 
60.388671875 35.79714584350586 
60.402000427246094 35.79714584350586 
60.402000427246094 35.78550338745117 
60.388671875 35.78550338745117 
60.388671875 35.79714584350586 
> -Z0.015698183445612888 
60.40296173095703 35.80800247192383 
60.416290283203125 35.80800247192383 
60.416290283203125 35.79636001586914 
60.40296173095703 35.79636001586914 
60.40296173095703 35.80800247192383 
> -Z-0.0003283746317032932 
60.416770935058594 35.807613372802734 
60.43009948730469 35.807613372802734 
60.43009948730469 35.79596710205078 
60.416770935058594 35.79596710205078 
60.416770935058594 35.807613372802734 
> -Z0.03658782054084234 
60.40248107910156 35.7967529296875 
60.415809631347656 35.7967529296875 
60.415809631347656 35.78511047363281 
60.40248107910156 35.78511047363281 
60.40248107910156 35.7967529296875 
> -Z0.015124675188188354 
60.416290283203125 35.79636001586914 
60.42961502075195 35.79636001586914 
60.42961502075195 35.78471755981445 
60.416290283203125 35.78471755981445 
60.416290283203125 35.79636001586914 
> -Z-0.00381236479699126 
60.34488296508789 35.74205017089844 
60.37153244018555 35.74205017089844 
60.37153244018555 35.71877670288086 
60.34488296508789 35.71877670288086 
60.34488296508789 35.74205017089844 
> -Z-0.012825091304859598 
60.3276252746582 35.99034118652344 
60.43446731567383 35.99034118652344 
60.43446731567383 35.897216796875 
60.3276252746582 35.897216796875 
60.3276252746582 35.99034118652344 
> -Z-0.01261356490991515 
60.331417083740234 36.08034896850586 
60.43836975097656 36.08034896850586 
60.43836975097656 35.98721694946289 
60.331417083740234 35.98721694946289 
60.331417083740234 36.08034896850586 
> -Z-0.011300297065050865 
60.37724685668945 35.85378646850586 
60.40392303466797 35.85378646850586 
60.40392303466797 35.83050537109375 
60.37724685668945 35.83050537109375 
60.37724685668945 35.85378646850586 
> -Z-0.0142436070759729 
60.404884338378906 35.853004455566406 
60.43155288696289 35.853004455566406 
60.43155288696289 35.82971954345703 
60.404884338378906 35.82971954345703 
60.404884338378906 35.853004455566406 
> -Z-0.01282788016471366 
60.335227966308594 36.170352935791016 
60.44228744506836 36.170352935791016 
60.44228744506836 36.077213287353516 
60.335227966308594 36.077213287353516 
60.335227966308594 36.170352935791016 
> -Z-0.015421793114357062 
60.419036865234375 35.537208557128906 
60.525203704833984 35.537208557128906 
60.525203704833984 35.44403839111328 
60.419036865234375 35.44403839111328 
60.419036865234375 35.537208557128906 
> -Z-0.012780363732891207 
60.37915802001953 35.89878845214844 
60.43252182006836 35.89878845214844 
60.43252182006836 35.85221862792969 
60.37915802001953 35.85221862792969 
60.37915802001953 35.89878845214844 
> -Z-0.009630274892562737 
60.40392303466797 35.83050537109375 
60.43058395385742 35.83050537109375 
60.43058395385742 35.80721664428711 
60.40392303466797 35.80721664428711 
60.40392303466797 35.83050537109375 
> -Z-0.024340471986947054 
60.48582458496094 35.805625915527344 
60.5390625 35.805625915527344 
60.5390625 35.75901412963867 
60.48582458496094 35.75901412963867 
60.48582458496094 35.805625915527344 
> -Z0.012739347859000917 
60.38962936401367 35.819644927978516 
60.40296173095703 35.819644927978516 
60.40296173095703 35.80800247192383 
60.38962936401367 35.80800247192383 
60.38962936401367 35.819644927978516 
> -Z-0.016772020051637134 
60.42671585083008 35.71721649169922 
60.53309631347656 35.71721649169922 
60.53309631347656 35.624027252197266 
60.42671585083008 35.624027252197266 
60.42671585083008 35.71721649169922 
> -Z-0.012900341277103766 
60.43058395385742 35.80721664428711 
60.45722961425781 35.80721664428711 
60.45722961425781 35.78392791748047 
60.43058395385742 35.78392791748047 
60.43058395385742 35.80721664428711 
> -Z-0.022671519597262615 
60.45820617675781 35.806427001953125 
60.484840393066406 35.806427001953125 
60.484840393066406 35.78312683105469 
60.45820617675781 35.78312683105469 
60.45820617675781 35.806427001953125 
> -Z-0.015365876875400575 
60.45625305175781 35.76142883300781 
60.48287582397461 35.76142883300781 
60.48287582397461 35.73813247680664 
60.45625305175781 35.73813247680664 
60.45625305175781 35.76142883300781 
> -Z0.0059890652191322245 
60.42768096923828 35.73971939086914 
60.454307556152344 35.73971939086914 
60.454307556152344 35.716426849365234 
60.42768096923828 35.716426849365234 
60.42768096923828 35.73971939086914 
> -Z0.08008556271326192 
60.374385833740234 35.78628158569336 
60.40104293823242 35.78628158569336 
60.40104293823242 35.763004302978516 
60.374385833740234 35.763004302978516 
60.374385833740234 35.78628158569336 
> -Z-0.0010700666125704021 
60.32196807861328 35.85532760620117 
60.34865951538086 35.85532760620117 
60.34865951538086 35.83205795288086 
60.32196807861328 35.83205795288086 
60.32196807861328 35.85532760620117 
> -Z-0.004403874193516115 
60.349605560302734 35.85456085205078 
60.37629318237305 35.85456085205078 
60.37629318237305 35.83128356933594 
60.349605560302734 35.83128356933594 
60.349605560302734 35.85456085205078 
> -Z0.01751507555063759 
60.32102584838867 35.832828521728516 
60.334373474121094 35.832828521728516 
60.334373474121094 35.82119369506836 
60.32102584838867 35.82119369506836 
60.32102584838867 35.832828521728516 
> -Z0.022710933223269496 
60.334842681884766 35.83244323730469 
60.34818649291992 35.83244323730469 
60.34818649291992 35.82080841064453 
60.334842681884766 35.82080841064453 
60.334842681884766 35.83244323730469 
> -Z0.030180655178181845 
60.320556640625 35.82157516479492 
60.333900451660156 35.82157516479492 
60.333900451660156 35.809940338134766 
60.320556640625 35.809940338134766 
60.320556640625 35.82157516479492 
> -Z0.007491228072476739 
60.37629318237305 35.83128356933594 
60.38962936401367 35.83128356933594 
60.38962936401367 35.819644927978516 
60.37629318237305 35.819644927978516 
60.37629318237305 35.83128356933594 
> -Z-0.002238143149544316 
60.390106201171875 35.830894470214844 
60.4034423828125 35.830894470214844 
60.4034423828125 35.81925582885742 
60.390106201171875 35.81925582885742 
60.390106201171875 35.830894470214844 
> -Z0.025423921600991668 
60.375816345214844 35.82003402709961 
60.382484436035156 35.82003402709961 
60.382484436035156 35.81421661376953 
60.375816345214844 35.81421661376953 
60.375816345214844 35.82003402709961 
> -Z0.018835948596035997 
60.382720947265625 35.81983947753906 
60.38938903808594 35.81983947753906 
60.38938903808594 35.81401824951172 
60.382720947265625 35.81401824951172 
60.382720947265625 35.81983947753906 
> -Z0.03751691102311966 
60.37557601928711 35.81440734863281 
60.38224411010742 35.81440734863281 
60.38224411010742 35.808589935302734 
60.37557601928711 35.808589935302734 
60.37557601928711 35.81440734863281 
> -Z0.02959812393953442 
60.382484436035156 35.81421661376953 
60.3891487121582 35.81421661376953 
60.3891487121582 35.80839538574219 
60.382484436035156 35.80839538574219 
60.382484436035156 35.81421661376953 
> -Z-0.019521311957638163 
60.54106140136719 35.804012298583984 
60.64740753173828 35.804012298583984 
60.64740753173828 35.710723876953125 
60.54106140136719 35.710723876953125 
60.54106140136719 35.804012298583984 
> -Z-0.011519086436198589 
60.54507064819336 35.89400100708008 
60.651519775390625 35.89400100708008 
60.651519775390625 35.80070114135742 
60.54507064819336 35.80070114135742 
60.54507064819336 35.89400100708008 
> -Z-0.009127432780891228 
60.549095153808594 35.983985900878906 
60.65565490722656 35.983985900878906 
60.65565490722656 35.890682220458984 
60.549095153808594 35.890682220458984 
60.549095153808594 35.983985900878906 
> -Z-0.016540943274073454 
60.64740753173828 35.710723876953125 
60.75350570678711 35.710723876953125 
60.75350570678711 35.61735534667969 
60.64740753173828 35.61735534667969 
60.64740753173828 35.710723876953125 
> -Z-0.016058133017274434 
60.651519775390625 35.80070114135742 
60.75772476196289 35.80070114135742 
60.75772476196289 35.70732498168945 
60.651519775390625 35.70732498168945 
60.651519775390625 35.80070114135742 
> -Z0.030955113078318865 
60.3689079284668 35.820228576660156 
60.37557601928711 35.820228576660156 
60.37557601928711 35.81440734863281 
60.3689079284668 35.81440734863281 
60.3689079284668 35.820228576660156 
> -Z0.048408358546492565 
60.36176300048828 35.814796447753906 
60.368431091308594 35.814796447753906 
60.368431091308594 35.80897903442383 
60.36176300048828 35.80897903442383 
60.36176300048828 35.814796447753906 
> -Z0.04377753642958837 
60.36867141723633 35.81460189819336 
60.37533950805664 35.81460189819336 
60.37533950805664 35.80878448486328 
60.36867141723633 35.80878448486328 
60.36867141723633 35.81460189819336 
> -Z-0.021469409964116764 
60.45722961425781 35.78392791748047 
60.483856201171875 35.78392791748047 
60.483856201171875 35.76062774658203 
60.45722961425781 35.76062774658203 
60.45722961425781 35.78392791748047 
> -Z-0.01047534085074499 
60.44228744506836 36.077213287353516 
60.549095153808594 36.077213287353516 
60.549095153808594 35.983985900878906 
60.44228744506836 35.983985900878906 
60.44228744506836 36.077213287353516 
> -Z-0.011523808055063828 
60.44622039794922 36.167205810546875 
60.553138732910156 36.167205810546875 
60.553138732910156 36.073970794677734 
60.44622039794922 36.073970794677734 
60.44622039794922 36.167205810546875 
> -Z-0.013046611463292529 
60.45528030395508 35.73892593383789 
60.481895446777344 35.73892593383789 
60.481895446777344 35.71562957763672 
60.45528030395508 35.71562957763672 
60.45528030395508 35.73892593383789 
> -Z-0.015976821236206952 
60.42286682128906 35.62721252441406 
60.529144287109375 35.62721252441406 
60.529144287109375 35.534034729003906 
60.42286682128906 35.534034729003906 
60.42286682128906 35.62721252441406 
> -Z-0.025579011704030062 
60.483856201171875 35.76062774658203 
60.537071228027344 35.76062774658203 
60.537071228027344 35.714019775390625 
60.483856201171875 35.714019775390625 
60.483856201171875 35.76062774658203 
> -Z-0.00891101036470383 
60.43446731567383 35.897216796875 
60.54106140136719 35.897216796875 
60.54106140136719 35.804012298583984 
60.43446731567383 35.804012298583984 
60.43446731567383 35.897216796875 
> -Z0.04097706142478085 
60.334373474121094 35.82119369506836 
60.347713470458984 35.82119369506836 
60.347713470458984 35.8095588684082 
60.334373474121094 35.8095588684082 
60.334373474121094 35.82119369506836 
> -Z-0.015838758063470383 
60.31727981567383 35.74281692504883 
60.34394073486328 35.74281692504883 
60.34394073486328 35.719547271728516 
60.31727981567383 35.719547271728516 
60.31727981567383 35.74281692504883 
> -Z-0.015024717306465697 
60.749305725097656 35.527381896972656 
60.85505294799805 35.527381896972656 
60.85505294799805 35.43394470214844 
60.749305725097656 35.43394470214844 
60.749305725097656 35.527381896972656 
> -Z-0.007405111985848086 
60.43836975097656 35.98721694946289 
60.54507064819336 35.98721694946289 
60.54507064819336 35.89400100708008 
60.43836975097656 35.89400100708008 
60.43836975097656 35.98721694946289 
> -Z0.010099139568539153 
60.42961502075195 35.78471755981445 
60.442935943603516 35.78471755981445 
60.442935943603516 35.7730712890625 
60.42961502075195 35.7730712890625 
60.42961502075195 35.78471755981445 
> -Z-0.007758297673054264 
60.44342041015625 35.784324645996094 
60.45674133300781 35.784324645996094 
60.45674133300781 35.77267837524414 
60.44342041015625 35.77267837524414 
60.44342041015625 35.784324645996094 
> -Z0.022378779449861344 
60.42913055419922 35.773468017578125 
60.44245147705078 35.773468017578125 
60.44245147705078 35.76182174682617 
60.42913055419922 35.76182174682617 
60.42913055419922 35.773468017578125 
> -Z0.017583793113687345 
60.42864990234375 35.7622184753418 
60.45528030395508 35.7622184753418 
60.45528030395508 35.73892593383789 
60.42864990234375 35.73892593383789 
60.42864990234375 35.7622184753418 
> -Z0.022567830567972118 
60.34865951538086 35.83205795288086 
60.36199951171875 35.83205795288086 
60.36199951171875 35.8204231262207 
60.34865951538086 35.8204231262207 
60.34865951538086 35.83205795288086 
> -Z0.0166634216526416 
60.36247634887695 35.83167266845703 
60.375816345214844 35.83167266845703 
60.375816345214844 35.82003402709961 
60.36247634887695 35.82003402709961 
60.36247634887695 35.83167266845703 
> -Z0.045118704036779214 
60.34818649291992 35.82080841064453 
60.36152648925781 35.82080841064453 
60.36152648925781 35.80916976928711 
60.34818649291992 35.80916976928711 
60.34818649291992 35.82080841064453 
> -Z0.03619188217636423 
60.36199951171875 35.8204231262207 
60.36867141723633 35.8204231262207 
60.36867141723633 35.81460189819336 
60.36199951171875 35.81460189819336 
60.36199951171875 35.8204231262207 
> -Z-0.01135317356914409 
60.55720138549805 36.16395568847656 
60.66397476196289 36.16395568847656 
60.66397476196289 36.07063293457031 
60.55720138549805 36.07063293457031 
60.55720138549805 36.16395568847656 
> -Z-0.010491766068507918 
60.553138732910156 36.073970794677734 
60.65980529785156 36.073970794677734 
60.65980529785156 35.980655670166016 
60.553138732910156 35.980655670166016 
60.553138732910156 36.073970794677734 
> -Z-0.015094703271207474 
60.529144287109375 35.534034729003906 
60.63517379760742 35.534034729003906 
60.63517379760742 35.440773010253906 
60.529144287109375 35.440773010253906 
60.529144287109375 35.534034729003906 
> -Z-0.01580599099436875 
60.53309631347656 35.624027252197266 
60.63923263549805 35.624027252197266 
60.63923263549805 35.530757904052734 
60.53309631347656 35.530757904052734 
60.53309631347656 35.624027252197266 
> -Z-0.01827293434103556 
60.537071228027344 35.714019775390625 
60.643310546875 35.714019775390625 
60.643310546875 35.62074279785156 
60.537071228027344 35.62074279785156 
60.537071228027344 35.714019775390625 
> -Z-0.013251208028204118 
60.65565490722656 35.890682220458984 
60.761962890625 35.890682220458984 
60.761962890625 35.79729461669922 
60.65565490722656 35.79729461669922 
60.65565490722656 35.890682220458984 
> -Z0.0005479045664356381 
60.442935943603516 35.7730712890625 
60.45625305175781 35.7730712890625 
60.45625305175781 35.76142883300781 
60.442935943603516 35.76142883300781 
60.442935943603516 35.7730712890625 
> -Z-0.011456421442564535 
60.65980529785156 35.980655670166016 
60.76622009277344 35.980655670166016 
60.76622009277344 35.88726043701172 
60.65980529785156 35.88726043701172 
60.65980529785156 35.980655670166016 
> -Z-0.015086422919467839 
60.63923263549805 35.530757904052734 
60.745121002197266 35.530757904052734 
60.745121002197266 35.437408447265625 
60.63923263549805 35.437408447265625 
60.63923263549805 35.530757904052734 
> -Z-0.01565428529246375 
60.643310546875 35.62074279785156 
60.749305725097656 35.62074279785156 
60.749305725097656 35.527381896972656 
60.643310546875 35.527381896972656 
60.643310546875 35.62074279785156 
> -Z-0.011496425424326388 
60.66397476196289 36.07063293457031 
60.7704963684082 36.07063293457031 
60.7704963684082 35.97722625732422 
60.66397476196289 35.97722625732422 
60.66397476196289 36.07063293457031 
> -Z-0.011878980608158462 
60.66815948486328 36.16060256958008 
60.77478790283203 36.16060256958008 
60.77478790283203 36.06718826293945 
60.66815948486328 36.06718826293945 
60.66815948486328 36.16060256958008 
