> -Z-0.005751234003137267 
60.22441101074219 35.632694244384766 
60.330936431884766 35.632694244384766 
60.330936431884766 35.539676666259766 
60.22441101074219 35.539676666259766 
60.22441101074219 35.632694244384766 
> -Z-0.0035705227586749315 
60.3426628112793 35.820960998535156 
60.35600280761719 35.820960998535156 
60.35600280761719 35.809326171875 
60.3426628112793 35.809326171875 
60.3426628112793 35.820960998535156 
> -Z0.0026733319635218744 
60.356475830078125 35.82057571411133 
60.36981201171875 35.82057571411133 
60.36981201171875 35.80894088745117 
60.356475830078125 35.80894088745117 
60.356475830078125 35.82057571411133 
> -Z0.00019574508168201596 
60.34124755859375 35.787208557128906 
60.35457992553711 35.787208557128906 
60.35457992553711 35.77557373046875 
60.34124755859375 35.77557373046875 
60.34124755859375 35.787208557128906 
> -Z0.005839516143461065 
60.35505294799805 35.78682327270508 
60.36172103881836 35.78682327270508 
60.36172103881836 35.781005859375 
60.35505294799805 35.781005859375 
60.35505294799805 35.78682327270508 
> -Z0.008680879336452285 
60.36195755004883 35.7866325378418 
60.36862564086914 35.7866325378418 
60.36862564086914 35.78081130981445 
60.36195755004883 35.78081130981445 
60.36195755004883 35.7866325378418 
> -Z0.002431075979503969 
60.35481643676758 35.78120040893555 
60.36148452758789 35.78120040893555 
60.36148452758789 35.7753791809082 
60.35481643676758 35.7753791809082 
60.35481643676758 35.78120040893555 
> -Z-0.009109050723885452 
60.11064529418945 35.54556655883789 
60.21720504760742 35.54556655883789 
60.21720504760742 35.4526481628418 
60.11064529418945 35.4526481628418 
60.11064529418945 35.54556655883789 
> -Z-0.0016050913417389526 
60.1141357421875 35.63560104370117 
60.22079849243164 35.63560104370117 
60.22079849243164 35.54267120361328 
60.1141357421875 35.54267120361328 
60.1141357421875 35.63560104370117 
> -Z0.0006937250433606441 
60.124691009521484 35.90568542480469 
60.23168182373047 35.90568542480469 
60.23168182373047 35.81273651123047 
60.124691009521484 35.81273651123047 
60.124691009521484 35.90568542480469 
> -Z0.0021591117477299665 
60.12824249267578 35.99571228027344 
60.2353401184082 35.99571228027344 
60.2353401184082 35.90275192260742 
60.12824249267578 35.90275192260742 
60.12824249267578 35.99571228027344 
> -Z0.009189680671841494 
60.34597396850586 35.89971923828125 
60.399356842041016 35.89971923828125 
60.399356842041016 35.8531608581543 
60.34597396850586 35.8531608581543 
60.34597396850586 35.89971923828125 
> -Z0.009916974309942608 
60.401283264160156 35.898162841796875 
60.45463180541992 35.898162841796875 
60.45463180541992 35.851585388183594 
60.401283264160156 35.851585388183594 
60.401283264160156 35.898162841796875 
> -Z-0.002172275837065356 
60.344078063964844 35.854713439941406 
60.370765686035156 35.854713439941406 
60.370765686035156 35.83143997192383 
60.344078063964844 35.83143997192383 
60.344078063964844 35.854713439941406 
> -Z0.005367565793937337 
60.36172103881836 35.781005859375 
60.36838912963867 35.781005859375 
60.36838912963867 35.77518844604492 
60.36172103881836 35.77518844604492 
60.36172103881836 35.781005859375 
> -Z-0.0036087753570808977 
60.34077453613281 35.77595901489258 
60.35410690307617 35.77595901489258 
60.35410690307617 35.764320373535156 
60.34077453613281 35.764320373535156 
60.34077453613281 35.77595901489258 
> -Z0.0012283771496510616 
60.35457992553711 35.77557373046875 
60.36791229248047 35.77557373046875 
60.36791229248047 35.76393508911133 
60.35457992553711 35.76393508911133 
60.35457992553711 35.77557373046875 
> -Z0.011658855922599465 
60.36886215209961 35.78643798828125 
60.37553024291992 35.78643798828125 
60.37553024291992 35.780616760253906 
60.36886215209961 35.780616760253906 
60.36886215209961 35.78643798828125 
> -Z0.01100652194068076 
60.37576675415039 35.7862434387207 
60.38243103027344 35.7862434387207 
60.38243103027344 35.780426025390625 
60.37576675415039 35.780426025390625 
60.37576675415039 35.7862434387207 
> -Z0.007117876050903776 
60.36862564086914 35.78081130981445 
60.37528991699219 35.78081130981445 
60.37528991699219 35.774993896484375 
60.36862564086914 35.774993896484375 
60.36862564086914 35.78081130981445 
> -Z0.007993758763041023 
60.37553024291992 35.780616760253906 
60.38219451904297 35.780616760253906 
60.38219451904297 35.77479934692383 
60.37553024291992 35.77479934692383 
60.37553024291992 35.780616760253906 
> -Z0.0037525470626826457 
60.38267135620117 35.786048889160156 
60.395999908447266 35.786048889160156 
60.395999908447266 35.774410247802734 
60.38267135620117 35.774410247802734 
60.38267135620117 35.786048889160156 
> -Z0.007891137781113416 
60.40410232543945 35.80234146118164 
60.4107666015625 35.80234146118164 
60.4107666015625 35.7965202331543 
60.40410232543945 35.7965202331543 
60.40410232543945 35.80234146118164 
> -Z0.0049570744870883615 
60.41124725341797 35.807769775390625 
60.417911529541016 35.807769775390625 
60.417911529541016 35.80194854736328 
60.41124725341797 35.80194854736328 
60.41124725341797 35.807769775390625 
> -Z0.004510111529886479 
60.418155670166016 35.80757141113281 
60.4248161315918 35.80757141113281 
60.4248161315918 35.80175018310547 
60.418155670166016 35.80175018310547 
60.418155670166016 35.80757141113281 
> -Z0.005437390864459157 
60.411006927490234 35.80214309692383 
60.41767120361328 35.80214309692383 
60.41767120361328 35.796321868896484 
60.411006927490234 35.796321868896484 
60.411006927490234 35.80214309692383 
> -Z0.00431752094072152 
60.417911529541016 35.80194854736328 
60.42457580566406 35.80194854736328 
60.42457580566406 35.79612731933594 
60.417911529541016 35.79612731933594 
60.417911529541016 35.80194854736328 
> -Z0.006434786377382082 
60.39695739746094 35.79690933227539 
60.41028594970703 35.79690933227539 
60.41028594970703 35.7852668762207 
60.39695739746094 35.7852668762207 
60.39695739746094 35.79690933227539 
> -Z0.0001142874147913725 
60.4107666015625 35.7965202331543 
60.42409133911133 35.7965202331543 
60.42409133911133 35.784873962402344 
60.4107666015625 35.784873962402344 
60.4107666015625 35.7965202331543 
> -Z-0.0019672299486807234 
60.37171936035156 35.85394287109375 
60.39839553833008 35.85394287109375 
60.39839553833008 35.83066177368164 
60.37171936035156 35.83066177368164 
60.37171936035156 35.85394287109375 
> -Z-0.007613884397767848 
60.34313201904297 35.83221435546875 
60.356475830078125 35.83221435546875 
60.356475830078125 35.82057571411133 
60.34313201904297 35.82057571411133 
60.34313201904297 35.83221435546875 
> -Z-0.005506425966109365 
60.35694885253906 35.83182907104492 
60.37028884887695 35.83182907104492 
60.37028884887695 35.8201904296875 
60.35694885253906 35.8201904296875 
60.35694885253906 35.83182907104492 
> -Z1.3673986780586567e-05 
60.24271011352539 36.08278274536133 
60.34977340698242 36.08278274536133 
60.34977340698242 35.989723205566406 
60.24271011352539 35.989723205566406 
60.24271011352539 36.08278274536133 
> -Z-0.005849200643164867 
60.2280387878418 35.72271728515625 
60.33467102050781 35.72271728515625 
60.33467102050781 35.62969207763672 
60.2280387878418 35.62969207763672 
60.2280387878418 35.72271728515625 
> -Z-3.1603911943706153e-06 
60.23168182373047 35.81273651123047 
60.33842086791992 35.81273651123047 
60.33842086791992 35.719703674316406 
60.23168182373047 35.719703674316406 
60.23168182373047 35.81273651123047 
> -Z-0.0021171448653751115 
60.117637634277344 35.72563171386719 
60.22441101074219 35.72563171386719 
60.22441101074219 35.632694244384766 
60.117637634277344 35.632694244384766 
60.117637634277344 35.72563171386719 
> -Z-0.00521377083958794 
60.121158599853516 35.81565856933594 
60.2280387878418 35.81565856933594 
60.2280387878418 35.72271728515625 
60.121158599853516 35.72271728515625 
60.121158599853516 35.81565856933594 
> -Z-0.007558920490299215 
60.22079849243164 35.54267120361328 
60.32722091674805 35.54267120361328 
60.32722091674805 35.44966506958008 
60.22079849243164 35.44966506958008 
60.22079849243164 35.54267120361328 
> -Z0.003455874455844995 
60.2353401184082 35.90275192260742 
60.34218978881836 35.90275192260742 
60.34218978881836 35.80971145629883 
60.2353401184082 35.80971145629883 
60.2353401184082 35.90275192260742 
> -Z-0.0028705564751448573 
60.24641799926758 36.17279815673828 
60.35359191894531 36.17279815673828 
60.35359191894531 36.07972717285156 
60.24641799926758 36.07972717285156 
60.24641799926758 36.17279815673828 
> -Z0.0009466238502397369 
60.33467102050781 35.62969207763672 
60.44105911254883 35.62969207763672 
60.44105911254883 35.536582946777344 
60.33467102050781 35.536582946777344 
60.33467102050781 35.62969207763672 
> -Z0.0036332632905997156 
60.33842086791992 35.719703674316406 
60.391700744628906 35.719703674316406 
60.391700744628906 35.673152923583984 
60.33842086791992 35.673152923583984 
60.33842086791992 35.719703674316406 
> -Z-0.0014229973599323657 
60.330936431884766 35.539676666259766 
60.437217712402344 35.539676666259766 
60.437217712402344 35.44657897949219 
60.330936431884766 35.44657897949219 
60.330936431884766 35.539676666259766 
> -Z0.0038434906186279733 
60.239017486572266 35.99277114868164 
60.34597396850586 35.99277114868164 
60.34597396850586 35.89971923828125 
60.239017486572266 35.89971923828125 
60.239017486572266 35.99277114868164 
> -Z0.0004211692498459572 
60.13180923461914 36.08573532104492 
60.239017486572266 36.08573532104492 
60.239017486572266 35.99277114868164 
60.13180923461914 35.99277114868164 
60.13180923461914 36.08573532104492 
> -Z0.003931179723716274 
60.36838912963867 35.77518844604492 
60.37505340576172 35.77518844604492 
60.37505340576172 35.76936721801758 
60.36838912963867 35.76936721801758 
60.36838912963867 35.77518844604492 
> -Z0.00437394339097491 
60.37528991699219 35.774993896484375 
60.381954193115234 35.774993896484375 
60.381954193115234 35.76917266845703 
60.37528991699219 35.76917266845703 
60.37528991699219 35.774993896484375 
> -Z0.0009333891322083759 
60.36814880371094 35.769561767578125 
60.374813079833984 35.769561767578125 
60.374813079833984 35.76374053955078 
60.36814880371094 35.76374053955078 
60.36814880371094 35.769561767578125 
> -Z0.001885934511647272 
60.37505340576172 35.76936721801758 
60.381717681884766 35.76936721801758 
60.381717681884766 35.7635498046875 
60.37505340576172 35.7635498046875 
60.37505340576172 35.76936721801758 
> -Z0.0027513566813948953 
60.38219451904297 35.77479934692383 
60.3955192565918 35.77479934692383 
60.3955192565918 35.76315689086914 
60.38219451904297 35.76315689086914 
60.38219451904297 35.77479934692383 
> -Z0.008511116709717922 
60.397438049316406 35.80815887451172 
60.40410232543945 35.80815887451172 
60.40410232543945 35.80234146118164 
60.397438049316406 35.80234146118164 
60.397438049316406 35.80815887451172 
> -Z0.006285166096070535 
60.40434265136719 35.80796432495117 
60.411006927490234 35.80796432495117 
60.411006927490234 35.80214309692383 
60.40434265136719 35.80214309692383 
60.40434265136719 35.80796432495117 
> -Z0.011512188963500952 
60.39719772338867 35.80253601074219 
60.40386199951172 35.80253601074219 
60.40386199951172 35.796714782714844 
60.39719772338867 35.796714782714844 
60.39719772338867 35.80253601074219 
> -Z0.0018628247670617604 
60.438629150390625 35.80135726928711 
60.445289611816406 35.80135726928711 
60.445289611816406 35.7955322265625 
60.438629150390625 35.7955322265625 
60.438629150390625 35.80135726928711 
> -Z0.00026844270938790327 
60.445533752441406 35.8011589050293 
60.45219421386719 35.8011589050293 
60.45219421386719 35.79533386230469 
60.445533752441406 35.79533386230469 
60.445533752441406 35.8011589050293 
> -Z-0.0024995564373637424 
60.42457580566406 35.79612731933594 
60.43790054321289 35.79612731933594 
60.43790054321289 35.784481048583984 
60.42457580566406 35.784481048583984 
60.42457580566406 35.79612731933594 
> -Z-0.0031160536032968783 
60.438385009765625 35.79573059082031 
60.45170593261719 35.79573059082031 
60.45170593261719 35.78408432006836 
60.438385009765625 35.78408432006836 
60.438385009765625 35.79573059082031 
> -Z-0.00904029071711783 
60.39647674560547 35.78565979003906 
60.423126220703125 35.78565979003906 
60.423126220703125 35.76237487792969 
60.39647674560547 35.76237487792969 
60.39647674560547 35.78565979003906 
> -Z-3.616836821402833e-05 
60.399356842041016 35.8531608581543 
60.426025390625 35.8531608581543 
60.426025390625 35.82987594604492 
60.399356842041016 35.82987594604492 
60.399356842041016 35.8531608581543 
> -Z0.0030144826840835595 
60.42699432373047 35.85237503051758 
60.45365524291992 35.85237503051758 
60.45365524291992 35.82908630371094 
60.42699432373047 35.82908630371094 
60.42699432373047 35.85237503051758 
> -Z0.005239203579572083 
60.38386535644531 35.81417465209961 
60.39052963256836 35.81417465209961 
60.39052963256836 35.80835723876953 
60.38386535644531 35.80835723876953 
60.38386535644531 35.81417465209961 
> -Z0.0047984742644894135 
60.390769958496094 35.81398010253906 
60.397438049316406 35.81398010253906 
60.397438049316406 35.80815887451172 
60.390769958496094 35.80815887451172 
60.390769958496094 35.81398010253906 
> -Z-0.0018496490736584666 
60.426025390625 35.82987594604492 
60.439353942871094 35.82987594604492 
60.439353942871094 35.81822967529297 
60.426025390625 35.81822967529297 
60.426025390625 35.82987594604492 
> -Z-0.0006634189509082886 
60.439842224121094 35.8294792175293 
60.45316696166992 35.8294792175293 
60.45316696166992 35.817832946777344 
60.439842224121094 35.817832946777344 
60.439842224121094 35.8294792175293 
> -Z-0.0014505461405475116 
60.42554473876953 35.818626403808594 
60.43220520019531 35.818626403808594 
60.43220520019531 35.81280517578125 
60.42554473876953 35.81280517578125 
60.42554473876953 35.818626403808594 
> -Z-0.002854688948820943 
60.43244934082031 35.81842803955078 
60.43911361694336 35.81842803955078 
60.43911361694336 35.81260681152344 
60.43244934082031 35.81260681152344 
60.43244934082031 35.81842803955078 
> -Z0.003120387866052815 
60.42530059814453 35.8129997253418 
60.43196487426758 35.8129997253418 
60.43196487426758 35.80717849731445 
60.42530059814453 35.80717849731445 
60.42530059814453 35.8129997253418 
> -Z9.762317680392374e-05 
60.43220520019531 35.81280517578125 
60.43886947631836 35.81280517578125 
60.43886947631836 35.80698013305664 
60.43220520019531 35.80698013305664 
60.43220520019531 35.81280517578125 
> -Z-0.00209056300101566 
60.439353942871094 35.81822967529297 
60.45267868041992 35.81822967529297 
60.45267868041992 35.806583404541016 
60.439353942871094 35.806583404541016 
60.439353942871094 35.81822967529297 
> -Z0.007328564297654525 
60.34977340698242 35.989723205566406 
60.45658874511719 35.989723205566406 
60.45658874511719 35.896583557128906 
60.34977340698242 35.896583557128906 
60.34977340698242 35.989723205566406 
> -Z-0.00022641955078801443 
60.34218978881836 35.80971145629883 
60.355525970458984 35.80971145629883 
60.355525970458984 35.79807662963867 
60.34218978881836 35.79807662963867 
60.34218978881836 35.80971145629883 
> -Z0.01139347635209069 
60.383148193359375 35.797298431396484 
60.39647674560547 35.797298431396484 
60.39647674560547 35.78565979003906 
60.383148193359375 35.78565979003906 
60.383148193359375 35.797298431396484 
> -Z0.0031868756232669715 
60.4250602722168 35.807376861572266 
60.438385009765625 35.807376861572266 
60.438385009765625 35.79573059082031 
60.4250602722168 35.79573059082031 
60.4250602722168 35.807376861572266 
> -Z0.0029946517088111774 
60.43886947631836 35.80698013305664 
60.445533752441406 35.80698013305664 
60.445533752441406 35.8011589050293 
60.43886947631836 35.8011589050293 
60.43886947631836 35.80698013305664 
> -Z-0.005664397940128907 
60.44577407836914 35.80678176879883 
60.45243835449219 35.80678176879883 
60.45243835449219 35.800960540771484 
60.44577407836914 35.800960540771484 
60.44577407836914 35.80678176879883 
> -Z-0.0037809362998006864 
60.370765686035156 35.83143997192383 
60.38410186767578 35.83143997192383 
60.38410186767578 35.819801330566406 
60.370765686035156 35.819801330566406 
60.370765686035156 35.83143997192383 
> -Z-0.0015499380394004593 
60.38458251953125 35.831050872802734 
60.397918701171875 35.831050872802734 
60.397918701171875 35.81941223144531 
60.38458251953125 35.81941223144531 
60.38458251953125 35.831050872802734 
> -Z0.0010414626754139678 
60.37028884887695 35.8201904296875 
60.376956939697266 35.8201904296875 
60.376956939697266 35.814369201660156 
60.37028884887695 35.814369201660156 
60.37028884887695 35.8201904296875 
> -Z0.0009236492004835728 
60.377197265625 35.81999588012695 
60.38386535644531 35.81999588012695 
60.38386535644531 35.81417465209961 
60.377197265625 35.81417465209961 
60.377197265625 35.81999588012695 
> -Z0.006060613101968107 
60.370052337646484 35.8145637512207 
60.3767204284668 35.8145637512207 
60.3767204284668 35.808746337890625 
60.370052337646484 35.808746337890625 
60.370052337646484 35.8145637512207 
> -Z0.00611999002284809 
60.376956939697266 35.814369201660156 
60.38362503051758 35.814369201660156 
60.38362503051758 35.80855178833008 
60.376956939697266 35.80855178833008 
60.376956939697266 35.814369201660156 
> -Z0.00016097840741689795 
60.38410186767578 35.819801330566406 
60.390769958496094 35.819801330566406 
60.390769958496094 35.81398010253906 
60.38410186767578 35.81398010253906 
60.38410186767578 35.819801330566406 
> -Z0.00035745032596933013 
60.39101028442383 35.81960678100586 
60.39767837524414 35.81960678100586 
60.39767837524414 35.813785552978516 
60.39101028442383 35.813785552978516 
60.39101028442383 35.81960678100586 
> -Z0.013318662061584463 
60.42023849487305 35.69487380981445 
60.44684982299805 35.69487380981445 
60.44684982299805 35.67158508300781 
60.42023849487305 35.67158508300781 
60.42023849487305 35.69487380981445 
> -Z-0.0019180932859218774 
60.336544036865234 35.67469787597656 
60.38979721069336 35.67469787597656 
60.38979721069336 35.628150939941406 
60.336544036865234 35.628150939941406 
60.336544036865234 35.67469787597656 
> -Z0.009245068470187953 
60.395042419433594 35.75190734863281 
60.408363342285156 35.75190734863281 
60.408363342285156 35.74026870727539 
60.395042419433594 35.74026870727539 
60.395042419433594 35.75190734863281 
> -Z0.010300319249906528 
60.408843994140625 35.75151824951172 
60.42216110229492 35.75151824951172 
60.42216110229492 35.73987579345703 
60.408843994140625 35.73987579345703 
60.408843994140625 35.75151824951172 
> -Z-0.0016795993012386906 
60.423126220703125 35.76237487792969 
60.44976043701172 35.76237487792969 
60.44976043701172 35.73908615112305 
60.423126220703125 35.73908615112305 
60.423126220703125 35.76237487792969 
> -Z0.004904744809803553 
60.391700744628906 35.673152923583984 
60.444915771484375 35.673152923583984 
60.444915771484375 35.6265869140625 
60.391700744628906 35.6265869140625 
60.391700744628906 35.673152923583984 
> -Z0.018068027502459647 
60.448787689208984 35.71658706665039 
60.475399017333984 35.71658706665039 
60.475399017333984 35.69329071044922 
60.448787689208984 35.69329071044922 
60.448787689208984 35.71658706665039 
> -Z0.001954861518367851 
60.36791229248047 35.76393508911133 
60.38124084472656 35.76393508911133 
60.38124084472656 35.752296447753906 
60.36791229248047 35.752296447753906 
60.36791229248047 35.76393508911133 
> -Z0.003814015994231326 
60.381717681884766 35.7635498046875 
60.38837814331055 35.7635498046875 
60.38837814331055 35.757728576660156 
60.381717681884766 35.757728576660156 
60.381717681884766 35.7635498046875 
> -Z0.005303944900881485 
60.38861846923828 35.76335525512695 
60.39528274536133 35.76335525512695 
60.39528274536133 35.75753402709961 
60.38861846923828 35.75753402709961 
60.38861846923828 35.76335525512695 
> -Z0.004699513431105584 
60.38147735595703 35.7579231262207 
60.38814163208008 35.7579231262207 
60.38814163208008 35.75210189819336 
60.38147735595703 35.75210189819336 
60.38147735595703 35.7579231262207 
> -Z0.0069436329680293285 
60.38837814331055 35.757728576660156 
60.395042419433594 35.757728576660156 
60.395042419433594 35.75190734863281 
60.38837814331055 35.75190734863281 
60.38837814331055 35.757728576660156 
> -Z0.008752963027131522 
60.35600280761719 35.809326171875 
60.36933898925781 35.809326171875 
60.36933898925781 35.79768753051758 
60.35600280761719 35.79768753051758 
60.35600280761719 35.809326171875 
> -Z0.00291435001147072 
60.34171676635742 35.7984619140625 
60.35505294799805 35.7984619140625 
60.35505294799805 35.78682327270508 
60.34171676635742 35.78682327270508 
60.34171676635742 35.7984619140625 
> -Z0.009502176421861894 
60.355525970458984 35.79807662963867 
60.36886215209961 35.79807662963867 
60.36886215209961 35.78643798828125 
60.355525970458984 35.78643798828125 
60.355525970458984 35.79807662963867 
> -Z0.013971305615148685 
60.36981201171875 35.80894088745117 
60.383148193359375 35.80894088745117 
60.383148193359375 35.797298431396484 
60.36981201171875 35.797298431396484 
60.36981201171875 35.80894088745117 
> -Z0.013793519322025077 
60.38362503051758 35.80855178833008 
60.39695739746094 35.80855178833008 
60.39695739746094 35.79690933227539 
60.38362503051758 35.79690933227539 
60.38362503051758 35.80855178833008 
> -Z0.014647783454281929 
60.36933898925781 35.79768753051758 
60.38267135620117 35.79768753051758 
60.38267135620117 35.786048889160156 
60.36933898925781 35.786048889160156 
60.36933898925781 35.79768753051758 
> -Z-0.014780515488410903 
60.42409133911133 35.784873962402344 
60.45073318481445 35.784873962402344 
60.45073318481445 35.7615852355957 
60.42409133911133 35.7615852355957 
60.42409133911133 35.784873962402344 
> -Z0.016927710679659425 
60.39360809326172 35.71815490722656 
60.42023849487305 35.71815490722656 
60.42023849487305 35.69487380981445 
60.39360809326172 35.69487380981445 
60.39360809326172 35.71815490722656 
> -Z0.020387922256090648 
60.421199798583984 35.71737289428711 
60.447818756103516 35.71737289428711 
60.447818756103516 35.69408416748047 
60.421199798583984 35.69408416748047 
60.421199798583984 35.71737289428711 
> -Z0.011285636689090758 
60.39265441894531 35.695655822753906 
60.419273376464844 35.695655822753906 
60.419273376464844 35.6723747253418 
60.39265441894531 35.6723747253418 
60.39265441894531 35.695655822753906 
> -Z0.009611078511776405 
60.38076400756836 35.74104690551758 
60.39408493041992 35.74104690551758 
60.39408493041992 35.729408264160156 
60.38076400756836 35.729408264160156 
60.38076400756836 35.74104690551758 
> -Z0.003587204237663611 
60.36648941040039 35.73018264770508 
60.37981033325195 35.73018264770508 
60.37981033325195 35.718544006347656 
60.36648941040039 35.718544006347656 
60.36648941040039 35.73018264770508 
> -Z0.008757598793127687 
60.380287170410156 35.72979736328125 
60.39360809326172 35.72979736328125 
60.39360809326172 35.71815490722656 
60.380287170410156 35.71815490722656 
60.380287170410156 35.72979736328125 
> -Z0.0039655589786163625 
60.3955192565918 35.76315689086914 
60.408843994140625 35.76315689086914 
60.408843994140625 35.75151824951172 
60.3955192565918 35.75151824951172 
60.3955192565918 35.76315689086914 
> -Z-0.0007573793233921766 
60.409324645996094 35.76276779174805 
60.422645568847656 35.76276779174805 
60.422645568847656 35.75112533569336 
60.409324645996094 35.75112533569336 
60.409324645996094 35.76276779174805 
> -Z0.019351462950891532 
60.42216110229492 35.73987579345703 
60.43547821044922 35.73987579345703 
60.43547821044922 35.72822952270508 
60.42216110229492 35.72822952270508 
60.42216110229492 35.73987579345703 
> -Z0.017908691110667216 
60.43596267700195 35.73948287963867 
60.449275970458984 35.73948287963867 
60.449275970458984 35.72783660888672 
60.43596267700195 35.72783660888672 
60.43596267700195 35.73948287963867 
> -Z-0.005061892134454123 
60.39839553833008 35.83066177368164 
60.40506362915039 35.83066177368164 
60.40506362915039 35.8248405456543 
60.39839553833008 35.8248405456543 
60.39839553833008 35.83066177368164 
> -Z-0.005771340386266546 
60.405303955078125 35.830467224121094 
60.41197204589844 35.830467224121094 
60.41197204589844 35.82464599609375 
60.405303955078125 35.82464599609375 
60.405303955078125 35.830467224121094 
> -Z-0.0008642818810056067 
60.398155212402344 35.825035095214844 
60.404823303222656 35.825035095214844 
60.404823303222656 35.8192138671875 
60.398155212402344 35.8192138671875 
60.398155212402344 35.825035095214844 
> -Z-0.001715594821413275 
60.40506362915039 35.8248405456543 
60.4117317199707 35.8248405456543 
60.4117317199707 35.81901931762695 
60.40506362915039 35.81901931762695 
60.40506362915039 35.8248405456543 
> -Z-0.003272291956861944 
60.41221237182617 35.83026885986328 
60.42554473876953 35.83026885986328 
60.42554473876953 35.818626403808594 
60.41221237182617 35.818626403808594 
60.41221237182617 35.83026885986328 
> -Z0.0007492005070768165 
60.397918701171875 35.81941223144531 
60.40458297729492 35.81941223144531 
60.40458297729492 35.81359100341797 
60.397918701171875 35.81359100341797 
60.397918701171875 35.81941223144531 
> -Z0.002773217191473873 
60.404823303222656 35.8192138671875 
60.4114875793457 35.8192138671875 
60.4114875793457 35.813392639160156 
60.404823303222656 35.813392639160156 
60.404823303222656 35.8192138671875 
> -Z0.004590639729907822 
60.39767837524414 35.813785552978516 
60.40434265136719 35.813785552978516 
60.40434265136719 35.80796432495117 
60.39767837524414 35.80796432495117 
60.39767837524414 35.813785552978516 
> -Z0.024254808817742585 
60.42168045043945 35.7286262512207 
60.434993743896484 35.7286262512207 
60.434993743896484 35.71697998046875 
60.42168045043945 35.71697998046875 
60.42168045043945 35.7286262512207 
> -Z0.02366963895379784 
60.43547821044922 35.72822952270508 
60.448787689208984 35.72822952270508 
60.448787689208984 35.71658706665039 
60.43547821044922 35.71658706665039 
60.43547821044922 35.72822952270508 
> -Z-0.002954874446933464 
60.44105911254883 35.536582946777344 
60.54719924926758 35.536582946777344 
60.54719924926758 35.44339370727539 
60.44105911254883 35.44339370727539 
60.44105911254883 35.536582946777344 
> -Z-0.0019934828541685896 
60.33936309814453 35.74220275878906 
60.36601638793945 35.74220275878906 
60.36601638793945 35.71893310546875 
60.33936309814453 35.71893310546875 
60.33936309814453 35.74220275878906 
> -Z0.0012390690834244537 
60.36743927001953 35.752685546875 
60.38076400756836 35.752685546875 
60.38076400756836 35.74104690551758 
60.36743927001953 35.74104690551758 
60.36743927001953 35.752685546875 
> -Z0.008146286744423137 
60.38124084472656 35.752296447753906 
60.394561767578125 35.752296447753906 
60.394561767578125 35.740657806396484 
60.38124084472656 35.740657806396484 
60.38124084472656 35.752296447753906 
> -Z0.014909356459473218 
60.394561767578125 35.740657806396484 
60.40788269042969 35.740657806396484 
60.40788269042969 35.7290153503418 
60.394561767578125 35.7290153503418 
60.394561767578125 35.740657806396484 
> -Z0.017478008179207014 
60.408363342285156 35.74026870727539 
60.42168045043945 35.74026870727539 
60.42168045043945 35.7286262512207 
60.408363342285156 35.7286262512207 
60.408363342285156 35.74026870727539 
> -Z0.00400299590376782 
60.40458297729492 35.81359100341797 
60.41124725341797 35.81359100341797 
60.41124725341797 35.807769775390625 
60.40458297729492 35.807769775390625 
60.40458297729492 35.81359100341797 
> -Z0.001996623340575779 
60.4117317199707 35.81901931762695 
60.41839599609375 35.81901931762695 
60.41839599609375 35.81319808959961 
60.4117317199707 35.81319808959961 
60.4117317199707 35.81901931762695 
> -Z8.843765152233285e-05 
60.418636322021484 35.818824768066406 
60.42530059814453 35.818824768066406 
60.42530059814453 35.8129997253418 
60.418636322021484 35.8129997253418 
60.418636322021484 35.818824768066406 
> -Z0.004164057985937594 
60.4114875793457 35.813392639160156 
60.418155670166016 35.813392639160156 
60.418155670166016 35.80757141113281 
60.4114875793457 35.80757141113281 
60.4114875793457 35.813392639160156 
> -Z0.004177668748553243 
60.41839599609375 35.81319808959961 
60.4250602722168 35.81319808959961 
60.4250602722168 35.807376861572266 
60.41839599609375 35.807376861572266 
60.41839599609375 35.81319808959961 
> -Z0.01036552344464842 
60.475399017333984 35.69329071044922 
60.50199508666992 35.69329071044922 
60.50199508666992 35.66999435424805 
60.475399017333984 35.66999435424805 
60.475399017333984 35.69329071044922 
> -Z0.0062196389970040206 
60.50396728515625 35.714988708496094 
60.55713653564453 35.714988708496094 
60.55713653564453 35.668373107910156 
60.50396728515625 35.668373107910156 
60.50396728515625 35.714988708496094 
> -Z0.00039876403229443906 
60.34030532836914 35.764705657958984 
60.36696243286133 35.764705657958984 
60.36696243286133 35.74143600463867 
60.34030532836914 35.74143600463867 
60.34030532836914 35.764705657958984 
> -Z-0.004968069604590369 
60.465023040771484 35.772438049316406 
60.478336334228516 35.772438049316406 
60.478336334228516 35.76078796386719 
60.465023040771484 35.76078796386719 
60.465023040771484 35.772438049316406 
> -Z-0.0009843216154322432 
60.47931671142578 35.783287048339844 
60.50593948364258 35.783287048339844 
60.50593948364258 35.759986877441406 
60.47931671142578 35.759986877441406 
60.47931671142578 35.783287048339844 
> -Z0.0074871190621570195 
60.46445846557617 36.07657241821289 
60.57123947143555 36.07657241821289 
60.57123947143555 35.98332977294922 
60.46445846557617 35.98332977294922 
60.46445846557617 36.07657241821289 
> -Z0.005887335401909062 
60.46841812133789 36.16656494140625 
60.5753059387207 36.16656494140625 
60.5753059387207 36.07331085205078 
60.46841812133789 36.07331085205078 
60.46841812133789 36.16656494140625 
> -Z0.00865393477980497 
60.57939529418945 36.16329574584961 
60.68613815307617 36.16329574584961 
60.68613815307617 36.069950103759766 
60.57939529418945 36.069950103759766 
60.57939529418945 36.16329574584961 
> -Z0.010739686150483235 
60.57123947143555 35.98332977294922 
60.67776870727539 35.98332977294922 
60.67776870727539 35.8900032043457 
60.57123947143555 35.8900032043457 
60.57123947143555 35.98332977294922 
> -Z-0.0016833818157470197 
60.55514144897461 35.62337875366211 
60.66124725341797 35.62337875366211 
60.66124725341797 35.53009033203125 
60.55514144897461 35.53009033203125 
60.55514144897461 35.62337875366211 
> -Z0.001327757813384305 
60.559139251708984 35.7133674621582 
60.66535186767578 35.7133674621582 
60.66535186767578 35.62007141113281 
60.559139251708984 35.62007141113281 
60.559139251708984 35.7133674621582 
> -Z0.015945086339841114 
60.39408493041992 35.729408264160156 
60.40740203857422 35.729408264160156 
60.40740203857422 35.71776580810547 
60.39408493041992 35.71776580810547 
60.39408493041992 35.729408264160156 
> -Z0.020595231020028932 
60.40788269042969 35.7290153503418 
60.421199798583984 35.7290153503418 
60.421199798583984 35.71737289428711 
60.40788269042969 35.71737289428711 
60.40788269042969 35.7290153503418 
> -Z0.004304852970319892 
60.478336334228516 35.76078796386719 
60.50495147705078 35.76078796386719 
60.50495147705078 35.73748779296875 
60.478336334228516 35.73748779296875 
60.478336334228516 35.76078796386719 
> -Z0.016762436543480266 
60.44976043701172 35.73908615112305 
60.47637939453125 35.73908615112305 
60.47637939453125 35.715789794921875 
60.44976043701172 35.715789794921875 
60.44976043701172 35.73908615112305 
> -Z0.012896978923034628 
60.47735595703125 35.73828887939453 
60.50396728515625 35.73828887939453 
60.50396728515625 35.714988708496094 
60.47735595703125 35.714988708496094 
60.47735595703125 35.73828887939453 
> -Z0.00737293765822435 
60.44684982299805 35.67158508300781 
60.500030517578125 35.67158508300781 
60.500030517578125 35.624996185302734 
60.44684982299805 35.624996185302734 
60.44684982299805 35.67158508300781 
> -Z0.004924381183024615 
60.50199508666992 35.66999435424805 
60.55514144897461 35.66999435424805 
60.55514144897461 35.62337875366211 
60.50199508666992 35.62337875366211 
60.50199508666992 35.66999435424805 
> -Z-0.0004761943045835139 
60.45267868041992 35.806583404541016 
60.465999603271484 35.806583404541016 
60.465999603271484 35.79493713378906 
60.45267868041992 35.79493713378906 
60.45267868041992 35.806583404541016 
> -Z0.014761718013134546 
60.47637939453125 35.715789794921875 
60.50297927856445 35.715789794921875 
60.50297927856445 35.69248962402344 
60.47637939453125 35.69248962402344 
60.47637939453125 35.715789794921875 
> -Z0.013192725588998614 
60.447818756103516 35.69408416748047 
60.474422454833984 35.69408416748047 
60.474422454833984 35.67079162597656 
60.447818756103516 35.67079162597656 
60.447818756103516 35.69408416748047 
> -Z0.001320447826449524 
60.444915771484375 35.6265869140625 
60.55116271972656 35.6265869140625 
60.55116271972656 35.53338623046875 
60.444915771484375 35.53338623046875 
60.444915771484375 35.6265869140625 
> -Z0.0026352784529071766 
60.35359191894531 36.07972717285156 
60.460514068603516 36.07972717285156 
60.460514068603516 35.986576080322266 
60.35359191894531 35.986576080322266 
60.35359191894531 36.07972717285156 
> -Z0.0003825226210167794 
60.357425689697266 36.16973114013672 
60.46445846557617 36.16973114013672 
60.46445846557617 36.07657241821289 
60.357425689697266 36.07657241821289 
60.357425689697266 36.16973114013672 
> -Z0.0030778739025425998 
60.50791931152344 35.80498504638672 
60.5611457824707 35.80498504638672 
60.5611457824707 35.75836181640625 
60.50791931152344 35.75836181640625 
60.50791931152344 35.80498504638672 
> -Z0.0017712552991251268 
60.45073318481445 35.7615852355957 
60.47735595703125 35.7615852355957 
60.47735595703125 35.73828887939453 
60.45073318481445 35.73828887939453 
60.45073318481445 35.7615852355957 
> -Z0.0022983000971722248 
60.36696243286133 35.74143600463867 
60.380287170410156 35.74143600463867 
60.380287170410156 35.72979736328125 
60.36696243286133 35.72979736328125 
60.36696243286133 35.74143600463867 
> -Z0.0013619431312610099 
60.46649169921875 35.80618667602539 
60.47980880737305 35.80618667602539 
60.47980880737305 35.79453659057617 
60.46649169921875 35.79453659057617 
60.46649169921875 35.80618667602539 
> -Z-0.0018800394987079222 
60.45219421386719 35.79533386230469 
60.465511322021484 35.79533386230469 
60.465511322021484 35.783687591552734 
60.45219421386719 35.783687591552734 
60.45219421386719 35.79533386230469 
> -Z-0.00037799750089331785 
60.465999603271484 35.79493713378906 
60.47931671142578 35.79493713378906 
60.47931671142578 35.783287048339844 
60.465999603271484 35.783287048339844 
60.465999603271484 35.79493713378906 
> -Z0.0008728696152750445 
60.48030090332031 35.8057861328125 
60.50693130493164 35.8057861328125 
60.50693130493164 35.78248596191406 
60.48030090332031 35.78248596191406 
60.48030090332031 35.8057861328125 
> -Z-0.006476279898740098 
60.45170593261719 35.78408432006836 
60.465023040771484 35.78408432006836 
60.465023040771484 35.772438049316406 
60.45170593261719 35.772438049316406 
60.45170593261719 35.78408432006836 
> -Z-0.003546654335189567 
60.465511322021484 35.783687591552734 
60.47882843017578 35.783687591552734 
60.47882843017578 35.772037506103516 
60.465511322021484 35.772037506103516 
60.465511322021484 35.783687591552734 
> -Z-0.008315564878613582 
60.45121765136719 35.77283477783203 
60.464534759521484 35.77283477783203 
60.464534759521484 35.76118850708008 
60.45121765136719 35.76118850708008 
60.45121765136719 35.77283477783203 
> -Z0.005450960170243036 
60.56315612792969 35.8033561706543 
60.669471740722656 35.8033561706543 
60.669471740722656 35.710052490234375 
60.56315612792969 35.710052490234375 
60.56315612792969 35.8033561706543 
> -Z0.0012632090459506196 
60.66535186767578 35.62007141113281 
60.77131652832031 35.62007141113281 
60.77131652832031 35.526695251464844 
60.66535186767578 35.526695251464844 
60.66535186767578 35.62007141113281 
> -Z0.00807147613551798 
60.669471740722656 35.710052490234375 
60.775543212890625 35.710052490234375 
60.775543212890625 35.61666488647461 
60.669471740722656 35.61666488647461 
60.669471740722656 35.710052490234375 
> -Z0.008980088992973704 
60.67361068725586 35.80002975463867 
60.77978515625 35.80002975463867 
60.77978515625 35.706634521484375 
60.67361068725586 35.706634521484375 
60.67361068725586 35.80002975463867 
> -Z0.011906997122714182 
60.67776870727539 35.8900032043457 
60.78404998779297 35.8900032043457 
60.78404998779297 35.796600341796875 
60.67776870727539 35.796600341796875 
60.67776870727539 35.8900032043457 
> -Z-0.006456877665617164 
60.66124725341797 35.53009033203125 
60.76710891723633 35.53009033203125 
60.76710891723633 35.43672180175781 
60.66124725341797 35.43672180175781 
60.66124725341797 35.53009033203125 
> -Z0.009254940238957385 
60.681941986083984 35.97998046875 
60.788330078125 35.97998046875 
60.788330078125 35.88656234741211 
60.681941986083984 35.88656234741211 
60.681941986083984 35.97998046875 
> -Z0.01004916003679689 
60.68613815307617 36.069950103759766 
60.79262924194336 36.069950103759766 
60.79262924194336 35.976524353027344 
60.68613815307617 35.976524353027344 
60.68613815307617 36.069950103759766 
> -Z0.016035631721467287 
60.69034957885742 36.15991973876953 
60.79695129394531 36.15991973876953 
60.79695129394531 36.06648635864258 
60.69034957885742 36.06648635864258 
60.69034957885742 36.15991973876953 
> -Z-0.005719155722622219 
60.55116271972656 35.53338623046875 
60.65716552734375 35.53338623046875 
60.65716552734375 35.44010925292969 
60.55116271972656 35.44010925292969 
60.55116271972656 35.53338623046875 
> -Z0.011696808780786102 
60.56718826293945 35.89334487915039 
60.67361068725586 35.89334487915039 
60.67361068725586 35.80002975463867 
60.56718826293945 35.80002975463867 
60.56718826293945 35.89334487915039 
> -Z0.005123988313318593 
60.50593948364258 35.759986877441406 
60.559139251708984 35.759986877441406 
60.559139251708984 35.7133674621582 
60.50593948364258 35.7133674621582 
60.50593948364258 35.759986877441406 
> -Z0.011576116915422315 
60.45658874511719 35.896583557128906 
60.56315612792969 35.896583557128906 
60.56315612792969 35.8033561706543 
60.45658874511719 35.8033561706543 
60.45658874511719 35.896583557128906 
> -Z0.010467595905106285 
60.460514068603516 35.986576080322266 
60.56718826293945 35.986576080322266 
60.56718826293945 35.89334487915039 
60.460514068603516 35.89334487915039 
60.460514068603516 35.986576080322266 
> -Z0.008619359093965336 
60.5753059387207 36.07331085205078 
60.681941986083984 36.07331085205078 
60.681941986083984 35.97998046875 
60.5753059387207 35.97998046875 
60.5753059387207 36.07331085205078 
