> -Z-0.018537212163209915 
60.22441101074219 35.632694244384766 
60.330936431884766 35.632694244384766 
60.330936431884766 35.539676666259766 
60.22441101074219 35.539676666259766 
60.22441101074219 35.632694244384766 
> -Z0.018201356753706932 
60.3426628112793 35.820960998535156 
60.35600280761719 35.820960998535156 
60.35600280761719 35.809326171875 
60.3426628112793 35.809326171875 
60.3426628112793 35.820960998535156 
> -Z0.04272519424557686 
60.356475830078125 35.82057571411133 
60.36981201171875 35.82057571411133 
60.36981201171875 35.80894088745117 
60.356475830078125 35.80894088745117 
60.356475830078125 35.82057571411133 
> -Z0.017715660855174065 
60.34124755859375 35.787208557128906 
60.35457992553711 35.787208557128906 
60.35457992553711 35.77557373046875 
60.34124755859375 35.77557373046875 
60.34124755859375 35.787208557128906 
> -Z0.045036979019641876 
60.35505294799805 35.78682327270508 
60.36172103881836 35.78682327270508 
60.36172103881836 35.781005859375 
60.35505294799805 35.781005859375 
60.35505294799805 35.78682327270508 
> -Z0.061245888471603394 
60.36195755004883 35.7866325378418 
60.36862564086914 35.7866325378418 
60.36862564086914 35.78081130981445 
60.36195755004883 35.78081130981445 
60.36195755004883 35.7866325378418 
> -Z0.034513525664806366 
60.35481643676758 35.78120040893555 
60.36148452758789 35.78120040893555 
60.36148452758789 35.7753791809082 
60.35481643676758 35.7753791809082 
60.35481643676758 35.78120040893555 
> -Z-0.02203511819243431 
60.11064529418945 35.54556655883789 
60.21720504760742 35.54556655883789 
60.21720504760742 35.4526481628418 
60.11064529418945 35.4526481628418 
60.11064529418945 35.54556655883789 
> -Z-0.013862081803381443 
60.1141357421875 35.63560104370117 
60.22079849243164 35.63560104370117 
60.22079849243164 35.54267120361328 
60.1141357421875 35.54267120361328 
60.1141357421875 35.63560104370117 
> -Z-0.01633874699473381 
60.124691009521484 35.90568542480469 
60.23168182373047 35.90568542480469 
60.23168182373047 35.81273651123047 
60.124691009521484 35.81273651123047 
60.124691009521484 35.90568542480469 
> -Z-0.013045372441411018 
60.12824249267578 35.99571228027344 
60.2353401184082 35.99571228027344 
60.2353401184082 35.90275192260742 
60.12824249267578 35.90275192260742 
60.12824249267578 35.99571228027344 
> -Z-0.011882893741130829 
60.34597396850586 35.89971923828125 
60.399356842041016 35.89971923828125 
60.399356842041016 35.8531608581543 
60.34597396850586 35.8531608581543 
60.34597396850586 35.89971923828125 
> -Z-0.01665959507226944 
60.401283264160156 35.898162841796875 
60.45463180541992 35.898162841796875 
60.45463180541992 35.851585388183594 
60.401283264160156 35.851585388183594 
60.401283264160156 35.898162841796875 
> -Z-0.00810286309570074 
60.344078063964844 35.854713439941406 
60.370765686035156 35.854713439941406 
60.370765686035156 35.83143997192383 
60.344078063964844 35.83143997192383 
60.344078063964844 35.854713439941406 
> -Z0.051093123853206635 
60.36172103881836 35.781005859375 
60.36838912963867 35.781005859375 
60.36838912963867 35.77518844604492 
60.36172103881836 35.77518844604492 
60.36172103881836 35.781005859375 
> -Z0.004217788111418486 
60.34077453613281 35.77595901489258 
60.35410690307617 35.77595901489258 
60.35410690307617 35.764320373535156 
60.34077453613281 35.764320373535156 
60.34077453613281 35.77595901489258 
> -Z0.028336135670542717 
60.35457992553711 35.77557373046875 
60.36791229248047 35.77557373046875 
60.36791229248047 35.76393508911133 
60.35457992553711 35.76393508911133 
60.35457992553711 35.77557373046875 
> -Z0.0786028653383255 
60.36886215209961 35.78643798828125 
60.37553024291992 35.78643798828125 
60.37553024291992 35.780616760253906 
60.36886215209961 35.780616760253906 
60.36886215209961 35.78643798828125 
> -Z0.09230109304189682 
60.37576675415039 35.7862434387207 
60.38243103027344 35.7862434387207 
60.38243103027344 35.780426025390625 
60.37576675415039 35.780426025390625 
60.37576675415039 35.7862434387207 
> -Z0.06707291305065155 
60.36862564086914 35.78081130981445 
60.37528991699219 35.78081130981445 
60.37528991699219 35.774993896484375 
60.36862564086914 35.774993896484375 
60.36862564086914 35.78081130981445 
> -Z0.08152399212121964 
60.37553024291992 35.780616760253906 
60.38219451904297 35.780616760253906 
60.38219451904297 35.77479934692383 
60.37553024291992 35.77479934692383 
60.37553024291992 35.780616760253906 
> -Z0.10066716372966766 
60.38267135620117 35.786048889160156 
60.395999908447266 35.786048889160156 
60.395999908447266 35.774410247802734 
60.38267135620117 35.774410247802734 
60.38267135620117 35.786048889160156 
> -Z0.09673749655485153 
60.40410232543945 35.80234146118164 
60.4107666015625 35.80234146118164 
60.4107666015625 35.7965202331543 
60.40410232543945 35.7965202331543 
60.40410232543945 35.80234146118164 
> -Z0.07412644475698471 
60.41124725341797 35.807769775390625 
60.417911529541016 35.807769775390625 
60.417911529541016 35.80194854736328 
60.41124725341797 35.80194854736328 
60.41124725341797 35.807769775390625 
> -Z0.06705059856176376 
60.418155670166016 35.80757141113281 
60.4248161315918 35.80757141113281 
60.4248161315918 35.80175018310547 
60.418155670166016 35.80175018310547 
60.418155670166016 35.80757141113281 
> -Z0.090890072286129 
60.411006927490234 35.80214309692383 
60.41767120361328 35.80214309692383 
60.41767120361328 35.796321868896484 
60.411006927490234 35.796321868896484 
60.411006927490234 35.80214309692383 
> -Z0.083189457654953 
60.417911529541016 35.80194854736328 
60.42457580566406 35.80194854736328 
60.42457580566406 35.79612731933594 
60.417911529541016 35.79612731933594 
60.417911529541016 35.80194854736328 
> -Z0.113772451877594 
60.39695739746094 35.79690933227539 
60.41028594970703 35.79690933227539 
60.41028594970703 35.7852668762207 
60.39695739746094 35.7852668762207 
60.39695739746094 35.79690933227539 
> -Z0.1035982295870781 
60.4107666015625 35.7965202331543 
60.42409133911133 35.7965202331543 
60.42409133911133 35.784873962402344 
60.4107666015625 35.784873962402344 
60.4107666015625 35.7965202331543 
> -Z-0.0064062923192977905 
60.37171936035156 35.85394287109375 
60.39839553833008 35.85394287109375 
60.39839553833008 35.83066177368164 
60.37171936035156 35.83066177368164 
60.37171936035156 35.85394287109375 
> -Z0.0021323629189282656 
60.34313201904297 35.83221435546875 
60.356475830078125 35.83221435546875 
60.356475830078125 35.82057571411133 
60.34313201904297 35.82057571411133 
60.34313201904297 35.83221435546875 
> -Z0.015004449523985386 
60.35694885253906 35.83182907104492 
60.37028884887695 35.83182907104492 
60.37028884887695 35.8201904296875 
60.35694885253906 35.8201904296875 
60.35694885253906 35.83182907104492 
> -Z-0.014311417005956173 
60.24271011352539 36.08278274536133 
60.34977340698242 36.08278274536133 
60.34977340698242 35.989723205566406 
60.24271011352539 35.989723205566406 
60.24271011352539 36.08278274536133 
> -Z-0.01800461672246456 
60.2280387878418 35.72271728515625 
60.33467102050781 35.72271728515625 
60.33467102050781 35.62969207763672 
60.2280387878418 35.62969207763672 
60.2280387878418 35.72271728515625 
> -Z-0.016099905595183372 
60.23168182373047 35.81273651123047 
60.33842086791992 35.81273651123047 
60.33842086791992 35.719703674316406 
60.23168182373047 35.719703674316406 
60.23168182373047 35.81273651123047 
> -Z-0.01398575771600008 
60.117637634277344 35.72563171386719 
60.22441101074219 35.72563171386719 
60.22441101074219 35.632694244384766 
60.117637634277344 35.632694244384766 
60.117637634277344 35.72563171386719 
> -Z-0.019519774243235588 
60.121158599853516 35.81565856933594 
60.2280387878418 35.81565856933594 
60.2280387878418 35.72271728515625 
60.121158599853516 35.72271728515625 
60.121158599853516 35.81565856933594 
> -Z-0.020921919494867325 
60.22079849243164 35.54267120361328 
60.32722091674805 35.54267120361328 
60.32722091674805 35.44966506958008 
60.22079849243164 35.44966506958008 
60.22079849243164 35.54267120361328 
> -Z-0.014625662006437778 
60.2353401184082 35.90275192260742 
60.34218978881836 35.90275192260742 
60.34218978881836 35.80971145629883 
60.2353401184082 35.80971145629883 
60.2353401184082 35.90275192260742 
> -Z-0.01712534762918949 
60.24641799926758 36.17279815673828 
60.35359191894531 36.17279815673828 
60.35359191894531 36.07972717285156 
60.24641799926758 36.07972717285156 
60.24641799926758 36.17279815673828 
> -Z-0.013627788051962852 
60.33467102050781 35.62969207763672 
60.44105911254883 35.62969207763672 
60.44105911254883 35.536582946777344 
60.33467102050781 35.536582946777344 
60.33467102050781 35.62969207763672 
> -Z-0.009716957807540894 
60.33842086791992 35.719703674316406 
60.391700744628906 35.719703674316406 
60.391700744628906 35.673152923583984 
60.33842086791992 35.673152923583984 
60.33842086791992 35.719703674316406 
> -Z-0.015667075291275978 
60.330936431884766 35.539676666259766 
60.437217712402344 35.539676666259766 
60.437217712402344 35.44657897949219 
60.330936431884766 35.44657897949219 
60.330936431884766 35.539676666259766 
> -Z-0.011108245700597763 
60.239017486572266 35.99277114868164 
60.34597396850586 35.99277114868164 
60.34597396850586 35.89971923828125 
60.239017486572266 35.89971923828125 
60.239017486572266 35.99277114868164 
> -Z-0.013960166834294796 
60.13180923461914 36.08573532104492 
60.239017486572266 36.08573532104492 
60.239017486572266 35.99277114868164 
60.13180923461914 35.99277114868164 
60.13180923461914 36.08573532104492 
> -Z0.05402282625436783 
60.36838912963867 35.77518844604492 
60.37505340576172 35.77518844604492 
60.37505340576172 35.76936721801758 
60.36838912963867 35.76936721801758 
60.36838912963867 35.77518844604492 
> -Z0.06908972561359406 
60.37528991699219 35.774993896484375 
60.381954193115234 35.774993896484375 
60.381954193115234 35.76917266845703 
60.37528991699219 35.76917266845703 
60.37528991699219 35.774993896484375 
> -Z0.04205078259110451 
60.36814880371094 35.769561767578125 
60.374813079833984 35.769561767578125 
60.374813079833984 35.76374053955078 
60.36814880371094 35.76374053955078 
60.36814880371094 35.769561767578125 
> -Z0.055678702890872955 
60.37505340576172 35.76936721801758 
60.381717681884766 35.76936721801758 
60.381717681884766 35.7635498046875 
60.37505340576172 35.7635498046875 
60.37505340576172 35.76936721801758 
> -Z0.08304852247238159 
60.38219451904297 35.77479934692383 
60.3955192565918 35.77479934692383 
60.3955192565918 35.76315689086914 
60.38219451904297 35.76315689086914 
60.38219451904297 35.77479934692383 
> -Z0.08604730665683746 
60.397438049316406 35.80815887451172 
60.40410232543945 35.80815887451172 
60.40410232543945 35.80234146118164 
60.397438049316406 35.80234146118164 
60.397438049316406 35.80815887451172 
> -Z0.07996921986341476 
60.40434265136719 35.80796432495117 
60.411006927490234 35.80796432495117 
60.411006927490234 35.80214309692383 
60.40434265136719 35.80214309692383 
60.40434265136719 35.80796432495117 
> -Z0.10271608829498291 
60.39719772338867 35.80253601074219 
60.40386199951172 35.80253601074219 
60.40386199951172 35.796714782714844 
60.39719772338867 35.796714782714844 
60.39719772338867 35.80253601074219 
> -Z0.05741625651717186 
60.438629150390625 35.80135726928711 
60.445289611816406 35.80135726928711 
60.445289611816406 35.7955322265625 
60.438629150390625 35.7955322265625 
60.438629150390625 35.80135726928711 
> -Z0.04810316115617752 
60.445533752441406 35.8011589050293 
60.45219421386719 35.8011589050293 
60.45219421386719 35.79533386230469 
60.445533752441406 35.79533386230469 
60.445533752441406 35.8011589050293 
> -Z0.08809012174606323 
60.42457580566406 35.79612731933594 
60.43790054321289 35.79612731933594 
60.43790054321289 35.784481048583984 
60.42457580566406 35.784481048583984 
60.42457580566406 35.79612731933594 
> -Z0.06930293142795563 
60.438385009765625 35.79573059082031 
60.45170593261719 35.79573059082031 
60.45170593261719 35.78408432006836 
60.438385009765625 35.78408432006836 
60.438385009765625 35.79573059082031 
> -Z0.11012100428342819 
60.39647674560547 35.78565979003906 
60.423126220703125 35.78565979003906 
60.423126220703125 35.76237487792969 
60.39647674560547 35.76237487792969 
60.39647674560547 35.78565979003906 
> -Z-0.010204932652413845 
60.399356842041016 35.8531608581543 
60.426025390625 35.8531608581543 
60.426025390625 35.82987594604492 
60.399356842041016 35.82987594604492 
60.399356842041016 35.8531608581543 
> -Z-0.013565805740654469 
60.42699432373047 35.85237503051758 
60.45365524291992 35.85237503051758 
60.45365524291992 35.82908630371094 
60.42699432373047 35.82908630371094 
60.42699432373047 35.85237503051758 
> -Z0.06824740767478943 
60.38386535644531 35.81417465209961 
60.39052963256836 35.81417465209961 
60.39052963256836 35.80835723876953 
60.38386535644531 35.80835723876953 
60.38386535644531 35.81417465209961 
> -Z0.06842654943466187 
60.390769958496094 35.81398010253906 
60.397438049316406 35.81398010253906 
60.397438049316406 35.80815887451172 
60.390769958496094 35.80815887451172 
60.390769958496094 35.81398010253906 
> -Z0.005135135725140572 
60.426025390625 35.82987594604492 
60.439353942871094 35.82987594604492 
60.439353942871094 35.81822967529297 
60.426025390625 35.81822967529297 
60.426025390625 35.82987594604492 
> -Z-0.0005220977473072708 
60.439842224121094 35.8294792175293 
60.45316696166992 35.8294792175293 
60.45316696166992 35.817832946777344 
60.439842224121094 35.817832946777344 
60.439842224121094 35.8294792175293 
> -Z0.02536468207836151 
60.42554473876953 35.818626403808594 
60.43220520019531 35.818626403808594 
60.43220520019531 35.81280517578125 
60.42554473876953 35.81280517578125 
60.42554473876953 35.818626403808594 
> -Z0.018912015482783318 
60.43244934082031 35.81842803955078 
60.43911361694336 35.81842803955078 
60.43911361694336 35.81260681152344 
60.43244934082031 35.81260681152344 
60.43244934082031 35.81842803955078 
> -Z0.04380715638399124 
60.42530059814453 35.8129997253418 
60.43196487426758 35.8129997253418 
60.43196487426758 35.80717849731445 
60.42530059814453 35.80717849731445 
60.42530059814453 35.8129997253418 
> -Z0.034111082553863525 
60.43220520019531 35.81280517578125 
60.43886947631836 35.81280517578125 
60.43886947631836 35.80698013305664 
60.43220520019531 35.80698013305664 
60.43220520019531 35.81280517578125 
> -Z0.017464447766542435 
60.439353942871094 35.81822967529297 
60.45267868041992 35.81822967529297 
60.45267868041992 35.806583404541016 
60.439353942871094 35.806583404541016 
60.439353942871094 35.81822967529297 
> -Z-0.01140940934419632 
60.34977340698242 35.989723205566406 
60.45658874511719 35.989723205566406 
60.45658874511719 35.896583557128906 
60.34977340698242 35.896583557128906 
60.34977340698242 35.989723205566406 
> -Z0.027738265693187714 
60.34218978881836 35.80971145629883 
60.355525970458984 35.80971145629883 
60.355525970458984 35.79807662963867 
60.34218978881836 35.79807662963867 
60.34218978881836 35.80971145629883 
> -Z0.11077412962913513 
60.383148193359375 35.797298431396484 
60.39647674560547 35.797298431396484 
60.39647674560547 35.78565979003906 
60.383148193359375 35.78565979003906 
60.383148193359375 35.797298431396484 
> -Z0.06322143971920013 
60.4250602722168 35.807376861572266 
60.438385009765625 35.807376861572266 
60.438385009765625 35.79573059082031 
60.4250602722168 35.79573059082031 
60.4250602722168 35.807376861572266 
> -Z0.0445997528731823 
60.43886947631836 35.80698013305664 
60.445533752441406 35.80698013305664 
60.445533752441406 35.8011589050293 
60.43886947631836 35.8011589050293 
60.43886947631836 35.80698013305664 
> -Z0.02838635817170143 
60.44577407836914 35.80678176879883 
60.45243835449219 35.80678176879883 
60.45243835449219 35.800960540771484 
60.44577407836914 35.800960540771484 
60.44577407836914 35.80678176879883 
> -Z0.022727899253368378 
60.370765686035156 35.83143997192383 
60.38410186767578 35.83143997192383 
60.38410186767578 35.819801330566406 
60.370765686035156 35.819801330566406 
60.370765686035156 35.83143997192383 
> -Z0.025415431708097458 
60.38458251953125 35.831050872802734 
60.397918701171875 35.831050872802734 
60.397918701171875 35.81941223144531 
60.38458251953125 35.81941223144531 
60.38458251953125 35.831050872802734 
> -Z0.04480944201350212 
60.37028884887695 35.8201904296875 
60.376956939697266 35.8201904296875 
60.376956939697266 35.814369201660156 
60.37028884887695 35.814369201660156 
60.37028884887695 35.8201904296875 
> -Z0.04865201562643051 
60.377197265625 35.81999588012695 
60.38386535644531 35.81999588012695 
60.38386535644531 35.81417465209961 
60.377197265625 35.81417465209961 
60.377197265625 35.81999588012695 
> -Z0.06149635463953018 
60.370052337646484 35.8145637512207 
60.3767204284668 35.8145637512207 
60.3767204284668 35.808746337890625 
60.370052337646484 35.808746337890625 
60.370052337646484 35.8145637512207 
> -Z0.0671742856502533 
60.376956939697266 35.814369201660156 
60.38362503051758 35.814369201660156 
60.38362503051758 35.80855178833008 
60.376956939697266 35.80855178833008 
60.376956939697266 35.814369201660156 
> -Z0.04853026196360588 
60.38410186767578 35.819801330566406 
60.390769958496094 35.819801330566406 
60.390769958496094 35.81398010253906 
60.38410186767578 35.81398010253906 
60.38410186767578 35.819801330566406 
> -Z0.048840172588825226 
60.39101028442383 35.81960678100586 
60.39767837524414 35.81960678100586 
60.39767837524414 35.813785552978516 
60.39101028442383 35.813785552978516 
60.39101028442383 35.81960678100586 
> -Z0.006929417140781879 
60.42023849487305 35.69487380981445 
60.44684982299805 35.69487380981445 
60.44684982299805 35.67158508300781 
60.42023849487305 35.67158508300781 
60.42023849487305 35.69487380981445 
> -Z-0.016452860087156296 
60.336544036865234 35.67469787597656 
60.38979721069336 35.67469787597656 
60.38979721069336 35.628150939941406 
60.336544036865234 35.628150939941406 
60.336544036865234 35.67469787597656 
> -Z0.06244807690382004 
60.395042419433594 35.75190734863281 
60.408363342285156 35.75190734863281 
60.408363342285156 35.74026870727539 
60.395042419433594 35.74026870727539 
60.395042419433594 35.75190734863281 
> -Z0.08322402834892273 
60.408843994140625 35.75151824951172 
60.42216110229492 35.75151824951172 
60.42216110229492 35.73987579345703 
60.408843994140625 35.73987579345703 
60.408843994140625 35.75151824951172 
> -Z0.0990384891629219 
60.423126220703125 35.76237487792969 
60.44976043701172 35.76237487792969 
60.44976043701172 35.73908615112305 
60.423126220703125 35.73908615112305 
60.423126220703125 35.76237487792969 
> -Z-0.009067161940038204 
60.391700744628906 35.673152923583984 
60.444915771484375 35.673152923583984 
60.444915771484375 35.6265869140625 
60.391700744628906 35.6265869140625 
60.391700744628906 35.673152923583984 
> -Z0.03182672709226608 
60.448787689208984 35.71658706665039 
60.475399017333984 35.71658706665039 
60.475399017333984 35.69329071044922 
60.448787689208984 35.69329071044922 
60.448787689208984 35.71658706665039 
> -Z0.034122709184885025 
60.36791229248047 35.76393508911133 
60.38124084472656 35.76393508911133 
60.38124084472656 35.752296447753906 
60.36791229248047 35.752296447753906 
60.36791229248047 35.76393508911133 
> -Z0.05986947938799858 
60.381717681884766 35.7635498046875 
60.38837814331055 35.7635498046875 
60.38837814331055 35.757728576660156 
60.381717681884766 35.757728576660156 
60.381717681884766 35.7635498046875 
> -Z0.074273020029068 
60.38861846923828 35.76335525512695 
60.39528274536133 35.76335525512695 
60.39528274536133 35.75753402709961 
60.38861846923828 35.75753402709961 
60.38861846923828 35.76335525512695 
> -Z0.04818873479962349 
60.38147735595703 35.7579231262207 
60.38814163208008 35.7579231262207 
60.38814163208008 35.75210189819336 
60.38147735595703 35.75210189819336 
60.38147735595703 35.7579231262207 
> -Z0.06251965463161469 
60.38837814331055 35.757728576660156 
60.395042419433594 35.757728576660156 
60.395042419433594 35.75190734863281 
60.38837814331055 35.75190734863281 
60.38837814331055 35.757728576660156 
> -Z0.061337124556303024 
60.35600280761719 35.809326171875 
60.36933898925781 35.809326171875 
60.36933898925781 35.79768753051758 
60.35600280761719 35.79768753051758 
60.35600280761719 35.809326171875 
> -Z0.029041942209005356 
60.34171676635742 35.7984619140625 
60.35505294799805 35.7984619140625 
60.35505294799805 35.78682327270508 
60.34171676635742 35.78682327270508 
60.34171676635742 35.7984619140625 
> -Z0.06253886967897415 
60.355525970458984 35.79807662963867 
60.36886215209961 35.79807662963867 
60.36886215209961 35.78643798828125 
60.355525970458984 35.78643798828125 
60.355525970458984 35.79807662963867 
> -Z0.08685152977705002 
60.36981201171875 35.80894088745117 
60.383148193359375 35.80894088745117 
60.383148193359375 35.797298431396484 
60.36981201171875 35.797298431396484 
60.36981201171875 35.80894088745117 
> -Z0.09764242172241211 
60.38362503051758 35.80855178833008 
60.39695739746094 35.80855178833008 
60.39695739746094 35.79690933227539 
60.38362503051758 35.79690933227539 
60.38362503051758 35.80855178833008 
> -Z0.09446697682142258 
60.36933898925781 35.79768753051758 
60.38267135620117 35.79768753051758 
60.38267135620117 35.786048889160156 
60.36933898925781 35.786048889160156 
60.36933898925781 35.79768753051758 
> -Z0.09949397295713425 
60.42409133911133 35.784873962402344 
60.45073318481445 35.784873962402344 
60.45073318481445 35.7615852355957 
60.42409133911133 35.7615852355957 
60.42409133911133 35.784873962402344 
> -Z0.016105664893984795 
60.39360809326172 35.71815490722656 
60.42023849487305 35.71815490722656 
60.42023849487305 35.69487380981445 
60.39360809326172 35.69487380981445 
60.39360809326172 35.71815490722656 
> -Z0.029749808833003044 
60.421199798583984 35.71737289428711 
60.447818756103516 35.71737289428711 
60.447818756103516 35.69408416748047 
60.421199798583984 35.69408416748047 
60.421199798583984 35.71737289428711 
> -Z0.0005264297360554338 
60.39265441894531 35.695655822753906 
60.419273376464844 35.695655822753906 
60.419273376464844 35.6723747253418 
60.39265441894531 35.6723747253418 
60.39265441894531 35.695655822753906 
> -Z0.02455858513712883 
60.38076400756836 35.74104690551758 
60.39408493041992 35.74104690551758 
60.39408493041992 35.729408264160156 
60.38076400756836 35.729408264160156 
60.38076400756836 35.74104690551758 
> -Z-0.0010717930272221565 
60.36648941040039 35.73018264770508 
60.37981033325195 35.73018264770508 
60.37981033325195 35.718544006347656 
60.36648941040039 35.718544006347656 
60.36648941040039 35.73018264770508 
> -Z0.011249986477196217 
60.380287170410156 35.72979736328125 
60.39360809326172 35.72979736328125 
60.39360809326172 35.71815490722656 
60.380287170410156 35.71815490722656 
60.380287170410156 35.72979736328125 
> -Z0.08442691713571548 
60.3955192565918 35.76315689086914 
60.408843994140625 35.76315689086914 
60.408843994140625 35.75151824951172 
60.3955192565918 35.75151824951172 
60.3955192565918 35.76315689086914 
> -Z0.10038295388221741 
60.409324645996094 35.76276779174805 
60.422645568847656 35.76276779174805 
60.422645568847656 35.75112533569336 
60.409324645996094 35.75112533569336 
60.409324645996094 35.76276779174805 
> -Z0.07557190954685211 
60.42216110229492 35.73987579345703 
60.43547821044922 35.73987579345703 
60.43547821044922 35.72822952270508 
60.42216110229492 35.72822952270508 
60.42216110229492 35.73987579345703 
> -Z0.0796431303024292 
60.43596267700195 35.73948287963867 
60.449275970458984 35.73948287963867 
60.449275970458984 35.72783660888672 
60.43596267700195 35.72783660888672 
60.43596267700195 35.73948287963867 
> -Z0.012307357974350452 
60.39839553833008 35.83066177368164 
60.40506362915039 35.83066177368164 
60.40506362915039 35.8248405456543 
60.39839553833008 35.8248405456543 
60.39839553833008 35.83066177368164 
> -Z0.008054307661950588 
60.405303955078125 35.830467224121094 
60.41197204589844 35.830467224121094 
60.41197204589844 35.82464599609375 
60.405303955078125 35.82464599609375 
60.405303955078125 35.830467224121094 
> -Z0.029459495097398758 
60.398155212402344 35.825035095214844 
60.404823303222656 35.825035095214844 
60.404823303222656 35.8192138671875 
60.398155212402344 35.8192138671875 
60.398155212402344 35.825035095214844 
> -Z0.025538979098200798 
60.40506362915039 35.8248405456543 
60.4117317199707 35.8248405456543 
60.4117317199707 35.81901931762695 
60.40506362915039 35.81901931762695 
60.40506362915039 35.8248405456543 
> -Z0.011495041660964489 
60.41221237182617 35.83026885986328 
60.42554473876953 35.83026885986328 
60.42554473876953 35.818626403808594 
60.41221237182617 35.818626403808594 
60.41221237182617 35.83026885986328 
> -Z0.04628651961684227 
60.397918701171875 35.81941223144531 
60.40458297729492 35.81941223144531 
60.40458297729492 35.81359100341797 
60.397918701171875 35.81359100341797 
60.397918701171875 35.81941223144531 
> -Z0.044983670115470886 
60.404823303222656 35.8192138671875 
60.4114875793457 35.8192138671875 
60.4114875793457 35.813392639160156 
60.404823303222656 35.813392639160156 
60.404823303222656 35.8192138671875 
> -Z0.06566476821899414 
60.39767837524414 35.813785552978516 
60.40434265136719 35.813785552978516 
60.40434265136719 35.80796432495117 
60.39767837524414 35.80796432495117 
60.39767837524414 35.813785552978516 
> -Z0.05567505210638046 
60.42168045043945 35.7286262512207 
60.434993743896484 35.7286262512207 
60.434993743896484 35.71697998046875 
60.42168045043945 35.71697998046875 
60.42168045043945 35.7286262512207 
> -Z0.06076108664274216 
60.43547821044922 35.72822952270508 
60.448787689208984 35.72822952270508 
60.448787689208984 35.71658706665039 
60.43547821044922 35.71658706665039 
60.43547821044922 35.72822952270508 
> -Z-0.017514199018478394 
60.44105911254883 35.536582946777344 
60.54719924926758 35.536582946777344 
60.54719924926758 35.44339370727539 
60.44105911254883 35.44339370727539 
60.44105911254883 35.536582946777344 
> -Z-0.011764644645154476 
60.33936309814453 35.74220275878906 
60.36601638793945 35.74220275878906 
60.36601638793945 35.71893310546875 
60.33936309814453 35.71893310546875 
60.33936309814453 35.74220275878906 
> -Z0.016533784568309784 
60.36743927001953 35.752685546875 
60.38076400756836 35.752685546875 
60.38076400756836 35.74104690551758 
60.36743927001953 35.74104690551758 
60.36743927001953 35.752685546875 
> -Z0.04076625406742096 
60.38124084472656 35.752296447753906 
60.394561767578125 35.752296447753906 
60.394561767578125 35.740657806396484 
60.38124084472656 35.740657806396484 
60.38124084472656 35.752296447753906 
> -Z0.04404723644256592 
60.394561767578125 35.740657806396484 
60.40788269042969 35.740657806396484 
60.40788269042969 35.7290153503418 
60.394561767578125 35.7290153503418 
60.394561767578125 35.740657806396484 
> -Z0.0620013065636158 
60.408363342285156 35.74026870727539 
60.42168045043945 35.74026870727539 
60.42168045043945 35.7286262512207 
60.408363342285156 35.7286262512207 
60.408363342285156 35.74026870727539 
> -Z0.061955682933330536 
60.40458297729492 35.81359100341797 
60.41124725341797 35.81359100341797 
60.41124725341797 35.807769775390625 
60.40458297729492 35.807769775390625 
60.40458297729492 35.81359100341797 
> -Z0.038735419511795044 
60.4117317199707 35.81901931762695 
60.41839599609375 35.81901931762695 
60.41839599609375 35.81319808959961 
60.4117317199707 35.81319808959961 
60.4117317199707 35.81901931762695 
> -Z0.032364267855882645 
60.418636322021484 35.818824768066406 
60.42530059814453 35.818824768066406 
60.42530059814453 35.8129997253418 
60.418636322021484 35.8129997253418 
60.418636322021484 35.818824768066406 
> -Z0.05726592242717743 
60.4114875793457 35.813392639160156 
60.418155670166016 35.813392639160156 
60.418155670166016 35.80757141113281 
60.4114875793457 35.80757141113281 
60.4114875793457 35.813392639160156 
> -Z0.05134822428226471 
60.41839599609375 35.81319808959961 
60.4250602722168 35.81319808959961 
60.4250602722168 35.807376861572266 
60.41839599609375 35.807376861572266 
60.41839599609375 35.81319808959961 
> -Z0.008320027031004429 
60.475399017333984 35.69329071044922 
60.50199508666992 35.69329071044922 
60.50199508666992 35.66999435424805 
60.475399017333984 35.66999435424805 
60.475399017333984 35.69329071044922 
> -Z0.004437426570802927 
60.50396728515625 35.714988708496094 
60.55713653564453 35.714988708496094 
60.55713653564453 35.668373107910156 
60.50396728515625 35.668373107910156 
60.50396728515625 35.714988708496094 
> -Z0.0012783987913280725 
60.34030532836914 35.764705657958984 
60.36696243286133 35.764705657958984 
60.36696243286133 35.74143600463867 
60.34030532836914 35.74143600463867 
60.34030532836914 35.764705657958984 
> -Z0.0625033751130104 
60.465023040771484 35.772438049316406 
60.478336334228516 35.772438049316406 
60.478336334228516 35.76078796386719 
60.465023040771484 35.76078796386719 
60.465023040771484 35.772438049316406 
> -Z0.033134352415800095 
60.47931671142578 35.783287048339844 
60.50593948364258 35.783287048339844 
60.50593948364258 35.759986877441406 
60.47931671142578 35.759986877441406 
60.47931671142578 35.783287048339844 
> -Z-0.00917248334735632 
60.46445846557617 36.07657241821289 
60.57123947143555 36.07657241821289 
60.57123947143555 35.98332977294922 
60.46445846557617 35.98332977294922 
60.46445846557617 36.07657241821289 
> -Z-0.009755983017385006 
60.46841812133789 36.16656494140625 
60.5753059387207 36.16656494140625 
60.5753059387207 36.07331085205078 
60.46841812133789 36.07331085205078 
60.46841812133789 36.16656494140625 
> -Z-0.00718322629109025 
60.57939529418945 36.16329574584961 
60.68613815307617 36.16329574584961 
60.68613815307617 36.069950103759766 
60.57939529418945 36.069950103759766 
60.57939529418945 36.16329574584961 
> -Z-0.007442564237862825 
60.57123947143555 35.98332977294922 
60.67776870727539 35.98332977294922 
60.67776870727539 35.8900032043457 
60.57123947143555 35.8900032043457 
60.57123947143555 35.98332977294922 
> -Z-0.015229138545691967 
60.55514144897461 35.62337875366211 
60.66124725341797 35.62337875366211 
60.66124725341797 35.53009033203125 
60.55514144897461 35.53009033203125 
60.55514144897461 35.62337875366211 
> -Z-0.009286302141845226 
60.559139251708984 35.7133674621582 
60.66535186767578 35.7133674621582 
60.66535186767578 35.62007141113281 
60.559139251708984 35.62007141113281 
60.559139251708984 35.7133674621582 
> -Z0.02764471434056759 
60.39408493041992 35.729408264160156 
60.40740203857422 35.729408264160156 
60.40740203857422 35.71776580810547 
60.39408493041992 35.71776580810547 
60.39408493041992 35.729408264160156 
> -Z0.042907096445560455 
60.40788269042969 35.7290153503418 
60.421199798583984 35.7290153503418 
60.421199798583984 35.71737289428711 
60.40788269042969 35.71737289428711 
60.40788269042969 35.7290153503418 
> -Z0.04597170278429985 
60.478336334228516 35.76078796386719 
60.50495147705078 35.76078796386719 
60.50495147705078 35.73748779296875 
60.478336334228516 35.73748779296875 
60.478336334228516 35.76078796386719 
> -Z0.06215453892946243 
60.44976043701172 35.73908615112305 
60.47637939453125 35.73908615112305 
60.47637939453125 35.715789794921875 
60.44976043701172 35.715789794921875 
60.44976043701172 35.73908615112305 
> -Z0.041575007140636444 
60.47735595703125 35.73828887939453 
60.50396728515625 35.73828887939453 
60.50396728515625 35.714988708496094 
60.47735595703125 35.714988708496094 
60.47735595703125 35.73828887939453 
> -Z-0.0038410157430917025 
60.44684982299805 35.67158508300781 
60.500030517578125 35.67158508300781 
60.500030517578125 35.624996185302734 
60.44684982299805 35.624996185302734 
60.44684982299805 35.67158508300781 
> -Z-0.005254700314253569 
60.50199508666992 35.66999435424805 
60.55514144897461 35.66999435424805 
60.55514144897461 35.62337875366211 
60.50199508666992 35.62337875366211 
60.50199508666992 35.66999435424805 
> -Z0.02995641715824604 
60.45267868041992 35.806583404541016 
60.465999603271484 35.806583404541016 
60.465999603271484 35.79493713378906 
60.45267868041992 35.79493713378906 
60.45267868041992 35.806583404541016 
> -Z0.025273777544498444 
60.47637939453125 35.715789794921875 
60.50297927856445 35.715789794921875 
60.50297927856445 35.69248962402344 
60.47637939453125 35.69248962402344 
60.47637939453125 35.715789794921875 
> -Z0.010320981033146381 
60.447818756103516 35.69408416748047 
60.474422454833984 35.69408416748047 
60.474422454833984 35.67079162597656 
60.447818756103516 35.67079162597656 
60.447818756103516 35.69408416748047 
> -Z-0.012916441075503826 
60.444915771484375 35.6265869140625 
60.55116271972656 35.6265869140625 
60.55116271972656 35.53338623046875 
60.444915771484375 35.53338623046875 
60.444915771484375 35.6265869140625 
> -Z-0.012747134082019329 
60.35359191894531 36.07972717285156 
60.460514068603516 36.07972717285156 
60.460514068603516 35.986576080322266 
60.35359191894531 35.986576080322266 
60.35359191894531 36.07972717285156 
> -Z-0.014468029141426086 
60.357425689697266 36.16973114013672 
60.46445846557617 36.16973114013672 
60.46445846557617 36.07657241821289 
60.357425689697266 36.07657241821289 
60.357425689697266 36.16973114013672 
> -Z0.003182230284437537 
60.50791931152344 35.80498504638672 
60.5611457824707 35.80498504638672 
60.5611457824707 35.75836181640625 
60.50791931152344 35.75836181640625 
60.50791931152344 35.80498504638672 
> -Z0.07992728799581528 
60.45073318481445 35.7615852355957 
60.47735595703125 35.7615852355957 
60.47735595703125 35.73828887939453 
60.45073318481445 35.73828887939453 
60.45073318481445 35.7615852355957 
> -Z0.0055124820210039616 
60.36696243286133 35.74143600463867 
60.380287170410156 35.74143600463867 
60.380287170410156 35.72979736328125 
60.36696243286133 35.72979736328125 
60.36696243286133 35.74143600463867 
> -Z0.019736414775252342 
60.46649169921875 35.80618667602539 
60.47980880737305 35.80618667602539 
60.47980880737305 35.79453659057617 
60.46649169921875 35.79453659057617 
60.46649169921875 35.80618667602539 
> -Z0.05203967168927193 
60.45219421386719 35.79533386230469 
60.465511322021484 35.79533386230469 
60.465511322021484 35.783687591552734 
60.45219421386719 35.783687591552734 
60.45219421386719 35.79533386230469 
> -Z0.03643544390797615 
60.465999603271484 35.79493713378906 
60.47931671142578 35.79493713378906 
60.47931671142578 35.783287048339844 
60.465999603271484 35.783287048339844 
60.465999603271484 35.79493713378906 
> -Z0.012480105273425579 
60.48030090332031 35.8057861328125 
60.50693130493164 35.8057861328125 
60.50693130493164 35.78248596191406 
60.48030090332031 35.78248596191406 
60.48030090332031 35.8057861328125 
> -Z0.06944423168897629 
60.45170593261719 35.78408432006836 
60.465023040771484 35.78408432006836 
60.465023040771484 35.772438049316406 
60.45170593261719 35.772438049316406 
60.45170593261719 35.78408432006836 
> -Z0.0511246919631958 
60.465511322021484 35.783687591552734 
60.47882843017578 35.783687591552734 
60.47882843017578 35.772037506103516 
60.465511322021484 35.772037506103516 
60.465511322021484 35.783687591552734 
> -Z0.08202291280031204 
60.45121765136719 35.77283477783203 
60.464534759521484 35.77283477783203 
60.464534759521484 35.76118850708008 
60.45121765136719 35.76118850708008 
60.45121765136719 35.77283477783203 
> -Z-0.004728586878627539 
60.56315612792969 35.8033561706543 
60.669471740722656 35.8033561706543 
60.669471740722656 35.710052490234375 
60.56315612792969 35.710052490234375 
60.56315612792969 35.8033561706543 
> -Z-0.012431417591869831 
60.66535186767578 35.62007141113281 
60.77131652832031 35.62007141113281 
60.77131652832031 35.526695251464844 
60.66535186767578 35.526695251464844 
60.66535186767578 35.62007141113281 
> -Z-0.004862350411713123 
60.669471740722656 35.710052490234375 
60.775543212890625 35.710052490234375 
60.775543212890625 35.61666488647461 
60.669471740722656 35.61666488647461 
60.669471740722656 35.710052490234375 
> -Z-0.00447817612439394 
60.67361068725586 35.80002975463867 
60.77978515625 35.80002975463867 
60.77978515625 35.706634521484375 
60.67361068725586 35.706634521484375 
60.67361068725586 35.80002975463867 
> -Z-0.003732051234692335 
60.67776870727539 35.8900032043457 
60.78404998779297 35.8900032043457 
60.78404998779297 35.796600341796875 
60.67776870727539 35.796600341796875 
60.67776870727539 35.8900032043457 
> -Z-0.020614445209503174 
60.66124725341797 35.53009033203125 
60.76710891723633 35.53009033203125 
60.76710891723633 35.43672180175781 
60.66124725341797 35.43672180175781 
60.66124725341797 35.53009033203125 
> -Z-0.007288329768925905 
60.681941986083984 35.97998046875 
60.788330078125 35.97998046875 
60.788330078125 35.88656234741211 
60.681941986083984 35.88656234741211 
60.681941986083984 35.97998046875 
> -Z-0.006029677111655474 
60.68613815307617 36.069950103759766 
60.79262924194336 36.069950103759766 
60.79262924194336 35.976524353027344 
60.68613815307617 35.976524353027344 
60.68613815307617 36.069950103759766 
> -Z0.0003828096960205585 
60.69034957885742 36.15991973876953 
60.79695129394531 36.15991973876953 
60.79695129394531 36.06648635864258 
60.69034957885742 36.06648635864258 
60.69034957885742 36.15991973876953 
> -Z-0.020028620958328247 
60.55116271972656 35.53338623046875 
60.65716552734375 35.53338623046875 
60.65716552734375 35.44010925292969 
60.55116271972656 35.44010925292969 
60.55116271972656 35.53338623046875 
> -Z-0.005444556940346956 
60.56718826293945 35.89334487915039 
60.67361068725586 35.89334487915039 
60.67361068725586 35.80002975463867 
60.56718826293945 35.80002975463867 
60.56718826293945 35.89334487915039 
> -Z0.013595052063465118 
60.50593948364258 35.759986877441406 
60.559139251708984 35.759986877441406 
60.559139251708984 35.7133674621582 
60.50593948364258 35.7133674621582 
60.50593948364258 35.759986877441406 
> -Z-0.010895437560975552 
60.45658874511719 35.896583557128906 
60.56315612792969 35.896583557128906 
60.56315612792969 35.8033561706543 
60.45658874511719 35.8033561706543 
60.45658874511719 35.896583557128906 
> -Z-0.010256701149046421 
60.460514068603516 35.986576080322266 
60.56718826293945 35.986576080322266 
60.56718826293945 35.89334487915039 
60.460514068603516 35.89334487915039 
60.460514068603516 35.986576080322266 
> -Z-0.007975330576300621 
60.5753059387207 36.07331085205078 
60.681941986083984 36.07331085205078 
60.681941986083984 35.97998046875 
60.5753059387207 35.97998046875 
60.5753059387207 36.07331085205078 
