Number xind yind east north data err wgt Elos Nlos Ulos
********************************************************
   0  531 3169 87.322375 28.652423 -0.0029974947683513165 0.0029899016954004765 3321 -0.6222758054523556 -0.11412470243025774 0.7744342284815587
   1  534 3171 87.351215 28.672127 0.003260746831074357 0.0008174670510925353 56 -0.6250503528208747 -0.11444793570476729 0.7721487722268405
   2  534 3171 87.357644 28.672223 0.0045537096448242664 0.0008640106534585357 52 -0.6255697480729113 -0.11450832388212631 0.7717190771632514
   3  534 3171 87.351215 28.666292 0.004991977941244841 0.0008005239069461823 56 -0.6248965430901054 -0.11442908686300736 0.7722760481289926
   4  534 3171 87.357452 28.666292 0.006969220004975796 0.0007233512587845325 49 -0.6253958876552335 -0.11448699704290155 0.7718631427993057
   5  535 3171 87.363854 28.672032 0.0036318451166152954 0.0015302677638828754 53 -0.6260635182777609 -0.11456571851804577 0.7713100331397976
   6  536 3171 87.368679 28.673377 -0.00020541867706924677 0.0013367646606639028 16 -0.6264877070376611 -0.11461523314958387 0.7709581708891609
   7  536 3171 87.372005 28.673377 -0.0055697886273264885 0.0025386454071849585 16 -0.6267549882784794 -0.11464622994667156 0.7707362886403222
   8  533 3157 87.347473 28.542102 -0.015341195277869701 0.0034281855914741755 12423 -0.622463361074511 -0.11419548872978495 0.7742730490425123
   9  535 3170 87.363689 28.660458 0.00931857991963625 0.0002554845705162734 56 -0.625737080208772 -0.11452536397660548 0.7715808755132717
  10  536 3170 87.370342 28.660458 0.008417055942118168 0.0008036564686335623 56 -0.6262669997294381 -0.11458654745730659 0.7711417302880855
  11  535 3169 87.363689 28.655040 0.009190536104142666 0.00034347001928836107 48 -0.62559963030887 -0.11450881034977883 0.771694780926814
  12  536 3169 87.370395 28.654669 0.008943854831159115 0.00041246734326705337 55 -0.6261244843922813 -0.11456941316326023 0.7712599948214129
  13  536 3171 87.375332 28.673377 -0.013943946920335293 0.003193553304299712 16 -0.6270222186730651 -0.11467718997988341 0.7705142953823925
  14  536 3171 87.378658 28.673377 -0.026018407195806503 0.005462307017296553 16 -0.6272893495487615 -0.11470809454383066 0.7702922334989594
  15  536 3171 87.375332 28.670460 -0.007972191087901592 0.0023995283991098404 12 -0.6269413924812407 -0.11466713988562262 0.7705815579314976
  16  536 3171 87.368679 28.670460 0.002952718874439597 0.0007850449183024466 12 -0.6264079721376948 -0.11460524446003899 0.7710244421447323
  17  536 3171 87.372005 28.670460 -0.0010942289372906089 0.002410781802609563 12 -0.6266747224518605 -0.11463618943039304 0.7708030463826427
  18  535 3171 87.363689 28.666292 0.0075196800753474236 0.0008890670724213123 56 -0.6258949696621046 -0.11454493205578666 0.771449898238381
  19  536 3171 87.370342 28.666292 0.005294679198414087 0.0019657667726278305 56 -0.6264270441888723 -0.11460649476933464 0.7710087610821806
  20  534 3170 87.354126 28.657957 0.007072370033711195 0.00121249386575073 195 -0.6249124189299748 -0.11442960852125629 0.7722631244341269
  21  524 3157 87.248077 28.542501 -0.011314745992422104 0.0010245497105643153 11827 -0.6147631928220357 -0.11330396806058629 0.7805308626652646
  22  524 3167 87.248235 28.630098 -0.009586825035512447 0.0015054199611768126 12564 -0.615990197109589 -0.1133972741799363 0.7795493154852039
  23  524 3176 87.248512 28.720057 -0.012208639644086361 0.0022112580481916666 12636 -0.617629129697227 -0.11355990430813291 0.7782277342031532
  24  524 3183 87.248512 28.782570 -0.014417854137718678 0.0019737754482775927 4913 -0.6187520376741793 -0.11367044790115212 0.777319075507608
  25  536 3171 87.378658 28.670460 -0.017586175352334976 0.0045805987901985645 12 -0.6272079554000873 -0.11469802053143065 0.7703600098454056
  26  537 3171 87.381569 28.673377 -0.03930399566888809 0.0046434588730335236 12 -0.6275217335163866 -0.11473495853713017 0.7700989308225742
  27  537 3171 87.384480 28.673377 -0.05833665281534195 0.012439475394785404 16 -0.6277433956444768 -0.11475982655139821 0.7699145481380613
  28  537 3171 87.381569 28.670460 -0.030644496902823448 0.002872806042432785 9 -0.6274399531900751 -0.11472471340498641 0.770167089192326
  29  537 3171 87.384480 28.670460 -0.04475761950016022 0.010172786191105843 12 -0.6276616023498801 -0.11474957437921333 0.7699827583234382
  30  536 3171 87.375332 28.667542 -0.00220401119440794 0.002387882675975561 16 -0.626860551472521 -0.11465699522047967 0.7706488321243196
  31  536 3171 87.378658 28.667542 -0.009458376094698906 0.004083586391061544 16 -0.6271265985163296 -0.11468778885170094 0.7704277646357548
  32  536 3170 87.375332 28.664625 0.002831612480804324 0.00131654751021415 12 -0.6267797337028952 -0.11464689985858495 0.7707160655988322
  33  536 3170 87.378658 28.664625 -0.0021990174427628517 0.003295722184702754 12 -0.6270452446015707 -0.11467753983011486 0.7704955049064651
  34  537 3171 87.381569 28.667542 -0.021010970696806908 0.004047750029712915 12 -0.6273581682186474 -0.11471443525214031 0.7702352414127296
  35  537 3171 87.384480 28.667542 -0.03872392326593399 0.00813394133001566 16 -0.6275797679075846 -0.11473931967877626 0.7700509875538851
  36  537 3170 87.381569 28.664625 -0.012580537237226963 0.003019532188773155 9 -0.6272763874438784 -0.11470415856450474 0.7703033751473288
  37  537 3170 87.384480 28.664625 -0.0295774657279253 0.008843408897519112 12 -0.6274979191329829 -0.11472909947163387 0.7701192084464614
  38  537 3171 87.387806 28.673377 -0.094626784324646 0.007574405055493116 16 -0.6279952195999617 -0.1147880303338233 0.7697049514272837
  39  538 3171 87.391132 28.672960 -0.11615660786628723 0.0031812097877264023 12 -0.6282353063769263 -0.11481473613689487 0.7695050202482793
  40  537 3171 87.387509 28.670579 -0.07543812692165375 0.013567766174674034 7 -0.6278942714133124 -0.11477571575304843 0.7697891393100589
  41  538 3171 87.391132 28.670460 -0.10798993706703186 0.006329791620373726 12 -0.6281652105911717 -0.1148059623251374 0.7695635511233286
  42  538 3171 87.394459 28.672960 -0.13290385901927948 0.0041073826141655445 12 -0.6284869869566457 -0.11484286298024261 0.7692952775421529
  43  538 3171 87.397785 28.672960 -0.14634396135807037 0.0027790467720478773 12 -0.6287386139780979 -0.11487095377043821 0.76908544341495
  44  538 3171 87.394459 28.670460 -0.12857088446617126 0.005492004565894604 12 -0.6284169067719596 -0.1148340685205632 0.769353837964156
  45  538 3171 87.397785 28.670460 -0.14079509675502777 0.003970859106630087 12 -0.6286685465204915 -0.11486214081282624 0.7691440354210043
  46  537 3171 87.387459 28.667404 -0.05513577535748482 0.005263666622340679 12 -0.627801475239027 -0.11476405221889215 0.7698665598699562
  47  538 3171 87.391548 28.667808 -0.09652368724346161 0.006562767084687948 11 -0.6281223019752156 -0.11480013165179262 0.7695994435640446
  48  537 3170 87.387693 28.664549 -0.04630044475197792 0.00442502973601222 11 -0.6277391068479381 -0.11475598044837534 0.7699186182221373
  49  538 3170 87.390924 28.664417 -0.06639548391103745 0.008491058833897114 8 -0.6279800311392227 -0.11478303467200933 0.769718088290684
  50  538 3171 87.394459 28.667542 -0.11539951711893082 0.008601387962698936 16 -0.628335120654002 -0.11482381211884626 0.7694221652144008
  51  538 3171 87.397785 28.667542 -0.131754070520401 0.005306295584887266 16 -0.6285867672033157 -0.11485191138431554 0.7692123988523936
  52  538 3170 87.394667 28.664417 -0.09235964715480804 0.017211858183145523 4 -0.6282631785073198 -0.11481467317097109 0.7694822735817393
  53  538 3170 87.397952 28.664792 -0.1183343306183815 0.004453627392649651 10 -0.6285222305013836 -0.11484375247394252 0.7692663506765842
  54  536 3170 87.375332 28.662125 0.005203166510909796 0.0008558678673580289 12 -0.6267104326616966 -0.11463824559212628 0.7707737062462292
  55  537 3170 87.378658 28.662125 0.0022433402482420206 0.0013320486759766936 12 -0.6269754926059724 -0.11466881249133438 0.7705535640780111
  56  536 3170 87.375332 28.659207 0.006829896941781044 0.0006469216314144433 16 -0.6266295815361417 -0.11462813575780695 0.7708409421122685
  57  537 3170 87.378658 28.659207 0.004398083779960871 0.0009346939041279256 16 -0.6268940898052596 -0.1146586326863621 0.7706213065557747
  58  537 3170 87.381569 28.662125 -0.005215913522988558 0.0026020887307822704 9 -0.6272062476169195 -0.11469540525172066 0.7703617896575913
  59  537 3170 87.384480 28.662125 -0.018946606665849686 0.006298355758190155 12 -0.6274277714315609 -0.1147202426257861 0.7701776792197408
  60  537 3170 87.381569 28.659207 -9.521842002868652e-05 0.0016003130003809929 12 -0.6271244460559912 -0.11468510655412575 0.770429916016788
  61  537 3170 87.384480 28.659207 -0.00845472700893879 0.004229474347084761 16 -0.6273459413524228 -0.11470999485994843 0.7702458613636772
  62  536 3169 87.376771 28.654719 0.006866108160465956 0.0010783837642520666 52 -0.626631678589965 -0.11462793500397726 0.7708392672303654
  63  537 3169 87.381569 28.656290 0.0024252906441688538 0.0012629505945369601 9 -0.6270447356344109 -0.11467515811607908 0.7704962735952876
  64  537 3169 87.384480 28.656290 -0.002856168895959854 0.002735468791797757 12 -0.6272661799681957 -0.11470006929339038 0.7703122961320289
  65  537 3169 87.381153 28.653373 0.0036587791983038187 0.0010617196094244719 16 -0.6269499895035755 -0.11466473409464989 0.7705749213518889
  66  537 3169 87.384480 28.653373 -0.001096398918889463 0.0018296027556061745 16 -0.6272040210653194 -0.11469338324277101 0.7703639034896568
  67  537 3170 87.387806 28.662125 -0.03975190594792366 0.0066893682815134525 12 -0.6276796735394272 -0.11474841323479512 0.7699682000482453
  68  538 3170 87.391132 28.662125 -0.05504860356450081 0.0045319292694330215 12 -0.6279314695167673 -0.11477672192088119 0.7697586463922376
  69  537 3170 87.387806 28.659207 -0.023496311157941818 0.008145350031554699 16 -0.6275978241949955 -0.11473817780687263 0.7700364417475747
  70  538 3170 87.391132 28.659207 -0.043401408940553665 0.007828955538570881 16 -0.627849662636325 -0.1147664146103985 0.7698269098991845
  71  538 3170 87.394345 28.662049 -0.07173146307468414 0.006025085225701332 11 -0.6281725078375788 -0.11480354551544555 0.7695579551496625
  72  538 3170 87.397952 28.662125 -0.09541682153940201 0.008648566901683807 10 -0.6284474670147187 -0.11483431308109766 0.769328838496242
  73  538 3170 87.394459 28.659207 -0.05730476975440979 0.00569882383570075 16 -0.6281014252878823 -0.11479452308725735 0.7696173185554623
  74  538 3170 87.397785 28.659207 -0.06922616064548492 0.006015207152813673 16 -0.6283531093044865 -0.11482268414532172 0.7694076430820321
  75  537 3169 87.387806 28.656290 -0.011718475259840488 0.003531675087288022 12 -0.6275180414726772 -0.1147283260001784 0.7701029274321012
  76  538 3169 87.391132 28.656290 -0.02640528418123722 0.006461361888796091 12 -0.6277698915196493 -0.11475651599402611 0.7698934376511599
  77  537 3169 87.387806 28.653373 -0.007377983536571264 0.002356544602662325 16 -0.6274557534882402 -0.11472151753818603 0.7701546927911563
  78  538 3169 87.391132 28.653373 -0.01771993190050125 0.003792094299569726 16 -0.6277073953206731 -0.11474976305616458 0.7699453991928846
  79  538 3169 87.394459 28.656290 -0.04261204972863197 0.005749857518821955 12 -0.628021634872098 -0.1147847005846228 0.7696838952740767
  80  538 3169 87.397785 28.656290 -0.05381520465016365 0.004752964247018099 12 -0.6282733141986622 -0.11481278903840138 0.7694742790626942
  81  538 3169 87.394459 28.653373 -0.030304057523608208 0.0036105636972934008 16 -0.6279589989833251 -0.1147778512980816 0.7697360199751964
  82  538 3169 87.397785 28.653373 -0.04129495844244957 0.004778991919010878 16 -0.6282105120119145 -0.11480597982841759 0.7695265684778956
  83  534 3168 87.354126 28.646705 0.004229431971907616 0.001624095137231052 210 -0.6246686258365212 -0.11440266114244813 0.7724643286385712
  84  535 3168 87.366895 28.646530 0.0061648148111999035 0.0015423977747559547 217 -0.62567914996556 -0.11451953123538021 0.771628717884452
  85  534 3167 87.354126 28.635036 0.0003988156677223742 0.0009132976992987096 210 -0.6244304041473241 -0.11437733268898695 0.7726606604087995
  86  535 3167 87.367016 28.635036 0.0011918796226382256 0.0012993291020393372 224 -0.6254534112020322 -0.11449564727884029 0.7718152480807443
  87  536 3169 87.376579 28.649205 0.006328810006380081 0.0007450609118677676 42 -0.6265024182526676 -0.11461402506901032 0.7709463957896423
  88  537 3169 87.382816 28.649205 0.002124642953276634 0.0018736266065388918 48 -0.6269913251405452 -0.11466994266375999 0.7705405131775961
  89  536 3168 87.376579 28.643787 0.004298133309930563 0.0008576164254918694 49 -0.6263912804304885 -0.11460221996892687 0.7710384523348021
  90  537 3168 87.382816 28.643787 0.0012526317732408643 0.001484345062635839 56 -0.6268799107503951 -0.11465810242171144 0.7706329197786901
  91  537 3169 87.387806 28.650455 -0.0057887304574251175 0.0028104509692639112 12 -0.6273955087884093 -0.11471507601741286 0.7702047305012171
  92  538 3169 87.391132 28.650455 -0.015709107741713524 0.002889432478696108 12 -0.6276469799159463 -0.11474326011673516 0.7699956187279088
  93  537 3169 87.387806 28.647955 -0.004785936325788498 0.002119394252076745 12 -0.627343857547385 -0.11470959943019056 0.770247617455667
  94  538 3169 87.391132 28.647955 -0.011839039623737335 0.0024295623879879713 12 -0.6275951751219979 -0.11473785347980528 0.77003864912252
  95  538 3169 87.394459 28.650455 -0.025038816034793854 0.0022127130068838596 12 -0.6278983861714386 -0.1147713442455104 0.7697864347878453
  96  538 3169 87.397785 28.650455 -0.03348616883158684 0.0031748597975820303 12 -0.6281497198709013 -0.11479943680215221 0.7695771687985663
  97  538 3169 87.394459 28.647955 -0.019455915316939354 0.002716311253607273 12 -0.6278464355556436 -0.11476580283952094 0.7698296330089361
  98  538 3169 87.397785 28.647955 -0.02870604209601879 0.002793769119307399 12 -0.628097592214095 -0.11479395193351842 0.7696205319859531
  99  538 3168 87.389469 28.643787 -0.006432512309402227 0.003123821457847953 56 -0.6273833180694997 -0.11471451742692997 0.7702147438861525
 100  538 3168 87.396122 28.643787 -0.018686426803469658 0.004298058804124594 56 -0.6278852876226523 -0.11477061154111362 0.7697972280500224
 101  537 3167 87.379906 28.635036 -0.0002059234248008579 0.0017977129900828004 210 -0.626472121073189 -0.11461295163483914 0.7709711751003469
 102  538 3167 87.389469 28.637953 -0.005621246062219143 0.002045148517936468 56 -0.6272626182611193 -0.11470167300334118 0.770314957626061
 103  538 3167 87.395837 28.638035 -0.013751518912613392 0.002758272225037217 51 -0.6277440486862362 -0.11475542285695849 0.769914672066933
 104  538 3167 87.389469 28.632118 -0.00619957922026515 0.0014733130810782313 56 -0.6271418740455434 -0.11468885618440272 0.7704151712458401
 105  538 3167 87.395706 28.632118 -0.010854576714336872 0.0014031118480488658 49 -0.627611092685863 -0.11474123458349146 0.7700251719417446
 106  531 3164 87.322081 28.607087 -0.009382078424096107 0.0032417066395282745 3406 -0.6213888444908451 -0.11403392609791702 0.7751594465921364
 107  535 3165 87.360779 28.617949 -0.005815529730170965 0.0028926245868206024 837 -0.624612551561171 -0.1144018673598333 0.7725097884019506
 108  537 3166 87.379906 28.623783 -0.005398857407271862 0.001664192066527903 195 -0.6262409077258448 -0.11458838387434679 0.7711626467690037
 109  538 3166 87.392380 28.623783 -0.009082046337425709 0.0015020555583760142 195 -0.6271879326478751 -0.11469483549397283 0.7703767856392708
 110  537 3165 87.379906 28.612531 -0.010121761821210384 0.0013499683700501919 210 -0.6260104541505318 -0.11456392636122814 0.7713533678353546
 111  538 3165 87.392380 28.612531 -0.012359889224171638 0.0014301948249340057 210 -0.6269562527583163 -0.11467025403542666 0.7705690040267003
 112  535 3163 87.360779 28.595444 -0.014009163714945316 0.0022937527392059565 837 -0.6241962739648466 -0.114360726046467 0.7728522730163425
 113  537 3163 87.386143 28.595444 -0.016448168084025383 0.002435911213979125 810 -0.6261386842999621 -0.11458091838754333 0.7712467576363479
 114  531 3179 87.322525 28.742559 -0.012807157821953297 0.0008286104421131313 3294 -0.6239926974318063 -0.1142980519288532 0.7730259173385117
 115  536 3179 87.373669 28.742559 -0.017401427030563354 0.0034255548380315304 3348 -0.6280938212880101 -0.11477299080437904 0.7696267356593345
 116  531 3174 87.322525 28.697550 -0.0075454493053257465 0.0030019336845725775 3294 -0.6233081503603703 -0.11424239195306313 0.7735862108227994
 117  534 3176 87.354542 28.714219 -0.013982800766825676 0.001314665307290852 224 -0.626204097181746 -0.11457484541332566 0.7711945496898348
 118  535 3176 87.364105 28.717136 -0.01744331791996956 0.0009822903666645288 49 -0.6270165054666245 -0.11466744782948277 0.7705203944612339
 119  536 3176 87.370342 28.717136 -0.021125348284840584 0.001228785840794444 56 -0.6275225253942495 -0.11472630774670252 0.7700995743627135
 120  535 3176 87.364105 28.711302 -0.01764562353491783 0.0010466790990903974 49 -0.6269462387054717 -0.11466365487908761 0.7705781336261958
 121  536 3176 87.370342 28.711302 -0.021708901971578598 0.0013848799280822277 56 -0.627453401224714 -0.1147227548473145 0.770156424898073
 122  534 3175 87.354542 28.702967 -0.01039653830230236 0.002118568168953061 208 -0.6260651550452121 -0.11456687797685311 0.7713085323713536
 123  535 3175 87.364105 28.705467 -0.016479339450597763 0.000842547626234591 49 -0.6268759795214209 -0.11465987026895254 0.770635854634967
 124  536 3175 87.370342 28.705467 -0.021483441814780235 0.0017835171893239021 56 -0.62738430416845 -0.11471919494689498 0.7702132439745542
 125  535 3174 87.364105 28.700049 -0.015712598338723183 0.0016764469910413027 42 -0.6268107309636761 -0.11465632370640998 0.770689454308876
 126  536 3174 87.370342 28.700049 -0.02199183963239193 0.0022968414705246687 48 -0.6273201247864799 -0.11471591517595633 0.770266005898753
 127  536 3176 87.376995 28.717136 -0.025488000363111496 0.0017552623758092523 56 -0.6280619806436745 -0.11478900476932413 0.7696503315493425
 128  537 3176 87.383232 28.717136 -0.029077202081680298 0.0018829902401193976 49 -0.6285585823856097 -0.11484611878964299 0.7692362949759637
 129  536 3176 87.376995 28.711302 -0.029200540855526924 0.002948564710095525 56 -0.6279941056126305 -0.11478567983215285 0.7697062108501287
 130  537 3176 87.383232 28.711302 -0.03568744286894798 0.002450218191370368 49 -0.6284913388569277 -0.11484292979857602 0.7692917121983741
 131  538 3176 87.389469 28.717136 -0.03258122503757477 0.0021310565061867237 56 -0.6290333741207941 -0.1148992603018512 0.7688401486813085
 132  538 3176 87.396122 28.717136 -0.03446269407868385 0.00197366694919765 56 -0.6295389627575786 -0.11495571636387864 0.7684177754616167
 133  538 3176 87.389469 28.711302 -0.04057065770030022 0.003253449220210314 56 -0.628965492998637 -0.11489595918264194 0.7688961745128416
 134  538 3176 87.396122 28.711302 -0.0426410436630249 0.0029077427461743355 56 -0.6294703004551792 -0.11495234491603226 0.7684745273873247
 135  536 3175 87.376995 28.705467 -0.0325726754963398 0.005135353188961744 56 -0.6279262246553836 -0.11478237872281256 0.7697620813762974
 136  537 3175 87.383232 28.705467 -0.042909856885671616 0.0035064928233623505 49 -0.6284240919678808 -0.11483973697659884 0.7693471228551454
 137  536 3174 87.376995 28.700049 -0.034003231674432755 0.006151401437819004 48 -0.6278631876198207 -0.11477932698534843 0.7698139539711322
 138  537 3174 87.383232 28.700049 -0.05174114182591438 0.004590027034282684 42 -0.6283616276646816 -0.11483677684456482 0.7693985830260825
 139  538 3175 87.389469 28.705467 -0.05104907229542732 0.003984691109508276 56 -0.6288975620780629 -0.11489269979941209 0.7689522247481121
 140  538 3175 87.396122 28.705467 -0.05366161838173866 0.0037694075144827366 56 -0.6294016768776456 -0.11494890005030374 0.7685312482396751
 141  538 3174 87.389469 28.700049 -0.06274833530187607 0.004076512064784765 48 -0.6288345046439039 -0.11488964753890277 0.7690042487903709
 142  538 3174 87.396122 28.700049 -0.06589163094758987 0.003440454136580229 48 -0.629337918364558 -0.11494580361758173 0.7685839230294069
 143  534 3174 87.351215 28.694632 -0.005894102156162262 0.0008801757358014584 56 -0.6256433482258794 -0.11452061779682916 0.771657585279989
 144  534 3174 87.357868 28.694632 -0.008619708009064198 0.0013757237466052175 56 -0.6261864921623956 -0.11458424964814275 0.7712074472967219
 145  534 3173 87.351215 28.688797 -0.003556937677785754 0.0007185754366219044 56 -0.6254896307627599 -0.11450181108858243 0.7717849811091824
 146  534 3173 87.357868 28.688797 -0.005436062812805176 0.0011571065988391638 56 -0.6260306257406929 -0.11456505903101419 0.7713368284244807
 147  535 3174 87.364105 28.694632 -0.01188418734818697 0.0018668485572561622 49 -0.6266954023853798 -0.11464383373835 0.7707850958696597
 148  536 3174 87.370342 28.694632 -0.020935477688908577 0.004370040725916624 56 -0.6272040632980465 -0.11470327185754235 0.7703623968026964
 149  535 3173 87.364105 28.688797 -0.007778308819979429 0.0012967790244147182 49 -0.6265375038367434 -0.11462426765611314 0.7709163596333408
 150  536 3173 87.370342 28.688797 -0.017993096262216568 0.007329553831368685 56 -0.6270441422658818 -0.11468335480157818 0.7704955365097841
 151  534 3172 87.351215 28.682962 -0.001504150335676968 0.0006440434954129159 56 -0.6253359069392193 -0.11448295701119031 0.7719123370218136
 152  534 3172 87.357868 28.682962 -0.0023260877933353186 0.0011368111008778214 56 -0.6258747262269568 -0.11454583245466891 0.771466188071518
 153  534 3172 87.351215 28.677545 0.0010572158498689532 0.0008240561583079398 48 -0.6251931379227431 -0.1144654625721528 0.7720305681593553
 154  534 3172 87.357868 28.677545 0.0014484146377071738 0.0010724721942096949 48 -0.6257299468331408 -0.11452800592132005 0.7715862683432624
 155  535 3172 87.364105 28.682962 -0.004319357220083475 0.0012177478056401014 49 -0.6263795960517468 -0.11460470409722263 0.7710475753472276
 156  536 3172 87.370342 28.682962 -0.01290976069867611 0.007713731843978167 56 -0.626884196003705 -0.11466346606078501 0.7706286358238419
 157  535 3172 87.364105 28.677545 -0.0007740621804259717 0.0013784781331196427 42 -0.6262329159384735 -0.11458653109306832 0.7711694119240298
 158  536 3172 87.368679 28.678795 -0.005282936617732048 0.0009518866427242756 12 -0.6266357861742182 -0.11463361567147455 0.7708350832985639
 159  536 3172 87.372005 28.678795 -0.012249448336660862 0.0045816656202077866 12 -0.6269040750287079 -0.1146648289222908 0.7706122615950397
 160  536 3172 87.368679 28.676294 -0.002920245984569192 0.0011711091501638293 12 -0.6265674568473415 -0.11462508801809605 0.7708918933395906
 161  536 3172 87.372005 28.676294 -0.00836991611868143 0.0024248873814940453 12 -0.6268352719691227 -0.11465620779608578 0.7706695114179728
 162  536 3174 87.376995 28.694632 -0.03700628876686096 0.005683344788849354 56 -0.6277463396163532 -0.11476655742285057 0.7699111444806976
 163  537 3174 87.381985 28.695882 -0.05194227397441864 0.0035652625374495983 16 -0.6281842713637107 -0.11481771734107296 0.7695462383741666
 164  537 3174 87.384895 28.695882 -0.06187007203698158 0.0024415645748376846 12 -0.6284057886985971 -0.11484251218166898 0.769361658861356
 165  537 3174 87.381985 28.692965 -0.05508507415652275 0.0035093638580292463 12 -0.6281025451420771 -0.11480741250391265 0.769614481945475
 166  537 3174 87.384895 28.692965 -0.0650252029299736 0.0031976725440472364 9 -0.628324046016508 -0.11483224995250883 0.769429949747402
 167  536 3173 87.375332 28.690047 -0.0343732014298439 0.0025166210252791643 16 -0.6274838759297557 -0.11473486898508077 0.7701297911957096
 168  536 3173 87.378658 28.690047 -0.04497908800840378 0.0032534252386540174 16 -0.6277540921434638 -0.11476638607396457 0.7699048489421646
 169  536 3173 87.375332 28.687130 -0.03496452048420906 0.002257597167044878 12 -0.6274031036774795 -0.11472481860803556 0.770197092627088
 170  536 3173 87.378658 28.687130 -0.0449841134250164 0.002733070868998766 12 -0.6276727634620596 -0.11475618899187606 0.76997267425277
 171  537 3173 87.381697 28.690143 -0.0553518608212471 0.0029595340602099895 13 -0.6280014347173336 -0.11479503262316254 0.7696988362197371
 172  537 3173 87.384563 28.689964 -0.0671735629439354 0.003912154119461775 15 -0.628214746269321 -0.11481893014398668 0.7695211795983025
 173  537 3173 87.381569 28.687130 -0.055861540138721466 0.002970296423882246 9 -0.6279071988539616 -0.1147833822646663 0.7697774514645485
 174  537 3173 87.384480 28.687130 -0.06979649513959885 0.0044192541390657425 12 -0.6281290108377723 -0.1148082788593534 0.769592752596667
 175  537 3174 87.387806 28.695882 -0.06921184808015823 0.00250897160731256 16 -0.6286260285973492 -0.11486716425770976 0.7691780357923106
 176  538 3174 87.391132 28.695882 -0.07454947382211685 0.002480002585798502 16 -0.6288777093646528 -0.11489513516245688 0.768968097244787
 177  537 3174 87.387806 28.692965 -0.07588595896959305 0.0033586726058274508 12 -0.6285442750791973 -0.11485694175141653 0.7692463696350331
 178  538 3174 87.391132 28.692965 -0.08228721469640732 0.002253532176837325 12 -0.628795957008367 -0.11488490311332018 0.7690364773445894
 179  538 3174 87.394459 28.695882 -0.0760999470949173 0.0022333080414682627 16 -0.6291292559368533 -0.11492327368979596 0.7687581027142163
 180  538 3174 87.397785 28.695882 -0.0757327675819397 0.00255062454380095 16 -0.629380772953991 -0.11495132844325905 0.7685480041773363
 181  538 3174 87.394459 28.692965 -0.0842074528336525 0.0023456343915313482 12 -0.6290475508070147 -0.11491305966546929 0.7688264872791628
 182  538 3174 87.397785 28.692965 -0.0849325880408287 0.002755517838522792 12 -0.6292990844717089 -0.11494106615404778 0.7686164281320299
 183  537 3173 87.387806 28.690047 -0.08109650015830994 0.004477612674236298 16 -0.6284625278719308 -0.1148466469192644 0.7693146942261173
 184  538 3173 87.391132 28.690047 -0.0908510833978653 0.003603355959057808 16 -0.6287142224599774 -0.11487467633541887 0.7691048271941732
 185  537 3173 87.387806 28.687297 -0.0896233394742012 0.003850725479424 10 -0.6283854238579626 -0.11483702714633852 0.7693791108933488
 186  538 3173 87.391132 28.687130 -0.10630470514297485 0.005951207131147385 12 -0.6286324670749988 -0.11486449389322692 0.7691731725572943
 187  538 3173 87.394459 28.690047 -0.09571400284767151 0.004711471498012543 16 -0.6289658251082629 -0.11490283932805231 0.7688948747132041
 188  538 3173 87.397785 28.690047 -0.09898194670677185 0.005223266314715147 16 -0.6292173729325129 -0.11493079278693623 0.7686848577078083
 189  538 3173 87.394459 28.687130 -0.11279108375310898 0.003609550418332219 12 -0.6288840814206745 -0.11489258757357877 0.7689632666495337
 190  538 3173 87.397785 28.687130 -0.11437917500734329 0.0030709218699485064 12 -0.6291356458609506 -0.11492062432867436 0.7687532693985972
 191  536 3173 87.375332 28.684629 -0.035131584852933884 0.0022724249865859747 12 -0.6273338362269654 -0.11471619235344896 0.7702547975421415
 192  536 3173 87.378658 28.684629 -0.045170754194259644 0.003006216138601303 12 -0.6276030513237326 -0.11474749458219419 0.7700307931870319
 193  536 3172 87.375332 28.681712 -0.03202486038208008 0.0030615224968641996 16 -0.6272530695429339 -0.11470606698259952 0.7703220787088677
 194  536 3172 87.378658 28.681712 -0.04366154968738556 0.004018731880933046 16 -0.6275217165064729 -0.11473729541211272 0.770098596514942
 195  537 3173 87.381569 28.684629 -0.05887862667441368 0.006509538274258375 9 -0.6278371329951575 -0.11477455337751558 0.7698359151984354
 196  537 3173 87.384480 28.684629 -0.0761520266532898 0.004588289652019739 12 -0.6280589173106607 -0.11479943811817808 0.7696512751852695
 197  537 3172 87.381493 28.681598 -0.051065072417259216 0.002339721191674471 11 -0.6277463434383412 -0.11476322062168695 0.7699116387562472
 198  537 3172 87.384064 28.681295 -0.06046587973833084 0.016808748245239258 8 -0.6279339469152911 -0.11478420490889332 0.7697555096358957
 199  536 3172 87.375332 28.678795 -0.027531379833817482 0.003963342867791653 12 -0.6271722538780157 -0.1146960374513907 0.7703893710056747
 200  536 3172 87.378658 28.678795 -0.03868108615279198 0.0034144921228289604 12 -0.6274403727406613 -0.1147271194923261 0.7701663889758197
 201  536 3172 87.375332 28.676294 -0.01891545206308365 0.0040532988496124744 12 -0.6271029981188465 -0.11468736901065679 0.7704470372061712
 202  536 3172 87.378658 28.676294 -0.03358642756938934 0.005044462159276009 12 -0.6273706986940307 -0.11471839655479842 0.7702244451535281
 203  537 3172 87.381569 28.678795 -0.043836697936058044 0.001735154539346695 9 -0.6276736178355499 -0.11475399892697052 0.7699723041795081
 204  537 3172 87.384366 28.678795 -0.06577163934707642 0.020564274862408638 11 -0.6278867429524677 -0.11477799060349764 0.7697949408105804
 205  537 3172 87.381569 28.676294 -0.044730156660079956 0.0017789921257644892 9 -0.627603520300383 -0.11474524073130893 0.7700307468121522
 206  537 3172 87.384480 28.676294 -0.07348226755857468 0.01342542190104723 12 -0.6278251991669723 -0.11477010542863332 0.7698463107600452
 207  537 3173 87.388103 28.684868 -0.10212327539920807 0.01269792951643467 7 -0.6283398328985511 -0.11483097133928127 0.769417248581222
 208  538 3173 87.391132 28.684629 -0.11749035120010376 0.003739504609256983 12 -0.628562381380567 -0.11485574618728779 0.7692317532973738
 209  537 3172 87.387889 28.681629 -0.10943897068500519 0.0041052126325666904 15 -0.6282328546848922 -0.11481782931116806 0.7695065603142981
 210  538 3172 87.391132 28.681712 -0.1225595623254776 0.003622251097112894 16 -0.6284806312293812 -0.1148454687628683 0.7693000809009158
 211  538 3173 87.394459 28.684629 -0.1235201433300972 0.002398237818852067 12 -0.6288140093896137 -0.11488383839970599 0.7690218756770896
 212  538 3173 87.397785 28.684629 -0.12290512770414352 0.002300366060808301 12 -0.6290655924281944 -0.11491191341759573 0.7688118967456681
 213  538 3172 87.394459 28.681712 -0.13094040751457214 0.0024783138651400805 16 -0.6287322734124402 -0.11487360448342196 0.7690902309629286
 214  538 3172 87.397785 28.681712 -0.13274021446704865 0.003664593445137143 16 -0.6289838741115192 -0.11490163956452086 0.7688802893383662
 215  537 3172 87.387806 28.678795 -0.10959496349096298 0.007454110309481621 12 -0.628147107622891 -0.11480714111368295 0.7695781516742137
 216  538 3172 87.391132 28.678795 -0.12706685066223145 0.003564178477972746 12 -0.628398865692048 -0.1148352480132025 0.7693683977202949
 217  537 3172 87.387806 28.676294 -0.10632037371397018 0.007544599007815123 12 -0.6280770233418977 -0.11479829212841745 0.7696366706923338
 218  538 3172 87.391132 28.675878 -0.12285231798887253 0.003351489081978798 16 -0.6283170882046962 -0.11482497357018602 0.7694367174203335
 219  538 3172 87.394459 28.678795 -0.13771677017211914 0.001699792337603867 12 -0.6286505319435381 -0.11486334955229201 0.769158578978831
 220  538 3172 87.397785 28.678795 -0.14169791340827942 0.002040951047092676 12 -0.6289021305144297 -0.11489137105082231 0.7689486869047072
 221  538 3172 87.394459 28.675878 -0.1378677487373352 0.005638274364173412 16 -0.62856876294005 -0.11485312236619095 0.7692269304559948
 222  538 3172 87.397785 28.675878 -0.149983748793602 0.0018943266477435827 16 -0.6288203619592756 -0.11488116434015523 0.7690170807369989
 223  533 3183 87.348305 28.782570 -0.01588340476155281 0.0015568631934002042 5166 -0.6266385022963017 -0.11458076941795628 0.7708407323951149
 224  543 3157 87.449754 28.542108 -0.02664593607187271 0.0032402733340859413 12421 -0.6301099615564043 -0.11504948514698075 0.7679355782321856
 225  539 3171 87.400862 28.673044 -0.14587214589118958 0.0015499669825658202 10 -0.628973650171522 -0.11489720473904501 0.7688893156580249
 226  539 3171 87.403720 28.672885 -0.14060761034488678 0.0019860928878188133 11 -0.6291852867045916 -0.1149207336888001 0.76871262508358
 227  539 3171 87.400696 28.670460 -0.14394499361515045 0.0012596132000908256 9 -0.6288886598088248 -0.11488668406813764 0.768960404304206
 228  539 3171 87.403606 28.670460 -0.1401228904724121 0.0014627284836024046 12 -0.6291087569345135 -0.11491127654073803 0.7687766713890902
 229  539 3171 87.406933 28.672960 -0.13262145221233368 0.0026481025852262974 12 -0.6294302674581502 -0.11494804638574103 0.768507960296875
 230  540 3171 87.410259 28.672960 -0.12079024314880371 0.004228693433105946 12 -0.6296816567780743 -0.11497601556647968 0.7682978113737381
 231  539 3171 87.406933 28.670460 -0.13247430324554443 0.002834375947713852 12 -0.6293602260356738 -0.11493928646960916 0.7685666310152833
 232  540 3171 87.410146 28.670384 -0.12283753603696823 0.003303962294012308 11 -0.6296009130182825 -0.11496610527368994 0.7683654631519717
 233  539 3171 87.400696 28.667542 -0.1365111917257309 0.003593259723857045 12 -0.6288069054642561 -0.11487650588347878 0.7690287797192439
 234  539 3171 87.403606 28.667542 -0.1358564794063568 0.002792089246213436 16 -0.6290270126307761 -0.11490107580097246 0.7688450820292608
 235  539 3170 87.400696 28.664625 -0.12290077656507492 0.0034915409050881863 9 -0.628725144269791 -0.11486629677240733 0.7690971504489686
 236  539 3170 87.403606 28.664625 -0.1246042251586914 0.0029508480802178383 12 -0.6289452636010516 -0.11489084902818839 0.7689134855127628
 237  539 3171 87.406933 28.667542 -0.1324135661125183 0.0024007298052310944 16 -0.6292784866106613 -0.11492909851337839 0.768635081559447
 238  540 3171 87.410259 28.667542 -0.12105958163738251 0.0051934486255049706 16 -0.6295298876768366 -0.11495713967740298 0.7684249973541853
 239  539 3170 87.406933 28.664625 -0.12477614730596542 0.002942695515230298 12 -0.6291967597894992 -0.11491889160601923 0.7687035096982706
 240  540 3170 87.410259 28.664625 -0.1176457330584526 0.003366441000252962 12 -0.6294481693050132 -0.11494688109764095 0.7684934721157313
 241  540 3171 87.413274 28.673273 -0.11006076633930206 0.004502183757722378 8 -0.6299181606544911 -0.11500245989222757 0.7680999577505517
 242  540 3171 87.416912 28.672960 -0.0864025130867958 0.0036528389900922775 12 -0.6301842178906283 -0.11503201529590443 0.767877260360365
 243  540 3171 87.413752 28.670293 -0.10193594545125961 0.00497191259637475 10 -0.6298707998335746 -0.11499609864465521 0.7681397482317405
 244  540 3171 87.416912 28.670460 -0.09131871908903122 0.002781112212687731 12 -0.6301141833491889 -0.11502329298173128 0.7679360377100579
 245  541 3171 87.420238 28.672960 -0.07642408460378647 0.002934680785983801 12 -0.6304353932770973 -0.11505989748910961 0.7676668775538953
 246  541 3171 87.423149 28.672960 -0.07001340389251709 0.0023680580779910088 9 -0.630655142112853 -0.11508431473141335 0.7674826983257786
 247  541 3171 87.420238 28.670460 -0.08184132725000381 0.0029732666444033384 12 -0.6303653838509863 -0.1150511724566857 0.7677256740260421
 248  541 3171 87.423149 28.670460 -0.07335937023162842 0.002002207562327385 9 -0.630585135779071 -0.11507560299967969 0.767541524693453
 249  540 3171 87.413586 28.667542 -0.10718412697315216 0.003917911555618048 16 -0.6297812100280307 -0.114985118103315 0.7682148463225611
 250  540 3171 87.416912 28.667542 -0.09657888114452362 0.003162533976137638 16 -0.6300325103576683 -0.11501305657932881 0.7680045785727418
 251  540 3170 87.413586 28.664625 -0.10734498500823975 0.0029011934529989958 12 -0.6296994919926101 -0.11497493434202001 0.7682833554472577
 252  540 3170 87.416912 28.664625 -0.09602385014295578 0.003912670072168112 12 -0.629950823084837 -0.1150028360979543 0.7680731138271691
 253  541 3171 87.420238 28.667542 -0.08558397740125656 0.003304586512967944 16 -0.6302837341520325 -0.11504100747229133 0.7677942309389479
 254  541 3171 87.423149 28.667542 -0.07529105991125107 0.002811917569488287 12 -0.6305034595340884 -0.1150654210635946 0.767610146096965
 255  541 3170 87.420238 28.664625 -0.08387994021177292 0.003033356973901391 12 -0.630202040427813 -0.11503082926267881 0.7678628110279607
 256  541 3170 87.423149 28.664625 -0.07461968064308167 0.0023211834486573935 9 -0.6304218025964378 -0.1150552350100522 0.7676787373034633
 257  539 3170 87.400696 28.662125 -0.10741416364908218 0.0059705208986997604 9 -0.6286550505639055 -0.11485747304930717 0.7691557633439543
 258  539 3170 87.403606 28.662125 -0.11179258674383163 0.004523286130279303 12 -0.6288752039352719 -0.11488207484234494 0.7689720975141349
 259  539 3170 87.400696 28.659207 -0.08148752152919769 0.007877476513385773 12 -0.628573271856792 -0.11484726858723815 0.7692241200100907
 260  539 3170 87.403606 28.659207 -0.08746612817049026 0.008161873556673527 16 -0.6287934101612533 -0.11487189780425328 0.7690405024656576
 261  539 3170 87.406933 28.662125 -0.1128886267542839 0.004348627291619778 12 -0.6291266985772439 -0.11491010940082098 0.7687621634125791
 262  540 3170 87.410259 28.662125 -0.10798638314008713 0.004357370547950268 12 -0.6293780982280515 -0.11493814919662124 0.7685521656531172
 263  539 3170 87.406933 28.659207 -0.0896245613694191 0.007283581420779228 16 -0.6290449435928485 -0.11489991790953072 0.7688305845923752
 264  540 3170 87.410259 28.659207 -0.09071309864521027 0.005751629360020161 16 -0.6292963746179148 -0.11492797704816857 0.7686206040592231
 265  539 3169 87.400696 28.656290 -0.06420228630304337 0.004201491363346577 9 -0.6284934797757155 -0.1148373816946263 0.7692907913428673
 266  539 3169 87.403606 28.656290 -0.07017820328474045 0.00351161346770823 12 -0.6287136130817309 -0.11486199656976288 0.769107219098692
 267  539 3169 87.400696 28.653373 -0.051816437393426895 0.004204741213470697 12 -0.6284305205184373 -0.11483051594891253 0.7693432481589947
 268  539 3169 87.403606 28.653373 -0.059073757380247116 0.003705070586875081 16 -0.628650524689896 -0.11485507124088894 0.7691598211148115
 269  539 3169 87.406933 28.656290 -0.07436342537403107 0.0028378914576023817 12 -0.6289651401457951 -0.11489004622149081 0.7688973466988971
 270  540 3169 87.410259 28.656290 -0.07721424102783203 0.0021180924959480762 12 -0.6292165593514528 -0.11491804058719185 0.7686874302247437
 271  539 3169 87.406933 28.653373 -0.06510593742132187 0.0033745383843779564 16 -0.6289018868773214 -0.11488306668797274 0.7689501269071433
 272  540 3169 87.410259 28.653373 -0.06885837018489838 0.002967674285173416 16 -0.6291531625091618 -0.11491114110157187 0.7687403513251109
 273  540 3170 87.413586 28.661708 -0.09906207770109177 0.004134527873247862 16 -0.629617808114661 -0.11496473344180594 0.7683518242117633
 274  540 3170 87.416912 28.661708 -0.08968416601419449 0.0036423965357244015 16 -0.6298691173726165 -0.1149926705395469 0.7681416410418226
 275  540 3170 87.413586 28.658791 -0.08718634396791458 0.003297455608844757 12 -0.6295360681697394 -0.11495452105604533 0.7684203257086322
 276  540 3170 87.416912 28.658791 -0.08175821602344513 0.002986589912325144 12 -0.6297874011393668 -0.11498248619855138 0.7682101647555323
 277  541 3170 87.421486 28.660458 -0.07466531544923782 0.00508532952517271 49 -0.6301795319803087 -0.11502675894482861 0.7678818933922895
 278  540 3169 87.413586 28.656290 -0.07715277373790741 0.0022064310032874346 12 -0.6294679266659032 -0.11494612767981514 0.7684774017694631
 279  540 3169 87.416912 28.656290 -0.07408187538385391 0.0022346002515405416 12 -0.6297192614114117 -0.11497405837742558 0.7682672827263247
 280  540 3169 87.413586 28.653373 -0.06927074491977692 0.0025259731337428093 16 -0.6294043428976697 -0.11493916118524285 0.7685305214287754
 281  540 3169 87.416912 28.653373 -0.0673774927854538 0.0023341537453234196 16 -0.629655513426183 -0.11496707157699176 0.7683205755835392
 282  541 3169 87.421486 28.654623 -0.06361869722604752 0.00369592709466815 49 -0.6300281530411727 -0.11500852902762006 0.7680088310862264
 283  541 3171 87.427723 28.671710 -0.059388261288404465 0.005261243786662817 48 -0.6309653246899646 -0.11511827091977003 0.7672226161547443
 284  542 3171 87.434376 28.671710 -0.04384879395365715 0.003861407283693552 48 -0.6314672206148111 -0.11517389149237856 0.7668012284859143
 285  541 3171 87.427723 28.666292 -0.06046205386519432 0.006033335812389851 56 -0.6308137031588412 -0.11509938509006087 0.7673501179115824
 286  542 3171 87.434376 28.666292 -0.04161720350384712 0.004974657669663429 56 -0.6313156413148937 -0.11515506268334615 0.766928857567349
 287  543 3171 87.440690 28.671758 -0.03366220369935036 0.002027296693995595 43 -0.6319446684936428 -0.11522677805833033 0.7663998470646742
 288  543 3171 87.446912 28.671666 -0.02846076339483261 0.000891683273948729 47 -0.6324109747528791 -0.11527830481405302 0.7660073573088653
 289  543 3171 87.440613 28.666292 -0.03138166666030884 0.001454632030799985 49 -0.6317859571868919 -0.1152071839113453 0.7665336320584115
 290  543 3171 87.446850 28.666292 -0.027601538226008415 0.0007977542118169367 56 -0.632256074386479 -0.11525918439401298 0.7661380925226378
 291  541 3170 87.427723 28.660458 -0.0577876940369606 0.007240463513880968 56 -0.6306503872638051 -0.11507906060102156 0.7674873932874723
 292  542 3170 87.434376 28.660458 -0.03899577632546425 0.0032640399876981974 56 -0.6311524053056395 -0.1151347580288351 0.7670662479672451
 293  541 3169 87.427723 28.654623 -0.05117351561784744 0.004160233773291111 56 -0.6304988147203748 -0.1150608187535632 0.7676146511264375
 294  542 3169 87.434376 28.654623 -0.039749693125486374 0.0027942981105297804 56 -0.6310006405292602 -0.11511652577552672 0.7671938328382443
 295  543 3170 87.440613 28.660458 -0.03102812170982361 0.0014234448317438364 49 -0.6316227626481159 -0.11518687934175678 0.7666711606238161
 296  543 3170 87.446850 28.660458 -0.02745547518134117 0.0005730926641263068 56 -0.6320929215604966 -0.11523896424246113 0.7662757464734484
 297  543 3169 87.440613 28.654623 -0.03244087100028992 0.0015079152071848512 49 -0.6314708303357501 -0.11516862517187784 0.7667990468245888
 298  543 3169 87.446850 28.654623 -0.028947055339813232 0.0006009020144119859 56 -0.631940839660309 -0.11522065146748914 0.7664039252540601
 299  539 3169 87.400696 28.650455 -0.042046595364809036 0.0028594511095434427 9 -0.6283695786229041 -0.11482398953063312 0.7693939979552369
 300  539 3169 87.403606 28.650455 -0.04936138167977333 0.0030061034485697746 12 -0.6285894208074663 -0.11484855677605037 0.7692107312404011
 301  539 3169 87.400696 28.647955 -0.03616953641176224 0.002140119904652238 9 -0.6283173134667571 -0.11481838741264785 0.7694375163129725
 302  539 3169 87.403606 28.647955 -0.04277084767818451 0.0025633799377828836 12 -0.6285370269585727 -0.11484293759446854 0.7692543827803331
 303  539 3169 87.406933 28.650455 -0.05587610602378845 0.0024583900813013315 12 -0.6288405621673838 -0.11487657445727861 0.7690012483825823
 304  540 3169 87.410259 28.650455 -0.05987548828125 0.0022151325829327106 12 -0.6290916547307118 -0.11490449424686612 0.7687916799433036
 305  539 3169 87.406933 28.647955 -0.0490698516368866 0.002262809779495001 12 -0.6287880357110007 -0.11487093319886 0.7690450408478846
 306  540 3169 87.410259 28.647955 -0.05282346531748772 0.0020231185480952263 12 -0.6290389711475314 -0.11489888245426093 0.7688356258579705
 307  539 3168 87.402359 28.643787 -0.030929358676075935 0.004779317881911993 49 -0.6283556366545416 -0.11482310962246196 0.7694055155645128
 308  539 3168 87.408596 28.643787 -0.04033577814698219 0.004772983957082033 56 -0.6288257709031035 -0.11487551106184529 0.7690135023563615
 309  540 3169 87.415249 28.649205 -0.05767704173922539 0.003787797875702381 48 -0.6294417075052754 -0.11494363186927609 0.7684992507124153
 310  541 3169 87.421486 28.649205 -0.05389850586652756 0.003233223222196102 42 -0.629912008165391 -0.11499593114696013 0.7681059808312184
 311  540 3168 87.415249 28.643787 -0.04440891742706299 0.0038423773366957903 56 -0.6293269756846881 -0.1149313314598478 0.7685950472937166
 312  541 3168 87.421486 28.643787 -0.043576620519161224 0.0031410118099302053 49 -0.6297966421697114 -0.11498356455940359 0.7682024273542553
 313  539 3167 87.402051 28.637876 -0.021451851353049278 0.0031057463493198156 54 -0.6282087081761207 -0.11480726708339387 0.7695278490064749
 314  539 3167 87.408596 28.637953 -0.028478873893618584 0.003133136313408613 56 -0.6287029549963498 -0.11486233354791708 0.7691158811978757
 315  539 3167 87.401943 28.632118 -0.016037849709391594 0.001965389121323824 56 -0.6280800969492996 -0.11479352023462641 0.7696348741632625
 316  539 3167 87.408596 28.632118 -0.02111511304974556 0.002136582275852561 56 -0.6285801054763499 -0.1148491835230569 0.7692182499417366
 317  540 3167 87.415249 28.637953 -0.03251185268163681 0.002938241697847843 56 -0.6292034257451055 -0.1149180312858278 0.7686981820688878
 318  541 3167 87.421486 28.637953 -0.03374910727143288 0.0026112166233360767 49 -0.6296723948648262 -0.11497015875763729 0.7683062786027706
 319  540 3167 87.415249 28.632118 -0.024547109380364418 0.0018902667798101902 56 -0.6290798562891425 -0.11490475952860343 0.7688012946457007
 320  541 3167 87.421486 28.632118 -0.026013245806097984 0.0017789389239624143 49 -0.6295481396813827 -0.11495676989178306 0.7684100994129098
 321  541 3169 87.427723 28.649205 -0.04676751792430878 0.002963577164337039 48 -0.6303820526926655 -0.1150481527124327 0.7677124397848705
 322  542 3169 87.434468 28.648881 -0.03797831013798714 0.0026034675538539886 54 -0.6308831897849213 -0.11510377609429531 0.7672923312373434
 323  541 3168 87.427723 28.643787 -0.03936498612165451 0.002964318497106433 56 -0.630266067935889 -0.11503566211467077 0.7678095337064215
 324  542 3168 87.434276 28.643487 -0.03329339995980263 0.0020665291231125593 50 -0.6307525745671108 -0.11508960962892041 0.7674018317885514
 325  543 3169 87.440613 28.648788 -0.031138770282268524 0.0019210396567359567 49 -0.6313437696943908 -0.11515482272195518 0.7669057381920877
 326  543 3169 87.446850 28.648788 -0.027906149625778198 0.0006987906526774168 56 -0.6318130823538664 -0.11520675563952527 0.7665113387429577
 327  543 3168 87.440613 28.643371 -0.028696395456790924 0.0010866966331377625 42 -0.6312264517596433 -0.11514210529881548 0.7670042126261675
 328  543 3168 87.446850 28.643371 -0.02636798284947872 0.0004810680984519422 48 -0.631695140318302 -0.11519395495840067 0.7666104632988535
 329  541 3167 87.427723 28.637953 -0.03195884823799133 0.0018938765861093998 56 -0.6301411346231208 -0.11502217526113717 0.7679140900218475
 330  542 3167 87.434376 28.637953 -0.029141690582036972 0.001209665322676301 56 -0.6306408736066047 -0.11507756809100989 0.7674954344222233
 331  541 3167 87.427723 28.632118 -0.027293579652905464 0.0010889727855101228 56 -0.6300161753731377 -0.11500868507108301 0.768018633319807
 332  542 3167 87.434376 28.632118 -0.027000470086932182 0.00040206563426181674 56 -0.6305151847588712 -0.11506396112730918 0.7676007338702717
 333  543 3167 87.443939 28.635036 -0.026308249682188034 0.0006494130939245224 210 -0.631295423909377 -0.11515010574735085 0.7669462438120771
 334  546 3169 87.475918 28.651737 -0.03348609805107117 0.003692936385050416 3343 -0.6340797453853311 -0.11545766749188678 0.7645995053028786
 335  541 3164 87.424397 28.606697 -0.021150456741452217 0.0036614350974559784 3348 -0.6292534765509697 -0.11492758823347386 0.7686557823313079
 336  546 3164 87.475540 28.606697 -0.030446795746684074 0.004214570391923189 3294 -0.6330950755560528 -0.11535302667546574 0.7654307967043691
 337  541 3179 87.425216 28.742464 -0.020199578255414963 0.0026290693785995245 3357 -0.6320824557596119 -0.1152224247826585 0.7662868666159579
 338  546 3179 87.476143 28.741771 -0.022177129983901978 0.0014807069674134254 3329 -0.6359164414444293 -0.11564495676423593 0.7630442473904457
 339  539 3176 87.402775 28.717136 -0.0320282056927681 0.001701132976450026 56 -0.6300442579619281 -0.1150121174566569 0.7679950819161145
 340  539 3176 87.409012 28.717136 -0.02945130690932274 0.0014056008076295257 49 -0.6305177495611144 -0.11506486324153628 0.7675984918794423
 341  539 3176 87.402775 28.711302 -0.03871375322341919 0.0027063973248004913 56 -0.6299748791435069 -0.11500859808689307 0.768052520348844
 342  539 3176 87.409012 28.711302 -0.036555323749780655 0.0026189258787781 49 -0.6304476745856178 -0.11506125742654462 0.7676565877063841
 343  540 3176 87.415249 28.717136 -0.027942543849349022 0.0012841697316616774 56 -0.6309910039834279 -0.11511748504349195 0.7672016146550052
 344  541 3176 87.421902 28.717136 -0.027749573811888695 0.0009024624596349895 56 -0.63149553242502 -0.11517357080185786 0.7667779607656899
 345  540 3176 87.415249 28.711302 -0.03303232043981552 0.0018086289055645466 56 -0.6309202335327528 -0.11511379436202837 0.7672603686275952
 346  541 3176 87.421902 28.711302 -0.03100038878619671 0.0013127567945048213 56 -0.6314240472601647 -0.11516970858966265 0.7668374082978514
 347  539 3175 87.402489 28.705549 -0.04992609843611717 0.0037252840120345354 51 -0.629884866284026 -0.1150027482322946 0.7681272180605073
 348  539 3175 87.408704 28.705390 -0.046004343777894974 0.003387375269085169 54 -0.63035337855125 -0.11505494790637301 0.7677349654088228
 349  539 3174 87.402359 28.700049 -0.06208299845457077 0.003611818188801408 42 -0.6298096250850544 -0.11499830713167977 0.7681895765415404
 350  539 3174 87.408696 28.699933 -0.055560145527124405 0.003843385959044099 50 -0.6302867064694849 -0.11505145806944699 0.7677902250250022
 351  540 3175 87.415249 28.705467 -0.03968745470046997 0.002465360565111041 56 -0.6308494665947615 -0.11511005078658118 0.7673191166033958
 352  541 3175 87.421902 28.705467 -0.03530920669436455 0.001932967221364379 56 -0.6313525475899313 -0.11516587585290851 0.7668968520542616
 353  540 3174 87.415249 28.699633 -0.046755101531744 0.0032484494149684906 56 -0.6307768134143764 -0.11510599786735455 0.7673794504114412
 354  541 3174 87.421902 28.699633 -0.0387420654296875 0.002115776762366295 56 -0.6312791785300034 -0.11516172217611202 0.7669578713983684
 355  542 3176 87.431361 28.713948 -0.026397328823804855 0.0016470284899696708 200 -0.6321728215228535 -0.11525089976157804 0.7662080356091165
 356  543 3176 87.443939 28.713802 -0.02364310808479786 0.0008302302449010313 195 -0.63312267972373 -0.1153561037059337 0.7654075004579123
 357  541 3175 87.428139 28.705467 -0.031132617965340614 0.0012302544200792909 49 -0.6318239472663155 -0.11521807438402192 0.7665006816670484
 358  542 3175 87.434376 28.705467 -0.027920495718717575 0.0010063762310892344 56 -0.632295089066165 -0.11527027968399953 0.7661042246094085
 359  541 3174 87.428139 28.699633 -0.0337204784154892 0.0012076731072738767 49 -0.6317498856068141 -0.11521386505579796 0.76656235710781
 360  542 3174 87.434376 28.699633 -0.030242247506976128 0.0010561872040852904 56 -0.632220369251918 -0.1152659112252721 0.7661665448271517
 361  543 3175 87.443939 28.702550 -0.026698961853981018 0.0012071352684870362 210 -0.632979197306437 -0.11534782409816573 0.7655274098640215
 362  539 3174 87.401112 28.695882 -0.07429350167512894 0.003027282888069749 16 -0.6296322523025164 -0.11497926878273941 0.7683378128210577
 363  539 3174 87.404022 28.695882 -0.07205650210380554 0.0034892424009740353 12 -0.6298522080349236 -0.11500377129830709 0.7681538443701873
 364  539 3174 87.401112 28.692965 -0.08500268310308456 0.0028828741051256657 12 -0.6295505410435257 -0.11496906562656249 0.7684062924135637
 365  539 3174 87.404022 28.692965 -0.08254193514585495 0.0024834591895341873 9 -0.6297705333799751 -0.11499359382118456 0.7682223302315483
 366  539 3174 87.408504 28.694539 -0.0713486447930336 0.005731869023293257 54 -0.6301531947618272 -0.11503672665876567 0.7679020137042871
 367  539 3173 87.401112 28.690047 -0.0978112742304802 0.004399797413498163 16 -0.6294688473048422 -0.11495883534364754 0.768474746786871
 368  539 3173 87.404022 28.690047 -0.09337753802537918 0.005014115013182163 12 -0.6296888476892104 -0.1149833035097065 0.7682908271024906
 369  539 3173 87.401112 28.687130 -0.11016661673784256 0.0035339416936039925 12 -0.629387131153116 -0.11494873010881748 0.7685431858947294
 370  539 3173 87.404022 28.687130 -0.10661129653453827 0.0028571642469614744 9 -0.6296071574742317 -0.1149731375345493 0.7683592941473927
 371  539 3173 87.406933 28.690047 -0.08909343183040619 0.0037441453896462917 16 -0.6299088085813738 -0.11500776992904156 0.768106832235948
 372  540 3173 87.410259 28.690047 -0.08458483219146729 0.004090957809239626 16 -0.6301600751967326 -0.11503581081636403 0.7678965046527233
 373  539 3173 87.406933 28.687130 -0.10059463977813721 0.003338075475767255 12 -0.6298271078402009 -0.1149976261266298 0.7681753447064594
 374  540 3173 87.410259 28.687130 -0.09488165378570557 0.003109423676505685 12 -0.6300784041019493 -0.11502562811918952 0.767965044491041
 375  540 3174 87.415249 28.694215 -0.05901479348540306 0.007839936763048172 48 -0.6306535261111912 -0.11509216319848044 0.7674828493027159
 376  541 3174 87.421902 28.694215 -0.04307500645518303 0.0030727223493158817 48 -0.6311557172463151 -0.11514785599750298 0.7670615567517824
 377  540 3173 87.415249 28.688797 -0.0733778327703476 0.009687496349215508 56 -0.6305019147636332 -0.11507328763643611 0.7676102357003418
 378  541 3173 87.421678 28.688893 -0.05010141432285309 0.005453535821288824 52 -0.6309899348023522 -0.11512746456475094 0.7672009965328611
 379  539 3173 87.401112 28.684629 -0.11975612491369247 0.002657164353877306 12 -0.6293170706610118 -0.11493993155766413 0.7686018713925711
 380  539 3173 87.404022 28.684629 -0.11666422337293625 0.0030437931418418884 9 -0.6295371143908474 -0.11496441233993465 0.7684179887924141
 381  539 3172 87.401112 28.681712 -0.13011595606803894 0.003854150651022792 16 -0.6292353828658945 -0.1149297144079066 0.76867027631861
 382  539 3172 87.404022 28.681712 -0.12611158192157745 0.0032468168064951897 12 -0.6294554182036969 -0.1149541845538799 0.7684864422665905
 383  539 3173 87.406933 28.684629 -0.10983603447675705 0.002969495952129364 12 -0.6297570763578954 -0.11498892829964942 0.7682340601311908
 384  540 3173 87.410259 28.684629 -0.10423386842012405 0.0030744103714823723 12 -0.630008398582545 -0.11501689735439219 0.7680237828598973
 385  539 3172 87.406933 28.681712 -0.11992676556110382 0.0034938056487590075 16 -0.6296754103135295 -0.1149786607244923 0.7683025349590424
 386  540 3172 87.410259 28.681712 -0.11424656212329865 0.003658306784927845 16 -0.6299267287344843 -0.1150066596753472 0.7680923021722003
 387  539 3172 87.401112 28.678795 -0.14048655331134796 0.002589448820799589 12 -0.6291536525809193 -0.11491946258263519 0.7687387063000056
 388  539 3172 87.404022 28.678795 -0.13421261310577393 0.002517532790079713 9 -0.6293736836592924 -0.11494403595243129 0.7685549003917022
 389  539 3172 87.401112 28.675878 -0.1465793401002884 0.002944712759926915 16 -0.6290719136310663 -0.11490927725632404 0.7688071185160668
 390  539 3172 87.404022 28.675878 -0.13875094056129456 0.0016253383364528418 12 -0.6292919753355135 -0.11493376310909807 0.7686233407046061
 391  539 3172 87.406933 28.678795 -0.12960125505924225 0.0023540484253317118 12 -0.629593708055064 -0.11496846837128462 0.7683710132857927
 392  540 3172 87.410259 28.678795 -0.12251123040914536 0.003280017524957657 12 -0.6298450346127731 -0.1149964599481231 0.7681608207745528
 393  539 3172 87.406933 28.675878 -0.1344541609287262 0.001513344468548894 16 -0.6295119773037698 -0.11495826461429125 0.7684395017358026
 394  540 3172 87.410259 28.675878 -0.12469537556171417 0.005417770706117153 16 -0.6297633592785997 -0.11498626098982699 0.7682293089265162
 395  540 3173 87.413586 28.684629 -0.08866072446107864 0.005967196077108383 12 -0.6302596668534325 -0.11504476528124703 0.76781342415927
 396  540 3173 87.416912 28.684629 -0.07623673230409622 0.006590277422219515 12 -0.6305108634001394 -0.11507270765001454 0.7676029723030683
 397  540 3172 87.413586 28.681712 -0.09928981214761734 0.008837450295686722 16 -0.6301779928422676 -0.11503457827951402 0.7678819851626584
 398  540 3172 87.416912 28.681712 -0.08493618667125702 0.0036192776169627905 16 -0.6304292032913617 -0.11506253432737569 0.7676715657308016
 399  541 3172 87.421486 28.682962 -0.05745207145810127 0.005571618676185608 49 -0.6308095029584697 -0.11510521663663698 0.7673526960142392
 400  540 3172 87.413586 28.678795 -0.10187897831201553 0.008147724904119968 12 -0.6300963044479397 -0.11502438838620992 0.7679505434579936
 401  540 3172 87.416912 28.678795 -0.09103381633758545 0.005795313511043787 12 -0.6303475339303145 -0.11505240583268231 0.7677401450882211
 402  540 3172 87.413586 28.675878 -0.10441277921199799 0.004462655168026686 16 -0.6300146448891815 -0.11501423882900211 0.7680190571149546
 403  540 3172 87.416912 28.675878 -0.09107713401317596 0.008647367358207703 16 -0.6302658994318617 -0.11504217825295278 0.7678086957284099
 404  541 3172 87.420238 28.678795 -0.06709209829568863 0.005562355276197195 12 -0.6305987256536044 -0.115080237375442 0.7675296646838234
 405  541 3172 87.423149 28.678795 -0.058885931968688965 0.0014981769490987062 9 -0.6308184116114978 -0.11510462733901926 0.7673454608825757
 406  541 3172 87.420238 28.675878 -0.06996405124664307 0.0033536325208842754 16 -0.6305170388059055 -0.1150700795503108 0.7675982937498738
 407  541 3172 87.423149 28.675878 -0.06334730982780457 0.0023413952440023422 12 -0.6307367704638244 -0.11509445569918467 0.7674140946400276
 408  541 3174 87.428139 28.694215 -0.0363745391368866 0.0016290253261104226 42 -0.6316262345028505 -0.11520000397410553 0.7666663283150735
 409  542 3174 87.434376 28.694215 -0.03230302035808563 0.0013458285247907043 48 -0.6320965411365081 -0.11525206421071107 0.7662707905032221
 410  541 3173 87.427888 28.688703 -0.04210840165615082 0.0032361061312258244 53 -0.6314531517728516 -0.1151787429557702 0.7668120853815886
 411  542 3173 87.434376 28.688797 -0.03592849522829056 0.0019101470243185759 56 -0.6319450771610118 -0.11523325090505554 0.7663985368839213
 412  543 3174 87.441029 28.694215 -0.02964060567319393 0.00070405681617558 48 -0.6325979339609795 -0.11530746955516355 0.7658485760338563
 413  543 3174 87.447266 28.694215 -0.028122825548052788 0.00048589264042675495 42 -0.6330677711251395 -0.11535929663769631 0.7654524347351075
 414  543 3173 87.441029 28.688797 -0.03199933096766472 0.0010690127965062857 56 -0.6324465301694733 -0.11528867613634901 0.7659764406503125
 415  543 3173 87.447266 28.688797 -0.02966105006635189 0.0007257721736095846 49 -0.6329163982202388 -0.11534060381111925 0.7655804190131867
 416  541 3172 87.427723 28.682962 -0.04678669199347496 0.002516556065529585 56 -0.6312801489231831 -0.11515743862875008 0.7669577158513953
 417  542 3172 87.434376 28.682962 -0.039024896919727325 0.0021502303425222635 56 -0.6317819291237501 -0.11521301594928261 0.7665360754645166
 418  541 3172 87.427723 28.677128 -0.054008178412914276 0.0038748409133404493 56 -0.6311169303290096 -0.11513709844927283 0.7670950845969297
 419  542 3172 87.434376 28.677128 -0.04247153177857399 0.003349503967911005 56 -0.6316187633273092 -0.11519271361121032 0.7666735788741948
 420  543 3172 87.441029 28.682962 -0.033606965094804764 0.0012653194135054946 56 -0.6322834404551595 -0.11526846894751601 0.7661141109473721
 421  543 3172 87.447266 28.682962 -0.03039582446217537 0.0007923950906842947 49 -0.6327533774965585 -0.1153203850001797 0.7657182066988535
 422  543 3172 87.441029 28.677128 -0.034152280539274216 0.002099461853504181 56 -0.6321203208273706 -0.11524825030752232 0.7662517476640146
 423  543 3172 87.447266 28.677128 -0.02951897121965885 0.0008389060385525227 49 -0.6325903081172923 -0.115300192633843 0.7658559705680095
 424  546 3174 87.475956 28.696716 -0.027794362977147102 0.002478633541613817 3348 -0.6351903692624804 -0.11558631320205039 0.7636576451503325
 425  544 3183 87.450867 28.782422 -0.017544129863381386 0.0017347559332847595 5209 -0.6346486723939478 -0.11548618983449473 0.7641230284359388
 426  553 3157 87.550451 28.541226 -0.028005555272102356 0.00330634624697268 11708 -0.6377226392670127 -0.11589433801166903 0.7614974312387093
 427  551 3169 87.527061 28.651676 -0.03761222958564758 0.0025042661000043154 3299 -0.637896234587695 -0.11587421054397078 0.7613550822248789
 428  556 3169 87.576252 28.651588 -0.029358291998505592 0.0030664214864373207 3094 -0.6416279679096585 -0.11628277807240171 0.7581502926992029
 429  551 3164 87.525870 28.607548 -0.03999529033899307 0.003930112812668085 3195 -0.63687359350003 -0.11576683642438587 0.7622270432664061
 430  556 3164 87.576123 28.606215 -0.032813362777233124 0.0033079504501074553 3112 -0.6406224215199954 -0.11617615738377775 0.7590164777535445
 431  553 3177 87.550800 28.719223 -0.02586749568581581 0.0027863846626132727 12744 -0.6410330786813062 -0.11620264095902806 0.7586656300838422
 432  553 3183 87.550800 28.782153 -0.021265439689159393 0.0016113341553136706 5074 -0.6420555717415163 -0.1162847496180087 0.7577878989545502
