> -Z0.018010666593909264 
86.41863250732422 33.50116729736328 
86.52677917480469 33.50116729736328 
86.52677917480469 33.411434173583984 
86.41863250732422 33.411434173583984 
86.41863250732422 33.50116729736328 
> -Z0.007423060014843941 
86.41802978515625 33.59135818481445 
86.52629089355469 33.59135818481445 
86.52629089355469 33.50162887573242 
86.41802978515625 33.50162887573242 
86.41802978515625 33.59135818481445 
> -Z0.001589911407791078 
86.41741943359375 33.681549072265625 
86.52579498291016 33.681549072265625 
86.52579498291016 33.591819763183594 
86.41741943359375 33.591819763183594 
86.41741943359375 33.681549072265625 
> -Z0.004169464111328125 
86.41681671142578 33.7717399597168 
86.52530670166016 33.7717399597168 
86.52530670166016 33.682010650634766 
86.41681671142578 33.682010650634766 
86.41681671142578 33.7717399597168 
> -Z0.013446674682199955 
86.53062438964844 32.68983459472656 
86.63766479492188 32.68983459472656 
86.63766479492188 32.599979400634766 
86.53062438964844 32.599979400634766 
86.53062438964844 32.68983459472656 
> -Z0.017076808959245682 
86.5301513671875 32.78003692626953 
86.63729858398438 32.78003692626953 
86.63729858398438 32.690185546875 
86.5301513671875 32.690185546875 
86.5301513671875 32.78003692626953 
> -Z0.019290437921881676 
86.52967834472656 32.8702392578125 
86.63693237304688 32.8702392578125 
86.63693237304688 32.780391693115234 
86.52967834472656 32.780391693115234 
86.52967834472656 32.8702392578125 
> -Z0.027663880959153175 
86.5291976928711 32.96044158935547 
86.63656616210938 32.96044158935547 
86.63656616210938 32.87059783935547 
86.5291976928711 32.87059783935547 
86.5291976928711 32.96044158935547 
> -Z0.017247216776013374 
86.31169128417969 33.41042709350586 
86.41983795166016 33.41042709350586 
86.41983795166016 33.32078170776367 
86.31169128417969 33.32078170776367 
86.31169128417969 33.41042709350586 
> -Z0.01155705563724041 
86.31098175048828 33.50061798095703 
86.41923522949219 33.50061798095703 
86.41923522949219 33.41097640991211 
86.31098175048828 33.41097640991211 
86.31098175048828 33.50061798095703 
> -Z0.011737247928977013 
86.09848022460938 33.22867202758789 
86.20660400390625 33.22867202758789 
86.20660400390625 33.13920974731445 
86.09848022460938 33.13920974731445 
86.09848022460938 33.22867202758789 
> -Z0.0120426369830966 
86.09754943847656 33.3188591003418 
86.20579528808594 33.3188591003418 
86.20579528808594 33.229400634765625 
86.09754943847656 33.229400634765625 
86.09754943847656 33.3188591003418 
> -Z0.0068023898638784885 
86.09661865234375 33.4090461730957 
86.20497131347656 33.4090461730957 
86.20497131347656 33.3195915222168 
86.09661865234375 33.3195915222168 
86.09661865234375 33.4090461730957 
> -Z0.004725621547549963 
86.0956802368164 33.49923324584961 
86.20415496826172 33.49923324584961 
86.20415496826172 33.40978240966797 
86.0956802368164 33.40978240966797 
86.0956802368164 33.49923324584961 
> -Z0.002554976614192128 
86.09474182128906 33.58941650390625 
86.20333099365234 33.58941650390625 
86.20333099365234 33.499969482421875 
86.09474182128906 33.499969482421875 
86.09474182128906 33.58941650390625 
> -Z0.010463347658514977 
86.09379577636719 33.67959976196289 
86.20249938964844 33.67959976196289 
86.20249938964844 33.59015655517578 
86.09379577636719 33.59015655517578 
86.09379577636719 33.67959976196289 
> -Z0.002083522267639637 
86.31026458740234 33.59080505371094 
86.41863250732422 33.59080505371094 
86.41863250732422 33.50116729736328 
86.31026458740234 33.50116729736328 
86.31026458740234 33.59080505371094 
> -Z0.0033488895278424025 
86.3095474243164 33.680992126464844 
86.41802978515625 33.680992126464844 
86.41802978515625 33.59135818481445 
86.3095474243164 33.59135818481445 
86.3095474243164 33.680992126464844 
> -Z0.005489751230925322 
86.30882263183594 33.77117919921875 
86.41741943359375 33.77117919921875 
86.41741943359375 33.681549072265625 
86.30882263183594 33.681549072265625 
86.30882263183594 33.77117919921875 
> -Z0.010154470801353455 
86.4239501953125 32.689388275146484 
86.53109741210938 32.689388275146484 
86.53109741210938 32.59962844848633 
86.4239501953125 32.59962844848633 
86.4239501953125 32.689388275146484 
> -Z0.012317118234932423 
86.42337036132812 32.77959060668945 
86.53062438964844 32.77959060668945 
86.53062438964844 32.68983459472656 
86.42337036132812 32.68983459472656 
86.42337036132812 32.77959060668945 
> -Z0.01916029118001461 
86.42279052734375 32.86979293823242 
86.5301513671875 32.86979293823242 
86.5301513671875 32.78003692626953 
86.42279052734375 32.78003692626953 
86.42279052734375 32.86979293823242 
> -Z0.02512054331600666 
86.42220306396484 32.95999526977539 
86.52967834472656 32.95999526977539 
86.52967834472656 32.8702392578125 
86.42220306396484 32.8702392578125 
86.42220306396484 32.95999526977539 
> -Z0.026231445372104645 
86.42161560058594 33.050193786621094 
86.5291976928711 33.050193786621094 
86.5291976928711 32.96044158935547 
86.42161560058594 32.96044158935547 
86.42161560058594 33.050193786621094 
> -Z0.033408984541893005 
86.42102813720703 33.1403923034668 
86.52871704101562 33.1403923034668 
86.52871704101562 33.05064392089844 
86.42102813720703 33.05064392089844 
86.42102813720703 33.1403923034668 
> -Z0.0005476376391015947 
87.49320220947266 33.1407585144043 
87.59980773925781 33.1407585144043 
87.59980773925781 33.05009078979492 
87.49320220947266 33.05009078979492 
87.49320220947266 33.1407585144043 
> -Z0.0069309426471591 
86.85034942626953 32.871036529541016 
86.95728302001953 32.871036529541016 
86.95728302001953 32.78091049194336 
86.85034942626953 32.78091049194336 
86.85034942626953 32.871036529541016 
> -Z0.009387723170220852 
86.8501968383789 32.961238861083984 
86.95724487304688 32.961238861083984 
86.95724487304688 32.871116638183594 
86.8501968383789 32.871116638183594 
86.8501968383789 32.961238861083984 
> -Z-0.0016490702982991934 
86.85004425048828 33.05144500732422 
86.95719909667969 33.05144500732422 
86.95719909667969 32.96132278442383 
86.85004425048828 32.96132278442383 
86.85004425048828 33.05144500732422 
> -Z-0.11057216674089432 
86.84989166259766 33.14164733886719 
86.90354919433594 33.14164733886719 
86.90354919433594 33.09659957885742 
86.84989166259766 33.09659957885742 
86.84989166259766 33.14164733886719 
> -Z-0.03126760572195053 
86.90350341796875 33.14169692993164 
86.9571304321289 33.14169692993164 
86.9571304321289 33.09662628173828 
86.90350341796875 33.09662628173828 
86.90350341796875 33.14169692993164 
> -Z-0.02917776070535183 
86.84996795654297 33.0965461730957 
86.90360260009766 33.0965461730957 
86.90360260009766 33.05149459838867 
86.84996795654297 33.05149459838867 
86.84996795654297 33.0965461730957 
> -Z-0.013387711718678474 
86.90354919433594 33.09659957885742 
86.9571533203125 33.09659957885742 
86.9571533203125 33.0515251159668 
86.90354919433594 33.0515251159668 
86.90354919433594 33.09659957885742 
> -Z-0.14184311032295227 
86.84973907470703 33.23184585571289 
86.90345001220703 33.23184585571289 
86.90345001220703 33.186798095703125 
86.84973907470703 33.186798095703125 
86.84973907470703 33.23184585571289 
> -Z-0.06304958462715149 
86.90340423583984 33.23189926147461 
86.95709228515625 33.23189926147461 
86.95709228515625 33.18682861328125 
86.90340423583984 33.18682861328125 
86.90340423583984 33.23189926147461 
> -Z-0.21542583405971527 
86.84981536865234 33.186744689941406 
86.90350341796875 33.186744689941406 
86.90350341796875 33.14169692993164 
86.84981536865234 33.14169692993164 
86.84981536865234 33.186744689941406 
> -Z-0.05632134899497032 
86.90345001220703 33.186798095703125 
86.95711517333984 33.186798095703125 
86.95711517333984 33.141727447509766 
86.90345001220703 33.141727447509766 
86.90345001220703 33.186798095703125 
> -Z-0.0017502044793218374 
86.8495864868164 33.322044372558594 
86.95706939697266 33.322044372558594 
86.95706939697266 33.231929779052734 
86.8495864868164 33.231929779052734 
86.8495864868164 33.322044372558594 
> -Z0.02553607150912285 
86.84942626953125 33.4122428894043 
86.95702362060547 33.4122428894043 
86.95702362060547 33.32212829589844 
86.84942626953125 33.32212829589844 
86.84942626953125 33.4122428894043 
> -Z0.02981702610850334 
86.84927368164062 33.50244140625 
86.95697784423828 33.50244140625 
86.95697784423828 33.41232681274414 
86.84927368164062 33.41232681274414 
86.84927368164062 33.50244140625 
> -Z0.025845689699053764 
86.84911346435547 33.59263610839844 
86.9569320678711 33.59263610839844 
86.9569320678711 33.502525329589844 
86.84911346435547 33.502525329589844 
86.84911346435547 33.59263610839844 
> -Z0.01019840594381094 
87.49120330810547 32.77995681762695 
87.59738159179688 32.77995681762695 
87.59738159179688 32.68928909301758 
87.49120330810547 32.68928909301758 
87.49120330810547 32.77995681762695 
> -Z0.004761839285492897 
87.49169921875 32.87015914916992 
87.59798431396484 32.87015914916992 
87.59798431396484 32.77949142456055 
87.49169921875 32.77949142456055 
87.49169921875 32.87015914916992 
> -Z0.0010099757928401232 
87.49220275878906 32.96036148071289 
87.59858703613281 32.96036148071289 
87.59858703613281 32.869693756103516 
87.49220275878906 32.869693756103516 
87.49220275878906 32.96036148071289 
> -Z0.004610797390341759 
87.4926986694336 33.050559997558594 
87.59919738769531 33.050559997558594 
87.59919738769531 32.95989227294922 
87.4926986694336 32.95989227294922 
87.4926986694336 33.050559997558594 
> -Z0.033027537167072296 
86.52871704101562 33.05064392089844 
86.63619995117188 33.05064392089844 
86.63619995117188 32.96080017089844 
86.52871704101562 32.96080017089844 
86.52871704101562 33.05064392089844 
> -Z0.03692193329334259 
86.52823638916016 33.14084243774414 
86.63582611083984 33.14084243774414 
86.63582611083984 33.051002502441406 
86.52823638916016 33.051002502441406 
86.52823638916016 33.14084243774414 
> -Z0.03835784271359444 
86.52775573730469 33.231040954589844 
86.63545227050781 33.231040954589844 
86.63545227050781 33.14120101928711 
86.52775573730469 33.14120101928711 
86.52775573730469 33.231040954589844 
> -Z0.03586389124393463 
86.52726745605469 33.32123565673828 
86.63507843017578 33.32123565673828 
86.63507843017578 33.23140335083008 
86.52726745605469 33.23140335083008 
86.52726745605469 33.32123565673828 
> -Z0.024720698595046997 
86.52677917480469 33.411434173583984 
86.63470458984375 33.411434173583984 
86.63470458984375 33.321598052978516 
86.52677917480469 33.321598052978516 
86.52677917480469 33.411434173583984 
> -Z0.019380131736397743 
86.52629089355469 33.50162887573242 
86.63433074951172 33.50162887573242 
86.63433074951172 33.41179656982422 
86.52629089355469 33.41179656982422 
86.52629089355469 33.50162887573242 
> -Z0.01738205924630165 
86.63656616210938 32.87059783935547 
86.74371337890625 32.87059783935547 
86.74371337890625 32.78065490722656 
86.63656616210938 32.78065490722656 
86.63656616210938 32.87059783935547 
> -Z0.022712411358952522 
86.63619995117188 32.96080017089844 
86.74345397949219 32.96080017089844 
86.74345397949219 32.8708610534668 
86.63619995117188 32.8708610534668 
86.63619995117188 32.96080017089844 
> -Z0.028931675478816032 
86.63582611083984 33.051002502441406 
86.74319458007812 33.051002502441406 
86.74319458007812 32.96106719970703 
86.63582611083984 32.96106719970703 
86.63582611083984 33.051002502441406 
> -Z0.04122636839747429 
86.63545227050781 33.14120101928711 
86.68922424316406 33.14120101928711 
86.68922424316406 33.096248626708984 
86.63545227050781 33.096248626708984 
86.63545227050781 33.14120101928711 
> -Z0.05396730452775955 
86.6890640258789 33.14134979248047 
86.74280548095703 33.14134979248047 
86.74280548095703 33.096370697021484 
86.6890640258789 33.096370697021484 
86.6890640258789 33.14134979248047 
> -Z0.034896861761808395 
86.6356430053711 33.09610366821289 
86.68938446044922 33.09610366821289 
86.68938446044922 33.0511474609375 
86.6356430053711 33.0511474609375 
86.6356430053711 33.09610366821289 
> -Z0.034633565694093704 
86.68922424316406 33.096248626708984 
86.74293518066406 33.096248626708984 
86.74293518066406 33.05126953125 
86.68922424316406 33.05126953125 
86.68922424316406 33.096248626708984 
> -Z0.04618151858448982 
86.63507843017578 33.23140335083008 
86.68890380859375 33.23140335083008 
86.68890380859375 33.18644714355469 
86.63507843017578 33.18644714355469 
86.63507843017578 33.23140335083008 
> -Z0.0679878294467926 
86.6887435913086 33.23154830932617 
86.74253845214844 33.23154830932617 
86.74253845214844 33.18656921386719 
86.6887435913086 33.18656921386719 
86.6887435913086 33.23154830932617 
> -Z0.048154182732105255 
86.63526916503906 33.186302185058594 
86.6890640258789 33.186302185058594 
86.6890640258789 33.14134979248047 
86.63526916503906 33.14134979248047 
86.63526916503906 33.186302185058594 
> -Z0.0006065655616112053 
86.20249938964844 33.59015655517578 
86.31098175048828 33.59015655517578 
86.31098175048828 33.50061798095703 
86.20249938964844 33.50061798095703 
86.20249938964844 33.59015655517578 
> -Z0.003476192709058523 
86.20166778564453 33.68034362792969 
86.31026458740234 33.68034362792969 
86.31026458740234 33.59080505371094 
86.20166778564453 33.59080505371094 
86.20166778564453 33.68034362792969 
> -Z0.00532842893153429 
86.20083618164062 33.77052688598633 
86.3095474243164 33.77052688598633 
86.3095474243164 33.680992126464844 
86.20083618164062 33.680992126464844 
86.20083618164062 33.77052688598633 
> -Z0.01720697246491909 
86.52579498291016 33.591819763183594 
86.63394927978516 33.591819763183594 
86.63394927978516 33.501991271972656 
86.52579498291016 33.501991271972656 
86.52579498291016 33.591819763183594 
> -Z0.00706105912104249 
86.52530670166016 33.682010650634766 
86.6335678100586 33.682010650634766 
86.6335678100586 33.592185974121094 
86.52530670166016 33.592185974121094 
86.52530670166016 33.682010650634766 
> -Z0.008473506197333336 
86.52481079101562 33.77220153808594 
86.63318634033203 33.77220153808594 
86.63318634033203 33.682376861572266 
86.52481079101562 33.682376861572266 
86.52481079101562 33.77220153808594 
> -Z0.013020951300859451 
86.63729858398438 32.690185546875 
86.74423217773438 32.690185546875 
86.74423217773438 32.600242614746094 
86.63729858398438 32.600242614746094 
86.63729858398438 32.690185546875 
> -Z0.0176154226064682 
86.63693237304688 32.780391693115234 
86.74397277832031 32.780391693115234 
86.74397277832031 32.69044876098633 
86.63693237304688 32.69044876098633 
86.63693237304688 32.780391693115234 
> -Z0.003192669479176402 
86.95732879638672 32.690704345703125 
87.0639419555664 32.690704345703125 
87.0639419555664 32.600486755371094 
86.95732879638672 32.600486755371094 
86.95732879638672 32.690704345703125 
> -Z0.001113417441956699 
86.95728302001953 32.78091049194336 
87.06400299072266 32.78091049194336 
87.06400299072266 32.69069290161133 
86.95728302001953 32.69069290161133 
86.95728302001953 32.78091049194336 
> -Z0.0070770783349871635 
86.95724487304688 32.871116638183594 
87.06407165527344 32.871116638183594 
87.06407165527344 32.78090286254883 
86.95724487304688 32.78090286254883 
86.95724487304688 32.871116638183594 
> -Z0.006310043856501579 
86.95719909667969 32.96132278442383 
87.06413269042969 32.96132278442383 
87.06413269042969 32.87110900878906 
86.95719909667969 32.87110900878906 
86.95719909667969 32.96132278442383 
> -Z0.011700442060828209 
86.3172836303711 32.6888542175293 
86.42453002929688 32.6888542175293 
86.42453002929688 32.599185943603516 
86.3172836303711 32.599185943603516 
86.3172836303711 32.6888542175293 
> -Z0.015999270603060722 
86.31659698486328 32.779052734375 
86.4239501953125 32.779052734375 
86.4239501953125 32.689388275146484 
86.31659698486328 32.689388275146484 
86.31659698486328 32.779052734375 
> -Z0.02033310756087303 
86.31590270996094 32.86925506591797 
86.42337036132812 32.86925506591797 
86.42337036132812 32.77959060668945 
86.31590270996094 32.77959060668945 
86.31590270996094 32.86925506591797 
> -Z0.019119583070278168 
86.3152084350586 32.95945358276367 
86.42279052734375 32.95945358276367 
86.42279052734375 32.86979293823242 
86.3152084350586 32.86979293823242 
86.3152084350586 32.95945358276367 
> -Z0.021193696185946465 
86.31451416015625 33.049652099609375 
86.42220306396484 33.049652099609375 
86.42220306396484 32.95999526977539 
86.31451416015625 32.95999526977539 
86.31451416015625 33.049652099609375 
> -Z0.02646658569574356 
86.31381225585938 33.13984680175781 
86.42161560058594 33.13984680175781 
86.42161560058594 33.050193786621094 
86.31381225585938 33.050193786621094 
86.31381225585938 33.13984680175781 
> -Z0.024910368025302887 
86.3131103515625 33.23004150390625 
86.42102813720703 33.23004150390625 
86.42102813720703 33.1403923034668 
86.3131103515625 33.1403923034668 
86.3131103515625 33.23004150390625 
> -Z0.021292926743626595 
86.3124008178711 33.32023239135742 
86.4204330444336 33.32023239135742 
86.4204330444336 33.230587005615234 
86.3124008178711 33.230587005615234 
86.3124008178711 33.32023239135742 
> -Z0.0029685499612241983 
87.06400299072266 32.69069290161133 
87.1705093383789 32.69069290161133 
87.1705093383789 32.60038757324219 
87.06400299072266 32.60038757324219 
87.06400299072266 32.69069290161133 
> -Z-0.004260516259819269 
87.06407165527344 32.78090286254883 
87.17068481445312 32.78090286254883 
87.17068481445312 32.69059371948242 
87.06407165527344 32.69059371948242 
87.06407165527344 32.78090286254883 
> -Z-0.0034768811892718077 
87.06413269042969 32.87110900878906 
87.17085266113281 32.87110900878906 
87.17085266113281 32.78080368041992 
87.06413269042969 32.78080368041992 
87.06413269042969 32.87110900878906 
> -Z-0.001796057098545134 
87.06420135498047 32.9613151550293 
87.17102813720703 32.9613151550293 
87.17102813720703 32.871009826660156 
87.06420135498047 32.871009826660156 
87.06420135498047 32.9613151550293 
> -Z-0.003289535641670227 
87.06427001953125 33.051517486572266 
87.17120361328125 33.051517486572266 
87.17120361328125 32.961212158203125 
87.06427001953125 32.961212158203125 
87.06427001953125 33.051517486572266 
> -Z0.004075202625244856 
87.27764129638672 32.78061294555664 
87.384033203125 32.78061294555664 
87.384033203125 32.69012451171875 
87.27764129638672 32.69012451171875 
87.27764129638672 32.78061294555664 
> -Z-0.0025888981763273478 
87.27792358398438 32.87081527709961 
87.3844223022461 32.87081527709961 
87.3844223022461 32.780330657958984 
87.27792358398438 32.780330657958984 
87.27792358398438 32.87081527709961 
> -Z-0.00336043001152575 
87.27820587158203 32.961021423339844 
87.38481140136719 32.961021423339844 
87.38481140136719 32.87053298950195 
87.27820587158203 32.87053298950195 
87.27820587158203 32.961021423339844 
> -Z-0.0056615532375872135 
87.27848815917969 33.05122375488281 
87.38520050048828 33.05122375488281 
87.38520050048828 32.96073532104492 
87.27848815917969 32.96073532104492 
87.27848815917969 33.05122375488281 
> -Z-0.009517517872154713 
87.27877044677734 33.14142608642578 
87.3855972290039 33.14142608642578 
87.3855972290039 33.05093765258789 
87.27877044677734 33.05093765258789 
87.27877044677734 33.14142608642578 
> -Z-0.003555716946721077 
87.279052734375 33.231624603271484 
87.385986328125 33.231624603271484 
87.385986328125 33.14113998413086 
87.279052734375 33.14113998413086 
87.279052734375 33.231624603271484 
> -Z-0.0068541523069143295 
87.27934265136719 33.32182312011719 
87.38638305664062 33.32182312011719 
87.38638305664062 33.23133850097656 
87.27934265136719 33.23133850097656 
87.27934265136719 33.32182312011719 
> -Z0.0037616470362991095 
87.27963256835938 33.41202163696289 
87.38677978515625 33.41202163696289 
87.38677978515625 33.321533203125 
87.27963256835938 33.321533203125 
87.27963256835938 33.41202163696289 
> -Z0.0014300484908744693 
87.38677978515625 33.321533203125 
87.49371337890625 33.321533203125 
87.49371337890625 33.23095703125 
87.38677978515625 33.23095703125 
87.38677978515625 33.321533203125 
> -Z0.009884731844067574 
87.3871841430664 33.4117317199707 
87.49421691894531 33.4117317199707 
87.49421691894531 33.3211555480957 
87.3871841430664 33.3211555480957 
87.3871841430664 33.4117317199707 
> -Z0.017178919166326523 
87.38758087158203 33.50192642211914 
87.4947280883789 33.50192642211914 
87.4947280883789 33.41135025024414 
87.38758087158203 33.41135025024414 
87.38758087158203 33.50192642211914 
> -Z0.029972882941365242 
87.38798522949219 33.59212112426758 
87.4952392578125 33.59212112426758 
87.4952392578125 33.50154113769531 
87.38798522949219 33.50154113769531 
87.38798522949219 33.59212112426758 
> -Z0.04009778052568436 
87.38838958740234 33.68231201171875 
87.49575805664062 33.68231201171875 
87.49575805664062 33.59173583984375 
87.38838958740234 33.59173583984375 
87.38838958740234 33.68231201171875 
> -Z0.04959111288189888 
87.3887939453125 33.77250289916992 
87.49626922607422 33.77250289916992 
87.49626922607422 33.68192672729492 
87.3887939453125 33.68192672729492 
87.3887939453125 33.77250289916992 
> -Z0.021655309945344925 
86.84896087646484 33.682830810546875 
86.95689392089844 33.682830810546875 
86.95689392089844 33.59272003173828 
86.84896087646484 33.59272003173828 
86.84896087646484 33.682830810546875 
> -Z0.01808459497988224 
86.84880065917969 33.77302169799805 
86.95684814453125 33.77302169799805 
86.95684814453125 33.68291473388672 
86.84880065917969 33.68291473388672 
86.84880065917969 33.77302169799805 
> -Z0.006409285124391317 
87.17068481445312 32.69059371948242 
87.27708435058594 32.69059371948242 
87.27708435058594 32.600196838378906 
87.17068481445312 32.600196838378906 
87.17068481445312 32.69059371948242 
> -Z-0.0012074729893356562 
87.17085266113281 32.78080368041992 
87.27735900878906 32.78080368041992 
87.27735900878906 32.69040298461914 
87.17085266113281 32.69040298461914 
87.17085266113281 32.78080368041992 
> -Z-0.006121933460235596 
87.17102813720703 32.871009826660156 
87.27764129638672 32.871009826660156 
87.27764129638672 32.78061294555664 
87.17102813720703 32.78061294555664 
87.17102813720703 32.871009826660156 
> -Z0.000993378576822579 
86.10485076904297 32.597312927246094 
86.21219635009766 32.597312927246094 
86.21219635009766 32.5078239440918 
86.10485076904297 32.5078239440918 
86.10485076904297 32.597312927246094 
> -Z0.008138337172567844 
86.10395812988281 32.6875114440918 
86.21141052246094 32.6875114440918 
86.21141052246094 32.598026275634766 
86.10395812988281 32.598026275634766 
86.10395812988281 32.6875114440918 
> -Z0.0157022662460804 
86.1030502319336 32.777706146240234 
86.21061706542969 32.777706146240234 
86.21061706542969 32.688228607177734 
86.1030502319336 32.688228607177734 
86.1030502319336 32.777706146240234 
> -Z0.02202121540904045 
86.10214233398438 32.86790466308594 
86.20982360839844 32.86790466308594 
86.20982360839844 32.77842712402344 
86.10214233398438 32.77842712402344 
86.10214233398438 32.86790466308594 
> -Z0.020866362378001213 
86.10123443603516 32.95809555053711 
86.20902252197266 32.95809555053711 
86.20902252197266 32.86862564086914 
86.10123443603516 32.86862564086914 
86.10123443603516 32.95809555053711 
> -Z0.015074970200657845 
86.1003189086914 33.04829025268555 
86.20822143554688 33.04829025268555 
86.20822143554688 32.95882034301758 
86.1003189086914 32.95882034301758 
86.1003189086914 33.04829025268555 
> -Z0.013035297393798828 
86.09940338134766 33.13848114013672 
86.20741271972656 33.13848114013672 
86.20741271972656 33.049015045166016 
86.09940338134766 33.049015045166016 
86.09940338134766 33.13848114013672 
> -Z0.011594804935157299 
85.99220275878906 33.13766098022461 
86.1003189086914 33.13766098022461 
86.1003189086914 33.04829025268555 
85.99220275878906 33.04829025268555 
85.99220275878906 33.13766098022461 
> -Z0.014713595621287823 
85.99116516113281 33.227848052978516 
86.09940338134766 33.227848052978516 
86.09940338134766 33.13848114013672 
85.99116516113281 33.13848114013672 
85.99116516113281 33.227848052978516 
> -Z0.006969709414988756 
85.99012756347656 33.318031311035156 
86.09848022460938 33.318031311035156 
86.09848022460938 33.22867202758789 
85.99012756347656 33.22867202758789 
85.99012756347656 33.318031311035156 
> -Z0.005864299368113279 
85.98908996582031 33.40821838378906 
86.09754943847656 33.40821838378906 
86.09754943847656 33.3188591003418 
85.98908996582031 33.3188591003418 
85.98908996582031 33.40821838378906 
> -Z0.005970736499875784 
85.988037109375 33.4984016418457 
86.09661865234375 33.4984016418457 
86.09661865234375 33.4090461730957 
85.988037109375 33.4090461730957 
85.988037109375 33.4984016418457 
> -Z0.012220168486237526 
85.98698425292969 33.58858108520508 
86.0956802368164 33.58858108520508 
86.0956802368164 33.49923324584961 
85.98698425292969 33.49923324584961 
85.98698425292969 33.58858108520508 
> -Z0.019533684477210045 
85.98593139648438 33.67876052856445 
86.09474182128906 33.67876052856445 
86.09474182128906 33.58941650390625 
85.98593139648438 33.58941650390625 
85.98593139648438 33.67876052856445 
> -Z0.022935770452022552 
85.98487091064453 33.76893997192383 
86.09379577636719 33.76893997192383 
86.09379577636719 33.67959976196289 
85.98487091064453 33.67959976196289 
85.98487091064453 33.76893997192383 
> -Z0.013860024511814117 
87.60165405273438 33.3206787109375 
87.7083511352539 33.3206787109375 
87.7083511352539 33.22991943359375 
87.60165405273438 33.22991943359375 
87.60165405273438 33.3206787109375 
> -Z0.022778622806072235 
87.6022720336914 33.41087341308594 
87.7090835571289 33.41087341308594 
87.7090835571289 33.32011413574219 
87.6022720336914 33.32011413574219 
87.6022720336914 33.41087341308594 
> -Z0.024763789027929306 
87.60289764404297 33.50106430053711 
87.7098159790039 33.50106430053711 
87.7098159790039 33.41030502319336 
87.60289764404297 33.41030502319336 
87.60289764404297 33.50106430053711 
> -Z0.023250000551342964 
87.60352325439453 33.59125518798828 
87.7105484008789 33.59125518798828 
87.7105484008789 33.50049591064453 
87.60352325439453 33.50049591064453 
87.60352325439453 33.59125518798828 
> -Z0.026201894506812096 
87.60415649414062 33.68144607543945 
87.71128845214844 33.68144607543945 
87.71128845214844 33.59068298339844 
87.60415649414062 33.59068298339844 
87.60415649414062 33.68144607543945 
> -Z0.029664862900972366 
87.60478210449219 33.77163314819336 
87.71202850341797 33.77163314819336 
87.71202850341797 33.680870056152344 
87.60478210449219 33.680870056152344 
87.60478210449219 33.77163314819336 
> -Z0.004487038590013981 
87.49371337890625 33.23095703125 
87.60041809082031 33.23095703125 
87.60041809082031 33.140289306640625 
87.49371337890625 33.140289306640625 
87.49371337890625 33.23095703125 
> -Z0.011116820387542248 
87.49421691894531 33.3211555480957 
87.60103607177734 33.3211555480957 
87.60103607177734 33.23048400878906 
87.49421691894531 33.23048400878906 
87.49421691894531 33.3211555480957 
> -Z0.020584318786859512 
87.4947280883789 33.41135025024414 
87.60165405273438 33.41135025024414 
87.60165405273438 33.3206787109375 
87.4947280883789 33.3206787109375 
87.4947280883789 33.41135025024414 
> -Z0.020399698987603188 
87.4952392578125 33.50154113769531 
87.6022720336914 33.50154113769531 
87.6022720336914 33.41087341308594 
87.4952392578125 33.41087341308594 
87.4952392578125 33.50154113769531 
> -Z0.025183180347085 
87.49575805664062 33.59173583984375 
87.60289764404297 33.59173583984375 
87.60289764404297 33.50106430053711 
87.49575805664062 33.50106430053711 
87.49575805664062 33.59173583984375 
> -Z0.03353046253323555 
87.49626922607422 33.68192672729492 
87.60352325439453 33.68192672729492 
87.60352325439453 33.59125518798828 
87.49626922607422 33.59125518798828 
87.49626922607422 33.68192672729492 
> -Z0.03643517196178436 
87.49678802490234 33.772117614746094 
87.60415649414062 33.772117614746094 
87.60415649414062 33.68144607543945 
87.49678802490234 33.68144607543945 
87.49678802490234 33.772117614746094 
> -Z0.012414860539138317 
87.59798431396484 32.77949142456055 
87.70404815673828 32.77949142456055 
87.70404815673828 32.68873596191406 
87.59798431396484 32.68873596191406 
87.59798431396484 32.77949142456055 
> -Z0.01240217313170433 
87.59858703613281 32.869693756103516 
87.70475769042969 32.869693756103516 
87.70475769042969 32.778934478759766 
87.59858703613281 32.778934478759766 
87.59858703613281 32.869693756103516 
> -Z0.004571449477225542 
86.85050201416016 32.78083038330078 
86.95732879638672 32.78083038330078 
86.95732879638672 32.690704345703125 
86.85050201416016 32.690704345703125 
86.85050201416016 32.78083038330078 
> -Z0.06813862919807434 
86.68890380859375 33.18644714355469 
86.74267578125 33.18644714355469 
86.74267578125 33.14147186279297 
86.68890380859375 33.14147186279297 
86.68890380859375 33.18644714355469 
> -Z0.04662555456161499 
86.63470458984375 33.321598052978516 
86.7424087524414 33.321598052978516 
86.7424087524414 33.23167037963867 
86.63470458984375 33.23167037963867 
86.63470458984375 33.321598052978516 
> -Z0.033570583909749985 
86.63433074951172 33.41179656982422 
86.74214172363281 33.41179656982422 
86.74214172363281 33.321868896484375 
86.63433074951172 33.321868896484375 
86.63433074951172 33.41179656982422 
> -Z0.022138016298413277 
86.63394927978516 33.501991271972656 
86.74187469482422 33.501991271972656 
86.74187469482422 33.41206741333008 
86.63394927978516 33.41206741333008 
86.63394927978516 33.501991271972656 
> -Z0.019537480548024178 
86.6335678100586 33.592185974121094 
86.74160766601562 33.592185974121094 
86.74160766601562 33.502262115478516 
86.6335678100586 33.502262115478516 
86.6335678100586 33.592185974121094 
> -Z0.00924275815486908 
86.63318634033203 33.682376861572266 
86.74134063720703 33.682376861572266 
86.74134063720703 33.59245681762695 
86.63318634033203 33.59245681762695 
86.63318634033203 33.682376861572266 
> -Z0.010180479846894741 
86.63280487060547 33.7725715637207 
86.74107360839844 33.7725715637207 
86.74107360839844 33.68265151977539 
86.63280487060547 33.68265151977539 
86.63280487060547 33.7725715637207 
> -Z0.03131542354822159 
86.4204330444336 33.230587005615234 
86.52823638916016 33.230587005615234 
86.52823638916016 33.14084243774414 
86.4204330444336 33.14084243774414 
86.4204330444336 33.230587005615234 
> -Z0.028500311076641083 
86.41983795166016 33.32078170776367 
86.52775573730469 33.32078170776367 
86.52775573730469 33.231040954589844 
86.41983795166016 33.231040954589844 
86.41983795166016 33.32078170776367 
> -Z0.023693744093179703 
86.41923522949219 33.41097640991211 
86.52726745605469 33.41097640991211 
86.52726745605469 33.32123565673828 
86.41923522949219 33.32123565673828 
86.41923522949219 33.41097640991211 
> -Z-0.0030910952482372522 
87.17120361328125 32.961212158203125 
87.27792358398438 32.961212158203125 
87.27792358398438 32.87081527709961 
87.17120361328125 32.87081527709961 
87.17120361328125 32.961212158203125 
> -Z-0.003961639944463968 
87.17137908935547 33.051414489746094 
87.27820587158203 33.051414489746094 
87.27820587158203 32.961021423339844 
87.17137908935547 32.961021423339844 
87.17137908935547 33.051414489746094 
> -Z-0.006194797344505787 
87.17155456542969 33.14161682128906 
87.27848815917969 33.14161682128906 
87.27848815917969 33.05122375488281 
87.17155456542969 33.05122375488281 
87.17155456542969 33.14161682128906 
> -Z-0.008786158636212349 
87.1717300415039 33.23181915283203 
87.27877044677734 33.23181915283203 
87.27877044677734 33.14142608642578 
87.1717300415039 33.14142608642578 
87.1717300415039 33.23181915283203 
> -Z-0.006622845772653818 
87.17190551757812 33.322017669677734 
87.279052734375 33.322017669677734 
87.279052734375 33.231624603271484 
87.17190551757812 33.231624603271484 
87.17190551757812 33.322017669677734 
> -Z0.005803756415843964 
87.17208099365234 33.41221618652344 
87.27934265136719 33.41221618652344 
87.27934265136719 33.32182312011719 
87.17208099365234 33.32182312011719 
87.17208099365234 33.41221618652344 
> -Z0.024092383682727814 
87.17225646972656 33.502410888671875 
87.27963256835938 33.502410888671875 
87.27963256835938 33.41202163696289 
87.17225646972656 33.41202163696289 
87.17225646972656 33.502410888671875 
> -Z0.034705061465501785 
87.17243957519531 33.59260940551758 
87.27992248535156 33.59260940551758 
87.27992248535156 33.50221633911133 
87.17243957519531 33.50221633911133 
87.17243957519531 33.59260940551758 
> -Z0.042117998003959656 
87.17262268066406 33.682804107666016 
87.28021240234375 33.682804107666016 
87.28021240234375 33.592411041259766 
87.17262268066406 33.592411041259766 
87.17262268066406 33.682804107666016 
> -Z0.044806450605392456 
87.17279815673828 33.77299499511719 
87.28050231933594 33.77299499511719 
87.28050231933594 33.6826057434082 
87.17279815673828 33.6826057434082 
87.17279815673828 33.77299499511719 
> -Z0.00957772508263588 
87.27735900878906 32.69040298461914 
87.38365173339844 32.69040298461914 
87.38365173339844 32.59991455078125 
87.27735900878906 32.59991455078125 
87.27735900878906 32.69040298461914 
> -Z-0.009279261343181133 
86.74280548095703 33.096370697021484 
86.79649353027344 33.096370697021484 
86.79649353027344 33.051368713378906 
86.74280548095703 33.051368713378906 
86.74280548095703 33.096370697021484 
> -Z-0.04724087938666344 
86.79638671875 33.09646987915039 
86.85004425048828 33.09646987915039 
86.85004425048828 33.05144500732422 
86.79638671875 33.05144500732422 
86.79638671875 33.09646987915039 
> -Z0.08056396245956421 
86.7424087524414 33.23167037963867 
86.79618072509766 33.23167037963867 
86.79618072509766 33.186668395996094 
86.7424087524414 33.186668395996094 
86.7424087524414 33.23167037963867 
> -Z-0.008427086286246777 
86.79607391357422 33.23176956176758 
86.84981536865234 33.23176956176758 
86.84981536865234 33.186744689941406 
86.79607391357422 33.186744689941406 
86.79607391357422 33.23176956176758 
> -Z0.07687731832265854 
86.74253845214844 33.18656921386719 
86.79627990722656 33.18656921386719 
86.79627990722656 33.141571044921875 
86.74253845214844 33.141571044921875 
86.74253845214844 33.18656921386719 
> -Z-0.11884131282567978 
86.79618072509766 33.186668395996094 
86.84989166259766 33.186668395996094 
86.84989166259766 33.14164733886719 
86.79618072509766 33.14164733886719 
86.79618072509766 33.186668395996094 
> -Z0.045514218509197235 
86.74214172363281 33.321868896484375 
86.79596710205078 33.321868896484375 
86.79596710205078 33.27687072753906 
86.74214172363281 33.27687072753906 
86.74214172363281 33.321868896484375 
> -Z0.03886641934514046 
86.79586029052734 33.32196807861328 
86.84966278076172 33.32196807861328 
86.84966278076172 33.276947021484375 
86.79586029052734 33.276947021484375 
86.79586029052734 33.32196807861328 
> -Z0.05967480316758156 
86.74227905273438 33.276771545410156 
86.79607391357422 33.276771545410156 
86.79607391357422 33.23176956176758 
86.74227905273438 33.23176956176758 
86.74227905273438 33.276771545410156 
> -Z0.046050071716308594 
86.79596710205078 33.27687072753906 
86.84973907470703 33.27687072753906 
86.84973907470703 33.23184585571289 
86.79596710205078 33.23184585571289 
86.79596710205078 33.27687072753906 
> -Z0.03510228171944618 
86.74187469482422 33.41206741333008 
86.8495864868164 33.41206741333008 
86.8495864868164 33.322044372558594 
86.74187469482422 33.322044372558594 
86.74187469482422 33.41206741333008 
> -Z0.029575461521744728 
86.74160766601562 33.502262115478516 
86.84942626953125 33.502262115478516 
86.84942626953125 33.4122428894043 
86.74160766601562 33.4122428894043 
86.74160766601562 33.502262115478516 
> -Z0.025414060801267624 
86.74134063720703 33.59245681762695 
86.84927368164062 33.59245681762695 
86.84927368164062 33.50244140625 
86.74134063720703 33.50244140625 
86.74134063720703 33.59245681762695 
> -Z0.020685987547039986 
86.74107360839844 33.68265151977539 
86.84911346435547 33.68265151977539 
86.84911346435547 33.59263610839844 
86.74107360839844 33.59263610839844 
86.74107360839844 33.68265151977539 
> -Z0.013199091888964176 
86.74079895019531 33.77284240722656 
86.84896087646484 33.77284240722656 
86.84896087646484 33.682830810546875 
86.74079895019531 33.682830810546875 
86.74079895019531 33.77284240722656 
> -Z0.019896075129508972 
86.20741271972656 33.049015045166016 
86.3152084350586 33.049015045166016 
86.3152084350586 32.95945358276367 
86.20741271972656 32.95945358276367 
86.20741271972656 33.049015045166016 
> -Z0.017205579206347466 
86.20660400390625 33.13920974731445 
86.31451416015625 33.13920974731445 
86.31451416015625 33.049652099609375 
86.20660400390625 33.049652099609375 
86.20660400390625 33.13920974731445 
> -Z0.012924929149448872 
86.20579528808594 33.229400634765625 
86.31381225585938 33.229400634765625 
86.31381225585938 33.13984680175781 
86.20579528808594 33.13984680175781 
86.20579528808594 33.229400634765625 
> -Z0.016281617805361748 
86.20497131347656 33.3195915222168 
86.3131103515625 33.3195915222168 
86.3131103515625 33.23004150390625 
86.20497131347656 33.23004150390625 
86.20497131347656 33.3195915222168 
> -Z0.012579329311847687 
86.20415496826172 33.40978240966797 
86.3124008178711 33.40978240966797 
86.3124008178711 33.32023239135742 
86.20415496826172 33.32023239135742 
86.20415496826172 33.40978240966797 
> -Z0.005757238250225782 
86.20333099365234 33.499969482421875 
86.31169128417969 33.499969482421875 
86.31169128417969 33.41042709350586 
86.20333099365234 33.41042709350586 
86.20333099365234 33.499969482421875 
> -Z-0.012595181353390217 
87.0643310546875 33.141719818115234 
87.17137908935547 33.141719818115234 
87.17137908935547 33.051414489746094 
87.0643310546875 33.051414489746094 
87.0643310546875 33.141719818115234 
> -Z-0.016779182478785515 
87.06439971923828 33.2319221496582 
87.17155456542969 33.2319221496582 
87.17155456542969 33.14161682128906 
87.06439971923828 33.14161682128906 
87.06439971923828 33.2319221496582 
> -Z-0.009975001215934753 
87.06446075439453 33.322120666503906 
87.1717300415039 33.322120666503906 
87.1717300415039 33.23181915283203 
87.06446075439453 33.23181915283203 
87.06446075439453 33.322120666503906 
> -Z0.007715849205851555 
87.06452941894531 33.41231918334961 
87.17190551757812 33.41231918334961 
87.17190551757812 33.322017669677734 
87.06452941894531 33.322017669677734 
87.06452941894531 33.41231918334961 
> -Z0.025013959035277367 
87.0645980834961 33.50251388549805 
87.17208099365234 33.50251388549805 
87.17208099365234 33.41221618652344 
87.0645980834961 33.41221618652344 
87.0645980834961 33.50251388549805 
> -Z0.030937010422348976 
87.06466674804688 33.59271240234375 
87.17225646972656 33.59271240234375 
87.17225646972656 33.502410888671875 
87.06466674804688 33.502410888671875 
87.06466674804688 33.59271240234375 
> -Z0.030328307300806046 
87.06473541259766 33.68290710449219 
87.17243957519531 33.68290710449219 
87.17243957519531 33.59260940551758 
87.06473541259766 33.59260940551758 
87.06473541259766 33.68290710449219 
> -Z0.01885736919939518 
87.0647964477539 33.77309799194336 
87.17262268066406 33.77309799194336 
87.17262268066406 33.682804107666016 
87.0647964477539 33.682804107666016 
87.0647964477539 33.77309799194336 
> -Z0.005073051434010267 
85.99830627441406 32.59650802612305 
86.10575103759766 32.59650802612305 
86.10575103759766 32.50711441040039 
85.99830627441406 32.50711441040039 
85.99830627441406 32.59650802612305 
> -Z0.012085042893886566 
85.99729919433594 32.686702728271484 
86.10485076904297 32.686702728271484 
86.10485076904297 32.597312927246094 
85.99729919433594 32.597312927246094 
85.99729919433594 32.686702728271484 
> -Z0.01627364754676819 
85.99628448486328 32.77689743041992 
86.10395812988281 32.77689743041992 
86.10395812988281 32.6875114440918 
85.99628448486328 32.6875114440918 
85.99628448486328 32.77689743041992 
> -Z0.02416682429611683 
85.99526977539062 32.867088317871094 
86.1030502319336 32.867088317871094 
86.1030502319336 32.777706146240234 
85.99526977539062 32.777706146240234 
85.99526977539062 32.867088317871094 
> -Z0.022503959015011787 
85.99425506591797 32.95728302001953 
86.10214233398438 32.95728302001953 
86.10214233398438 32.86790466308594 
85.99425506591797 32.86790466308594 
85.99425506591797 32.95728302001953 
> -Z0.012654958292841911 
85.99322509765625 33.04747009277344 
86.10123443603516 33.04747009277344 
86.10123443603516 32.95809555053711 
85.99322509765625 32.95809555053711 
85.99322509765625 33.04747009277344 
> -Z0.011216173879802227 
86.09284973144531 33.76978302001953 
86.20166778564453 33.76978302001953 
86.20166778564453 33.68034362792969 
86.09284973144531 33.68034362792969 
86.09284973144531 33.76978302001953 
> -Z0.013538366183638573 
86.21061706542969 32.688228607177734 
86.3179702758789 32.688228607177734 
86.3179702758789 32.59865188598633 
86.21061706542969 32.59865188598633 
86.21061706542969 32.688228607177734 
> -Z0.012270234525203705 
86.20982360839844 32.77842712402344 
86.3172836303711 32.77842712402344 
86.3172836303711 32.6888542175293 
86.20982360839844 32.6888542175293 
86.20982360839844 32.77842712402344 
> -Z0.02000194601714611 
86.20902252197266 32.86862564086914 
86.31659698486328 32.86862564086914 
86.31659698486328 32.779052734375 
86.20902252197266 32.779052734375 
86.20902252197266 32.86862564086914 
> -Z0.018195461481809616 
86.20822143554688 32.95882034301758 
86.31590270996094 32.95882034301758 
86.31590270996094 32.86925506591797 
86.20822143554688 32.86925506591797 
86.20822143554688 32.95882034301758 
> -Z0.011310837231576443 
86.74371337890625 32.78065490722656 
86.85065460205078 32.78065490722656 
86.85065460205078 32.69062042236328 
86.74371337890625 32.69062042236328 
86.74371337890625 32.78065490722656 
> -Z0.01131998561322689 
86.74345397949219 32.8708610534668 
86.85050201416016 32.8708610534668 
86.85050201416016 32.78083038330078 
86.74345397949219 32.78083038330078 
86.74345397949219 32.8708610534668 
> -Z0.015200892463326454 
86.74319458007812 32.96106719970703 
86.85034942626953 32.96106719970703 
86.85034942626953 32.871036529541016 
86.74319458007812 32.871036529541016 
86.74319458007812 32.96106719970703 
> -Z0.0005383957759477198 
86.74293518066406 33.05126953125 
86.8501968383789 33.05126953125 
86.8501968383789 32.961238861083984 
86.74293518066406 32.961238861083984 
86.74293518066406 33.05126953125 
> -Z0.030955743044614792 
86.74267578125 33.14147186279297 
86.79638671875 33.14147186279297 
86.79638671875 33.09646987915039 
86.74267578125 33.09646987915039 
86.74267578125 33.14147186279297 
> -Z-0.10508500784635544 
86.79627990722656 33.141571044921875 
86.84996795654297 33.141571044921875 
86.84996795654297 33.0965461730957 
86.79627990722656 33.0965461730957 
86.79627990722656 33.141571044921875 
> -Z0.047920018434524536 
87.28050231933594 33.6826057434082 
87.38798522949219 33.6826057434082 
87.38798522949219 33.59212112426758 
87.28050231933594 33.59212112426758 
87.28050231933594 33.6826057434082 
> -Z0.05947813391685486 
87.28079986572266 33.772796630859375 
87.38838958740234 33.772796630859375 
87.38838958740234 33.68231201171875 
87.28079986572266 33.68231201171875 
87.28079986572266 33.772796630859375 
> -Z0.014113686978816986 
87.384033203125 32.69012451171875 
87.49021911621094 32.69012451171875 
87.49021911621094 32.599544525146484 
87.384033203125 32.599544525146484 
87.384033203125 32.69012451171875 
> -Z0.007665647193789482 
87.3844223022461 32.780330657958984 
87.49070739746094 32.780330657958984 
87.49070739746094 32.68975067138672 
87.3844223022461 32.68975067138672 
87.3844223022461 32.780330657958984 
> -Z-0.0012973101111128926 
87.38481140136719 32.87053298950195 
87.49120330810547 32.87053298950195 
87.49120330810547 32.77995681762695 
87.38481140136719 32.77995681762695 
87.38481140136719 32.87053298950195 
> -Z-0.0010701194405555725 
87.38520050048828 32.96073532104492 
87.49169921875 32.96073532104492 
87.49169921875 32.87015914916992 
87.38520050048828 32.87015914916992 
87.38520050048828 32.96073532104492 
> -Z0.0020708537194877863 
87.3855972290039 33.05093765258789 
87.49220275878906 33.05093765258789 
87.49220275878906 32.96036148071289 
87.3855972290039 32.96036148071289 
87.3855972290039 33.05093765258789 
> -Z-0.003985220566391945 
87.385986328125 33.14113998413086 
87.4926986694336 33.14113998413086 
87.4926986694336 33.050559997558594 
87.385986328125 33.050559997558594 
87.385986328125 33.14113998413086 
> -Z0.0006837444379925728 
87.38638305664062 33.23133850097656 
87.49320220947266 33.23133850097656 
87.49320220947266 33.1407585144043 
87.38638305664062 33.1407585144043 
87.38638305664062 33.23133850097656 
> -Z0.00015858255210332572 
86.9571533203125 33.0515251159668 
87.06420135498047 33.0515251159668 
87.06420135498047 32.9613151550293 
86.9571533203125 32.9613151550293 
86.9571533203125 33.0515251159668 
> -Z-0.014833717606961727 
86.95711517333984 33.141727447509766 
87.06427001953125 33.141727447509766 
87.06427001953125 33.051517486572266 
86.95711517333984 33.051517486572266 
86.95711517333984 33.141727447509766 
> -Z-0.018133295699954033 
86.95706939697266 33.231929779052734 
87.0643310546875 33.231929779052734 
87.0643310546875 33.141719818115234 
86.95706939697266 33.141719818115234 
86.95706939697266 33.231929779052734 
> -Z-0.006219095550477505 
86.95702362060547 33.32212829589844 
87.06439971923828 33.32212829589844 
87.06439971923828 33.2319221496582 
86.95702362060547 33.2319221496582 
86.95702362060547 33.32212829589844 
> -Z0.01571967639029026 
86.95697784423828 33.41232681274414 
87.06446075439453 33.41232681274414 
87.06446075439453 33.322120666503906 
86.95697784423828 33.322120666503906 
86.95697784423828 33.41232681274414 
> -Z0.025443047285079956 
86.9569320678711 33.502525329589844 
87.06452941894531 33.502525329589844 
87.06452941894531 33.41231918334961 
86.9569320678711 33.41231918334961 
86.9569320678711 33.502525329589844 
> -Z0.026374438777565956 
86.95689392089844 33.59272003173828 
87.0645980834961 33.59272003173828 
87.0645980834961 33.50251388549805 
86.95689392089844 33.50251388549805 
86.95689392089844 33.59272003173828 
> -Z0.025111252442002296 
86.95684814453125 33.68291473388672 
87.06466674804688 33.68291473388672 
87.06466674804688 33.59271240234375 
86.95684814453125 33.59271240234375 
86.95684814453125 33.68291473388672 
> -Z0.017002606764435768 
86.95680236816406 33.773109436035156 
87.06473541259766 33.773109436035156 
87.06473541259766 33.68290710449219 
86.95680236816406 33.68290710449219 
86.95680236816406 33.773109436035156 
> -Z0.0019908214453607798 
87.59919738769531 32.95989227294922 
87.70547485351562 32.95989227294922 
87.70547485351562 32.869136810302734 
87.59919738769531 32.869136810302734 
87.59919738769531 32.95989227294922 
> -Z0.0035027421545237303 
87.59980773925781 33.05009078979492 
87.70618438720703 33.05009078979492 
87.70618438720703 32.95933532714844 
87.59980773925781 32.95933532714844 
87.59980773925781 33.05009078979492 
> -Z0.00290508521720767 
87.60041809082031 33.140289306640625 
87.7069091796875 33.140289306640625 
87.7069091796875 33.049530029296875 
87.60041809082031 33.049530029296875 
87.60041809082031 33.140289306640625 
> -Z0.008353041484951973 
87.60103607177734 33.23048400878906 
87.70762634277344 33.23048400878906 
87.70762634277344 33.13972473144531 
87.60103607177734 33.13972473144531 
87.60103607177734 33.23048400878906 
> -Z0.021531708538532257 
87.27992248535156 33.50221633911133 
87.3871841430664 33.50221633911133 
87.3871841430664 33.4117317199707 
87.27992248535156 33.4117317199707 
87.27992248535156 33.50221633911133 
> -Z0.0398411825299263 
87.28021240234375 33.592411041259766 
87.38758087158203 33.592411041259766 
87.38758087158203 33.50192642211914 
87.28021240234375 33.50192642211914 
87.28021240234375 33.592411041259766 
