> -Z0.001163831507718767 
86.41863250732422 33.50116729736328 
86.52677917480469 33.50116729736328 
86.52677917480469 33.411434173583984 
86.41863250732422 33.411434173583984 
86.41863250732422 33.50116729736328 
> -Z-0.007601967439939947 
86.41802978515625 33.59135818481445 
86.52629089355469 33.59135818481445 
86.52629089355469 33.50162887573242 
86.41802978515625 33.50162887573242 
86.41802978515625 33.59135818481445 
> -Z-0.01232984650395583 
86.41741943359375 33.681549072265625 
86.52579498291016 33.681549072265625 
86.52579498291016 33.591819763183594 
86.41741943359375 33.591819763183594 
86.41741943359375 33.681549072265625 
> -Z-0.009108171263250253 
86.41681671142578 33.7717399597168 
86.52530670166016 33.7717399597168 
86.52530670166016 33.682010650634766 
86.41681671142578 33.682010650634766 
86.41681671142578 33.7717399597168 
> -Z0.0013136945055008797 
86.53062438964844 32.68983459472656 
86.63766479492188 32.68983459472656 
86.63766479492188 32.599979400634766 
86.53062438964844 32.599979400634766 
86.53062438964844 32.68983459472656 
> -Z0.004925488803000519 
86.5301513671875 32.78003692626953 
86.63729858398438 32.78003692626953 
86.63729858398438 32.690185546875 
86.5301513671875 32.690185546875 
86.5301513671875 32.78003692626953 
> -Z0.006940860362019612 
86.52967834472656 32.8702392578125 
86.63693237304688 32.8702392578125 
86.63693237304688 32.780391693115234 
86.52967834472656 32.780391693115234 
86.52967834472656 32.8702392578125 
> -Z0.01454793136963308 
86.5291976928711 32.96044158935547 
86.63656616210938 32.96044158935547 
86.63656616210938 32.87059783935547 
86.5291976928711 32.87059783935547 
86.5291976928711 32.96044158935547 
> -Z-0.00012130288530098898 
86.31169128417969 33.41042709350586 
86.41983795166016 33.41042709350586 
86.41983795166016 33.32078170776367 
86.31169128417969 33.32078170776367 
86.31169128417969 33.41042709350586 
> -Z-0.004378283553374607 
86.31098175048828 33.50061798095703 
86.41923522949219 33.50061798095703 
86.41923522949219 33.41097640991211 
86.31098175048828 33.41097640991211 
86.31098175048828 33.50061798095703 
> -Z-0.0034481764665297825 
86.09848022460938 33.22867202758789 
86.20660400390625 33.22867202758789 
86.20660400390625 33.13920974731445 
86.09848022460938 33.13920974731445 
86.09848022460938 33.22867202758789 
> -Z-0.003186252911185714 
86.09754943847656 33.3188591003418 
86.20579528808594 33.3188591003418 
86.20579528808594 33.229400634765625 
86.09754943847656 33.229400634765625 
86.09754943847656 33.3188591003418 
> -Z-0.008149963488063742 
86.09661865234375 33.4090461730957 
86.20497131347656 33.4090461730957 
86.20497131347656 33.3195915222168 
86.09661865234375 33.3195915222168 
86.09661865234375 33.4090461730957 
> -Z-0.00976586936654035 
86.0956802368164 33.49923324584961 
86.20415496826172 33.49923324584961 
86.20415496826172 33.40978240966797 
86.0956802368164 33.40978240966797 
86.0956802368164 33.49923324584961 
> -Z-0.011435454061859134 
86.09474182128906 33.58941650390625 
86.20333099365234 33.58941650390625 
86.20333099365234 33.499969482421875 
86.09474182128906 33.499969482421875 
86.09474182128906 33.58941650390625 
> -Z-0.003074359960542429 
86.09379577636719 33.67959976196289 
86.20249938964844 33.67959976196289 
86.20249938964844 33.59015655517578 
86.09379577636719 33.59015655517578 
86.09379577636719 33.67959976196289 
> -Z-0.01264325425303854 
86.31026458740234 33.59080505371094 
86.41863250732422 33.59080505371094 
86.41863250732422 33.50116729736328 
86.31026458740234 33.50116729736328 
86.31026458740234 33.59080505371094 
> -Z-0.010514360325259133 
86.3095474243164 33.680992126464844 
86.41802978515625 33.680992126464844 
86.41802978515625 33.59135818481445 
86.3095474243164 33.59135818481445 
86.3095474243164 33.680992126464844 
> -Z-0.0078028262965311925 
86.30882263183594 33.77117919921875 
86.41741943359375 33.77117919921875 
86.41741943359375 33.681549072265625 
86.30882263183594 33.681549072265625 
86.30882263183594 33.77117919921875 
> -Z-0.0021695563749385173 
86.4239501953125 32.689388275146484 
86.53109741210938 32.689388275146484 
86.53109741210938 32.59962844848633 
86.4239501953125 32.59962844848633 
86.4239501953125 32.689388275146484 
> -Z-0.00016252659801567482 
86.42337036132812 32.77959060668945 
86.53062438964844 32.77959060668945 
86.53062438964844 32.68983459472656 
86.42337036132812 32.68983459472656 
86.42337036132812 32.77959060668945 
> -Z0.006212245618880485 
86.42279052734375 32.86979293823242 
86.5301513671875 32.86979293823242 
86.5301513671875 32.78003692626953 
86.42279052734375 32.78003692626953 
86.42279052734375 32.86979293823242 
> -Z0.011069720121378185 
86.42220306396484 32.95999526977539 
86.52967834472656 32.95999526977539 
86.52967834472656 32.8702392578125 
86.42220306396484 32.8702392578125 
86.42220306396484 32.95999526977539 
> -Z0.009907939794895515 
86.42161560058594 33.050193786621094 
86.5291976928711 33.050193786621094 
86.5291976928711 32.96044158935547 
86.42161560058594 32.96044158935547 
86.42161560058594 33.050193786621094 
> -Z0.013495799848509543 
86.42102813720703 33.1403923034668 
86.52871704101562 33.1403923034668 
86.52871704101562 33.05064392089844 
86.42102813720703 33.05064392089844 
86.42102813720703 33.1403923034668 
> -Z-0.00775342892883679 
87.49320220947266 33.1407585144043 
87.59980773925781 33.1407585144043 
87.59980773925781 33.05009078979492 
87.49320220947266 33.05009078979492 
87.49320220947266 33.1407585144043 
> -Z-0.0044458063825587885 
86.85034942626953 32.871036529541016 
86.95728302001953 32.871036529541016 
86.95728302001953 32.78091049194336 
86.85034942626953 32.78091049194336 
86.85034942626953 32.871036529541016 
> -Z-0.0008623971332903831 
86.8501968383789 32.961238861083984 
86.95724487304688 32.961238861083984 
86.95724487304688 32.871116638183594 
86.8501968383789 32.871116638183594 
86.8501968383789 32.961238861083984 
> -Z-0.006946488993049744 
86.85004425048828 33.05144500732422 
86.95719909667969 33.05144500732422 
86.95719909667969 32.96132278442383 
86.85004425048828 32.96132278442383 
86.85004425048828 33.05144500732422 
> -Z-0.008279096300379207 
86.84989166259766 33.14164733886719 
86.90354919433594 33.14164733886719 
86.90354919433594 33.09659957885742 
86.84989166259766 33.09659957885742 
86.84989166259766 33.14164733886719 
> -Z-0.015160597959397018 
86.90350341796875 33.14169692993164 
86.9571304321289 33.14169692993164 
86.9571304321289 33.09662628173828 
86.90350341796875 33.09662628173828 
86.90350341796875 33.14169692993164 
> -Z-0.000770635542990325 
86.84996795654297 33.0965461730957 
86.90360260009766 33.0965461730957 
86.90360260009766 33.05149459838867 
86.84996795654297 33.05149459838867 
86.84996795654297 33.0965461730957 
> -Z-0.011928882596349314 
86.90354919433594 33.09659957885742 
86.9571533203125 33.09659957885742 
86.9571533203125 33.0515251159668 
86.90354919433594 33.0515251159668 
86.90354919433594 33.09659957885742 
> -Z-0.01093711748853643 
86.84973907470703 33.23184585571289 
86.90345001220703 33.23184585571289 
86.90345001220703 33.186798095703125 
86.84973907470703 33.186798095703125 
86.84973907470703 33.23184585571289 
> -Z-0.020917182609717602 
86.90340423583984 33.23189926147461 
86.95709228515625 33.23189926147461 
86.95709228515625 33.18682861328125 
86.90340423583984 33.18682861328125 
86.90340423583984 33.23189926147461 
> -Z-0.01973510419854163 
86.84981536865234 33.186744689941406 
86.90350341796875 33.186744689941406 
86.90350341796875 33.14169692993164 
86.84981536865234 33.14169692993164 
86.84981536865234 33.186744689941406 
> -Z-0.01651555868758569 
86.90345001220703 33.186798095703125 
86.95711517333984 33.186798095703125 
86.95711517333984 33.141727447509766 
86.90345001220703 33.141727447509766 
86.90345001220703 33.186798095703125 
> -Z-0.01055514032731467 
86.8495864868164 33.322044372558594 
86.95706939697266 33.322044372558594 
86.95706939697266 33.231929779052734 
86.8495864868164 33.231929779052734 
86.8495864868164 33.322044372558594 
> -Z0.008815911968397303 
86.84942626953125 33.4122428894043 
86.95702362060547 33.4122428894043 
86.95702362060547 33.32212829589844 
86.84942626953125 33.32212829589844 
86.84942626953125 33.4122428894043 
> -Z0.015021383262648827 
86.84927368164062 33.50244140625 
86.95697784423828 33.50244140625 
86.95697784423828 33.41232681274414 
86.84927368164062 33.41232681274414 
86.84927368164062 33.50244140625 
> -Z0.012068446270923907 
86.84911346435547 33.59263610839844 
86.9569320678711 33.59263610839844 
86.9569320678711 33.502525329589844 
86.84911346435547 33.502525329589844 
86.84911346435547 33.59263610839844 
> -Z-9.442356137443972e-05 
87.49120330810547 32.77995681762695 
87.59738159179688 32.77995681762695 
87.59738159179688 32.68928909301758 
87.49120330810547 32.68928909301758 
87.49120330810547 32.77995681762695 
> -Z-0.005051307195035248 
87.49169921875 32.87015914916992 
87.59798431396484 32.87015914916992 
87.59798431396484 32.77949142456055 
87.49169921875 32.77949142456055 
87.49169921875 32.87015914916992 
> -Z-0.008206142870029357 
87.49220275878906 32.96036148071289 
87.59858703613281 32.96036148071289 
87.59858703613281 32.869693756103516 
87.49220275878906 32.869693756103516 
87.49220275878906 32.96036148071289 
> -Z-0.004041256950090621 
87.4926986694336 33.050559997558594 
87.59919738769531 33.050559997558594 
87.59919738769531 32.95989227294922 
87.4926986694336 32.95989227294922 
87.4926986694336 33.050559997558594 
> -Z0.017088633647531118 
86.52871704101562 33.05064392089844 
86.63619995117188 33.05064392089844 
86.63619995117188 32.96080017089844 
86.52871704101562 32.96080017089844 
86.52871704101562 33.05064392089844 
> -Z0.013666103114970761 
86.52823638916016 33.14084243774414 
86.63582611083984 33.14084243774414 
86.63582611083984 33.051002502441406 
86.52823638916016 33.051002502441406 
86.52823638916016 33.14084243774414 
> -Z0.007684635414704842 
86.52775573730469 33.231040954589844 
86.63545227050781 33.231040954589844 
86.63545227050781 33.14120101928711 
86.52775573730469 33.14120101928711 
86.52775573730469 33.231040954589844 
> -Z0.007017626530110503 
86.52726745605469 33.32123565673828 
86.63507843017578 33.32123565673828 
86.63507843017578 33.23140335083008 
86.52726745605469 33.23140335083008 
86.52726745605469 33.32123565673828 
> -Z0.0023490591215835042 
86.52677917480469 33.411434173583984 
86.63470458984375 33.411434173583984 
86.63470458984375 33.321598052978516 
86.52677917480469 33.321598052978516 
86.52677917480469 33.411434173583984 
> -Z0.001792025763626623 
86.52629089355469 33.50162887573242 
86.63433074951172 33.50162887573242 
86.63433074951172 33.41179656982422 
86.52629089355469 33.41179656982422 
86.52629089355469 33.50162887573242 
> -Z0.005803660428136159 
86.63656616210938 32.87059783935547 
86.74371337890625 32.87059783935547 
86.74371337890625 32.78065490722656 
86.63656616210938 32.78065490722656 
86.63656616210938 32.87059783935547 
> -Z0.011751608384149272 
86.63619995117188 32.96080017089844 
86.74345397949219 32.96080017089844 
86.74345397949219 32.8708610534668 
86.63619995117188 32.8708610534668 
86.63619995117188 32.96080017089844 
> -Z0.01617204077367608 
86.63582611083984 33.051002502441406 
86.74319458007812 33.051002502441406 
86.74319458007812 32.96106719970703 
86.63582611083984 32.96106719970703 
86.63582611083984 33.051002502441406 
> -Z0.012043124667824298 
86.63545227050781 33.14120101928711 
86.68922424316406 33.14120101928711 
86.68922424316406 33.096248626708984 
86.63545227050781 33.096248626708984 
86.63545227050781 33.14120101928711 
> -Z0.029295655162178934 
86.6890640258789 33.14134979248047 
86.74280548095703 33.14134979248047 
86.74280548095703 33.096370697021484 
86.6890640258789 33.096370697021484 
86.6890640258789 33.14134979248047 
> -Z0.015280001151210101 
86.6356430053711 33.09610366821289 
86.68938446044922 33.09610366821289 
86.68938446044922 33.0511474609375 
86.6356430053711 33.0511474609375 
86.6356430053711 33.09610366821289 
> -Z0.023199639860678585 
86.68922424316406 33.096248626708984 
86.74293518066406 33.096248626708984 
86.74293518066406 33.05126953125 
86.68922424316406 33.05126953125 
86.68922424316406 33.096248626708984 
> -Z0.0032069629560297075 
86.63507843017578 33.23140335083008 
86.68890380859375 33.23140335083008 
86.68890380859375 33.18644714355469 
86.63507843017578 33.18644714355469 
86.63507843017578 33.23140335083008 
> -Z0.011937300135483844 
86.6887435913086 33.23154830932617 
86.74253845214844 33.23154830932617 
86.74253845214844 33.18656921386719 
86.6887435913086 33.18656921386719 
86.6887435913086 33.23154830932617 
> -Z0.00924979658530703 
86.63526916503906 33.186302185058594 
86.6890640258789 33.186302185058594 
86.6890640258789 33.14134979248047 
86.63526916503906 33.14134979248047 
86.63526916503906 33.186302185058594 
> -Z-0.013749899568143816 
86.20249938964844 33.59015655517578 
86.31098175048828 33.59015655517578 
86.31098175048828 33.50061798095703 
86.20249938964844 33.50061798095703 
86.20249938964844 33.59015655517578 
> -Z-0.010240765809795337 
86.20166778564453 33.68034362792969 
86.31026458740234 33.68034362792969 
86.31026458740234 33.59080505371094 
86.20166778564453 33.59080505371094 
86.20166778564453 33.68034362792969 
> -Z-0.007922315248567856 
86.20083618164062 33.77052688598633 
86.3095474243164 33.77052688598633 
86.3095474243164 33.680992126464844 
86.20083618164062 33.680992126464844 
86.20083618164062 33.77052688598633 
> -Z0.002099851256467774 
86.52579498291016 33.591819763183594 
86.63394927978516 33.591819763183594 
86.63394927978516 33.501991271972656 
86.52579498291016 33.501991271972656 
86.52579498291016 33.591819763183594 
> -Z-0.006784541522716984 
86.52530670166016 33.682010650634766 
86.6335678100586 33.682010650634766 
86.6335678100586 33.592185974121094 
86.52530670166016 33.592185974121094 
86.52530670166016 33.682010650634766 
> -Z-0.004728400602671157 
86.52481079101562 33.77220153808594 
86.63318634033203 33.77220153808594 
86.63318634033203 33.682376861572266 
86.52481079101562 33.682376861572266 
86.52481079101562 33.77220153808594 
> -Z0.0010319988357528741 
86.63729858398438 32.690185546875 
86.74423217773438 32.690185546875 
86.74423217773438 32.600242614746094 
86.63729858398438 32.600242614746094 
86.63729858398438 32.690185546875 
> -Z0.005754594566147629 
86.63693237304688 32.780391693115234 
86.74397277832031 32.780391693115234 
86.74397277832031 32.69044876098633 
86.63693237304688 32.69044876098633 
86.63693237304688 32.780391693115234 
> -Z-0.008398991470167674 
86.95732879638672 32.690704345703125 
87.0639419555664 32.690704345703125 
87.0639419555664 32.600486755371094 
86.95732879638672 32.600486755371094 
86.95732879638672 32.690704345703125 
> -Z-0.01035502662737871 
86.95728302001953 32.78091049194336 
87.06400299072266 32.78091049194336 
87.06400299072266 32.69069290161133 
86.95728302001953 32.69069290161133 
86.95728302001953 32.78091049194336 
> -Z-0.0040994126779408165 
86.95724487304688 32.871116638183594 
87.06407165527344 32.871116638183594 
87.06407165527344 32.78090286254883 
86.95724487304688 32.78090286254883 
86.95724487304688 32.871116638183594 
> -Z-0.004041531841614572 
86.95719909667969 32.96132278442383 
87.06413269042969 32.96132278442383 
87.06413269042969 32.87110900878906 
86.95719909667969 32.87110900878906 
86.95719909667969 32.96132278442383 
> -Z-0.0007731546794139087 
86.3172836303711 32.6888542175293 
86.42453002929688 32.6888542175293 
86.42453002929688 32.599185943603516 
86.3172836303711 32.599185943603516 
86.3172836303711 32.6888542175293 
> -Z0.0032955231585536787 
86.31659698486328 32.779052734375 
86.4239501953125 32.779052734375 
86.4239501953125 32.689388275146484 
86.31659698486328 32.689388275146484 
86.31659698486328 32.779052734375 
> -Z0.007091872757534975 
86.31590270996094 32.86925506591797 
86.42337036132812 32.86925506591797 
86.42337036132812 32.77959060668945 
86.31590270996094 32.77959060668945 
86.31590270996094 32.86925506591797 
> -Z0.004923112641303486 
86.3152084350586 32.95945358276367 
86.42279052734375 32.95945358276367 
86.42279052734375 32.86979293823242 
86.3152084350586 32.86979293823242 
86.3152084350586 32.95945358276367 
> -Z0.005537486927498565 
86.31451416015625 33.049652099609375 
86.42220306396484 33.049652099609375 
86.42220306396484 32.95999526977539 
86.31451416015625 32.95999526977539 
86.31451416015625 33.049652099609375 
> -Z0.009085088434699958 
86.31381225585938 33.13984680175781 
86.42161560058594 33.13984680175781 
86.42161560058594 33.050193786621094 
86.31381225585938 33.050193786621094 
86.31381225585938 33.13984680175781 
> -Z0.006374436805800562 
86.3131103515625 33.23004150390625 
86.42102813720703 33.23004150390625 
86.42102813720703 33.1403923034668 
86.3131103515625 33.1403923034668 
86.3131103515625 33.23004150390625 
> -Z0.0028220018991699514 
86.3124008178711 33.32023239135742 
86.4204330444336 33.32023239135742 
86.4204330444336 33.230587005615234 
86.3124008178711 33.230587005615234 
86.3124008178711 33.32023239135742 
> -Z-0.008441687855592461 
87.06400299072266 32.69069290161133 
87.1705093383789 32.69069290161133 
87.1705093383789 32.60038757324219 
87.06400299072266 32.60038757324219 
87.06400299072266 32.69069290161133 
> -Z-0.015381858148018405 
87.06407165527344 32.78090286254883 
87.17068481445312 32.78090286254883 
87.17068481445312 32.69059371948242 
87.06407165527344 32.69059371948242 
87.06407165527344 32.78090286254883 
> -Z-0.013964544382130378 
87.06413269042969 32.87110900878906 
87.17085266113281 32.87110900878906 
87.17085266113281 32.78080368041992 
87.06413269042969 32.78080368041992 
87.06413269042969 32.87110900878906 
> -Z-0.010749820151785258 
87.06420135498047 32.9613151550293 
87.17102813720703 32.9613151550293 
87.17102813720703 32.871009826660156 
87.06420135498047 32.871009826660156 
87.06420135498047 32.9613151550293 
> -Z-0.009154186297628965 
87.06427001953125 33.051517486572266 
87.17120361328125 33.051517486572266 
87.17120361328125 32.961212158203125 
87.06427001953125 32.961212158203125 
87.06427001953125 33.051517486572266 
> -Z-0.0063276250456040795 
87.27764129638672 32.78061294555664 
87.384033203125 32.78061294555664 
87.384033203125 32.69012451171875 
87.27764129638672 32.69012451171875 
87.27764129638672 32.78061294555664 
> -Z-0.01216331392519104 
87.27792358398438 32.87081527709961 
87.3844223022461 32.87081527709961 
87.3844223022461 32.780330657958984 
87.27792358398438 32.780330657958984 
87.27792358398438 32.87081527709961 
> -Z-0.011684346237028359 
87.27820587158203 32.961021423339844 
87.38481140136719 32.961021423339844 
87.38481140136719 32.87053298950195 
87.27820587158203 32.87053298950195 
87.27820587158203 32.961021423339844 
> -Z-0.012371399524745693 
87.27848815917969 33.05122375488281 
87.38520050048828 33.05122375488281 
87.38520050048828 32.96073532104492 
87.27848815917969 32.96073532104492 
87.27848815917969 33.05122375488281 
> -Z-0.014804203189464411 
87.27877044677734 33.14142608642578 
87.3855972290039 33.14142608642578 
87.3855972290039 33.05093765258789 
87.27877044677734 33.05093765258789 
87.27877044677734 33.14142608642578 
> -Z-0.008613027216017087 
87.279052734375 33.231624603271484 
87.385986328125 33.231624603271484 
87.385986328125 33.14113998413086 
87.279052734375 33.14113998413086 
87.279052734375 33.231624603271484 
> -Z-0.013299510862387384 
87.27934265136719 33.32182312011719 
87.38638305664062 33.32182312011719 
87.38638305664062 33.23133850097656 
87.27934265136719 33.23133850097656 
87.27934265136719 33.32182312011719 
> -Z-0.004763660110198943 
87.27963256835938 33.41202163696289 
87.38677978515625 33.41202163696289 
87.38677978515625 33.321533203125 
87.27963256835938 33.321533203125 
87.27963256835938 33.41202163696289 
> -Z-0.006397143137866941 
87.38677978515625 33.321533203125 
87.49371337890625 33.321533203125 
87.49371337890625 33.23095703125 
87.38677978515625 33.23095703125 
87.38677978515625 33.321533203125 
> -Z0.0008738631960652516 
87.3871841430664 33.4117317199707 
87.49421691894531 33.4117317199707 
87.49421691894531 33.3211555480957 
87.3871841430664 33.3211555480957 
87.3871841430664 33.4117317199707 
> -Z0.007043044334846177 
87.38758087158203 33.50192642211914 
87.4947280883789 33.50192642211914 
87.4947280883789 33.41135025024414 
87.38758087158203 33.41135025024414 
87.38758087158203 33.50192642211914 
> -Z0.01901168810984443 
87.38798522949219 33.59212112426758 
87.4952392578125 33.59212112426758 
87.4952392578125 33.50154113769531 
87.38798522949219 33.50154113769531 
87.38798522949219 33.59212112426758 
> -Z0.028614102879862297 
87.38838958740234 33.68231201171875 
87.49575805664062 33.68231201171875 
87.49575805664062 33.59173583984375 
87.38838958740234 33.59173583984375 
87.38838958740234 33.68231201171875 
> -Z0.03780669708355472 
87.3887939453125 33.77250289916992 
87.49626922607422 33.77250289916992 
87.49626922607422 33.68192672729492 
87.3887939453125 33.68192672729492 
87.3887939453125 33.77250289916992 
> -Z0.008435819141078896 
86.84896087646484 33.682830810546875 
86.95689392089844 33.682830810546875 
86.95689392089844 33.59272003173828 
86.84896087646484 33.59272003173828 
86.84896087646484 33.682830810546875 
> -Z0.005205372165678875 
86.84880065917969 33.77302169799805 
86.95684814453125 33.77302169799805 
86.95684814453125 33.68291473388672 
86.84880065917969 33.68291473388672 
86.84880065917969 33.77302169799805 
> -Z-0.004640292924104155 
87.17068481445312 32.69059371948242 
87.27708435058594 32.69059371948242 
87.27708435058594 32.600196838378906 
87.17068481445312 32.600196838378906 
87.17068481445312 32.69059371948242 
> -Z-0.011893859667675194 
87.17085266113281 32.78080368041992 
87.27735900878906 32.78080368041992 
87.27735900878906 32.69040298461914 
87.17085266113281 32.69040298461914 
87.17085266113281 32.78080368041992 
> -Z-0.015950544675524612 
87.17102813720703 32.871009826660156 
87.27764129638672 32.871009826660156 
87.27764129638672 32.78061294555664 
87.17102813720703 32.78061294555664 
87.17102813720703 32.871009826660156 
> -Z-0.011437152341639788 
86.10485076904297 32.597312927246094 
86.21219635009766 32.597312927246094 
86.21219635009766 32.5078239440918 
86.10485076904297 32.5078239440918 
86.10485076904297 32.597312927246094 
> -Z-0.004452509394303937 
86.10395812988281 32.6875114440918 
86.21141052246094 32.6875114440918 
86.21141052246094 32.598026275634766 
86.10395812988281 32.598026275634766 
86.10395812988281 32.6875114440918 
> -Z0.0028521292825234596 
86.1030502319336 32.777706146240234 
86.21061706542969 32.777706146240234 
86.21061706542969 32.688228607177734 
86.1030502319336 32.688228607177734 
86.1030502319336 32.777706146240234 
> -Z0.008780786005872296 
86.10214233398438 32.86790466308594 
86.20982360839844 32.86790466308594 
86.20982360839844 32.77842712402344 
86.10214233398438 32.77842712402344 
86.10214233398438 32.86790466308594 
> -Z0.007117500436910531 
86.10123443603516 32.95809555053711 
86.20902252197266 32.95809555053711 
86.20902252197266 32.86862564086914 
86.10123443603516 32.86862564086914 
86.10123443603516 32.95809555053711 
> -Z0.0007849332533126641 
86.1003189086914 33.04829025268555 
86.20822143554688 33.04829025268555 
86.20822143554688 32.95882034301758 
86.1003189086914 32.95882034301758 
86.1003189086914 33.04829025268555 
> -Z-0.0018428083295860785 
86.09940338134766 33.13848114013672 
86.20741271972656 33.13848114013672 
86.20741271972656 33.049015045166016 
86.09940338134766 33.049015045166016 
86.09940338134766 33.13848114013672 
> -Z-0.0026194367486309586 
85.99220275878906 33.13766098022461 
86.1003189086914 33.13766098022461 
86.1003189086914 33.04829025268555 
85.99220275878906 33.04829025268555 
85.99220275878906 33.13766098022461 
> -Z0.0002957137559217761 
85.99116516113281 33.227848052978516 
86.09940338134766 33.227848052978516 
86.09940338134766 33.13848114013672 
85.99116516113281 33.13848114013672 
85.99116516113281 33.227848052978516 
> -Z-0.007468834403711263 
85.99012756347656 33.318031311035156 
86.09848022460938 33.318031311035156 
86.09848022460938 33.22867202758789 
85.99012756347656 33.22867202758789 
85.99012756347656 33.318031311035156 
> -Z-0.008417089469607907 
85.98908996582031 33.40821838378906 
86.09754943847656 33.40821838378906 
86.09754943847656 33.3188591003418 
85.98908996582031 33.3188591003418 
85.98908996582031 33.40821838378906 
> -Z-0.008032318619205382 
85.988037109375 33.4984016418457 
86.09661865234375 33.4984016418457 
86.09661865234375 33.4090461730957 
85.988037109375 33.4090461730957 
85.988037109375 33.4984016418457 
> -Z-0.0014569687755410822 
85.98698425292969 33.58858108520508 
86.0956802368164 33.58858108520508 
86.0956802368164 33.49923324584961 
85.98698425292969 33.49923324584961 
85.98698425292969 33.58858108520508 
> -Z0.006180339548873922 
85.98593139648438 33.67876052856445 
86.09474182128906 33.67876052856445 
86.09474182128906 33.58941650390625 
85.98593139648438 33.58941650390625 
85.98593139648438 33.67876052856445 
> -Z0.00986372231490145 
85.98487091064453 33.76893997192383 
86.09379577636719 33.76893997192383 
86.09379577636719 33.67959976196289 
85.98487091064453 33.67959976196289 
85.98487091064453 33.76893997192383 
> -Z0.0043820138669513065 
87.60165405273438 33.3206787109375 
87.7083511352539 33.3206787109375 
87.7083511352539 33.22991943359375 
87.60165405273438 33.22991943359375 
87.60165405273438 33.3206787109375 
> -Z0.012847755152644686 
87.6022720336914 33.41087341308594 
87.7090835571289 33.41087341308594 
87.7090835571289 33.32011413574219 
87.6022720336914 33.32011413574219 
87.6022720336914 33.41087341308594 
> -Z0.014331777770232543 
87.60289764404297 33.50106430053711 
87.7098159790039 33.50106430053711 
87.7098159790039 33.41030502319336 
87.60289764404297 33.41030502319336 
87.60289764404297 33.50106430053711 
> -Z0.012362332162415406 
87.60352325439453 33.59125518798828 
87.7105484008789 33.59125518798828 
87.7105484008789 33.50049591064453 
87.60352325439453 33.50049591064453 
87.60352325439453 33.59125518798828 
> -Z0.014950124744558774 
87.60415649414062 33.68144607543945 
87.71128845214844 33.68144607543945 
87.71128845214844 33.59068298339844 
87.60415649414062 33.59068298339844 
87.60415649414062 33.68144607543945 
> -Z0.01813696108714817 
87.60478210449219 33.77163314819336 
87.71202850341797 33.77163314819336 
87.71202850341797 33.680870056152344 
87.60478210449219 33.680870056152344 
87.60478210449219 33.77163314819336 
> -Z-0.0038490280752768984 
87.49371337890625 33.23095703125 
87.60041809082031 33.23095703125 
87.60041809082031 33.140289306640625 
87.49371337890625 33.140289306640625 
87.49371337890625 33.23095703125 
> -Z0.0023232263878254465 
87.49421691894531 33.3211555480957 
87.60103607177734 33.3211555480957 
87.60103607177734 33.23048400878906 
87.49421691894531 33.23048400878906 
87.49421691894531 33.3211555480957 
> -Z0.011076942207849244 
87.4947280883789 33.41135025024414 
87.60165405273438 33.41135025024414 
87.60165405273438 33.3206787109375 
87.4947280883789 33.3206787109375 
87.4947280883789 33.41135025024414 
> -Z0.010147368007301323 
87.4952392578125 33.50154113769531 
87.6022720336914 33.50154113769531 
87.6022720336914 33.41087341308594 
87.4952392578125 33.41087341308594 
87.4952392578125 33.50154113769531 
> -Z0.01431021927509735 
87.49575805664062 33.59173583984375 
87.60289764404297 33.59173583984375 
87.60289764404297 33.50106430053711 
87.49575805664062 33.50106430053711 
87.49575805664062 33.59173583984375 
> -Z0.022205705344626424 
87.49626922607422 33.68192672729492 
87.60352325439453 33.68192672729492 
87.60352325439453 33.59125518798828 
87.49626922607422 33.59125518798828 
87.49626922607422 33.68192672729492 
> -Z0.024812231192823088 
87.49678802490234 33.772117614746094 
87.60415649414062 33.772117614746094 
87.60415649414062 33.68144607543945 
87.49678802490234 33.68144607543945 
87.49678802490234 33.772117614746094 
> -Z0.002041578341104293 
87.59798431396484 32.77949142456055 
87.70404815673828 32.77949142456055 
87.70404815673828 32.68873596191406 
87.59798431396484 32.68873596191406 
87.59798431396484 32.77949142456055 
> -Z0.0023442656905151 
87.59858703613281 32.869693756103516 
87.70475769042969 32.869693756103516 
87.70475769042969 32.778934478759766 
87.59858703613281 32.778934478759766 
87.59858703613281 32.869693756103516 
> -Z-0.007114126338707297 
86.85050201416016 32.78083038330078 
86.95732879638672 32.78083038330078 
86.95732879638672 32.690704345703125 
86.85050201416016 32.690704345703125 
86.85050201416016 32.78083038330078 
> -Z0.022495595274431797 
86.68890380859375 33.18644714355469 
86.74267578125 33.18644714355469 
86.74267578125 33.14147186279297 
86.68890380859375 33.14147186279297 
86.68890380859375 33.18644714355469 
> -Z0.0057967111798179136 
86.63470458984375 33.321598052978516 
86.7424087524414 33.321598052978516 
86.7424087524414 33.23167037963867 
86.63470458984375 33.23167037963867 
86.63470458984375 33.321598052978516 
> -Z0.008859518370548401 
86.63433074951172 33.41179656982422 
86.74214172363281 33.41179656982422 
86.74214172363281 33.321868896484375 
86.63433074951172 33.321868896484375 
86.63433074951172 33.41179656982422 
> -Z0.004607171306902476 
86.63394927978516 33.501991271972656 
86.74187469482422 33.501991271972656 
86.74187469482422 33.41206741333008 
86.63394927978516 33.41206741333008 
86.63394927978516 33.501991271972656 
> -Z0.004738338700948178 
86.6335678100586 33.592185974121094 
86.74160766601562 33.592185974121094 
86.74160766601562 33.502262115478516 
86.6335678100586 33.502262115478516 
86.6335678100586 33.592185974121094 
> -Z-0.004407969640230557 
86.63318634033203 33.682376861572266 
86.74134063720703 33.682376861572266 
86.74134063720703 33.59245681762695 
86.63318634033203 33.59245681762695 
86.63318634033203 33.682376861572266 
> -Z-0.002908089232132295 
86.63280487060547 33.7725715637207 
86.74107360839844 33.7725715637207 
86.74107360839844 33.68265151977539 
86.63280487060547 33.68265151977539 
86.63280487060547 33.7725715637207 
> -Z0.00856871725983454 
86.4204330444336 33.230587005615234 
86.52823638916016 33.230587005615234 
86.52823638916016 33.14084243774414 
86.4204330444336 33.14084243774414 
86.4204330444336 33.230587005615234 
> -Z0.006370661447756672 
86.41983795166016 33.32078170776367 
86.52775573730469 33.32078170776367 
86.52775573730469 33.231040954589844 
86.41983795166016 33.231040954589844 
86.41983795166016 33.32078170776367 
> -Z0.004210022161079366 
86.41923522949219 33.41097640991211 
86.52726745605469 33.41097640991211 
86.52726745605469 33.32123565673828 
86.41923522949219 33.32123565673828 
86.41923522949219 33.41097640991211 
> -Z-0.011365220302186002 
87.17120361328125 32.961212158203125 
87.27792358398438 32.961212158203125 
87.27792358398438 32.87081527709961 
87.17120361328125 32.87081527709961 
87.17120361328125 32.961212158203125 
> -Z-0.009685079936859912 
87.17137908935547 33.051414489746094 
87.27820587158203 33.051414489746094 
87.27820587158203 32.961021423339844 
87.17137908935547 32.961021423339844 
87.17137908935547 33.051414489746094 
> -Z-0.008923000969940548 
87.17155456542969 33.14161682128906 
87.27848815917969 33.14161682128906 
87.27848815917969 33.05122375488281 
87.17155456542969 33.05122375488281 
87.17155456542969 33.14161682128906 
> -Z-0.010610466525320576 
87.1717300415039 33.23181915283203 
87.27877044677734 33.23181915283203 
87.27877044677734 33.14142608642578 
87.1717300415039 33.14142608642578 
87.1717300415039 33.23181915283203 
> -Z-0.011314173402990303 
87.17190551757812 33.322017669677734 
87.279052734375 33.322017669677734 
87.279052734375 33.231624603271484 
87.17190551757812 33.231624603271484 
87.17190551757812 33.322017669677734 
> -Z-0.002639629713263038 
87.17208099365234 33.41221618652344 
87.27934265136719 33.41221618652344 
87.27934265136719 33.32182312011719 
87.17208099365234 33.32182312011719 
87.17208099365234 33.41221618652344 
> -Z0.013341983914658755 
87.17225646972656 33.502410888671875 
87.27963256835938 33.502410888671875 
87.27963256835938 33.41202163696289 
87.17225646972656 33.41202163696289 
87.17225646972656 33.502410888671875 
> -Z0.02292645418664803 
87.17243957519531 33.59260940551758 
87.27992248535156 33.59260940551758 
87.27992248535156 33.50221633911133 
87.17243957519531 33.50221633911133 
87.17243957519531 33.59260940551758 
> -Z0.029953674999832473 
87.17262268066406 33.682804107666016 
87.28021240234375 33.682804107666016 
87.28021240234375 33.592411041259766 
87.17262268066406 33.592411041259766 
87.17262268066406 33.682804107666016 
> -Z0.03252367748231348 
87.17279815673828 33.77299499511719 
87.28050231933594 33.77299499511719 
87.28050231933594 33.6826057434082 
87.17279815673828 33.6826057434082 
87.17279815673828 33.77299499511719 
> -Z-0.0011832527559776582 
87.27735900878906 32.69040298461914 
87.38365173339844 32.69040298461914 
87.38365173339844 32.59991455078125 
87.27735900878906 32.59991455078125 
87.27735900878906 32.69040298461914 
> -Z0.002015828463770483 
86.74280548095703 33.096370697021484 
86.79649353027344 33.096370697021484 
86.79649353027344 33.051368713378906 
86.74280548095703 33.051368713378906 
86.74280548095703 33.096370697021484 
> -Z-0.0071155906385685225 
86.79638671875 33.09646987915039 
86.85004425048828 33.09646987915039 
86.85004425048828 33.05144500732422 
86.79638671875 33.05144500732422 
86.79638671875 33.09646987915039 
> -Z0.021002323081780586 
86.7424087524414 33.23167037963867 
86.79618072509766 33.23167037963867 
86.79618072509766 33.186668395996094 
86.7424087524414 33.186668395996094 
86.7424087524414 33.23167037963867 
> -Z-0.007158788138469969 
86.79607391357422 33.23176956176758 
86.84981536865234 33.23176956176758 
86.84981536865234 33.186744689941406 
86.79607391357422 33.186744689941406 
86.79607391357422 33.23176956176758 
> -Z0.05032277758713783 
86.74253845214844 33.18656921386719 
86.79627990722656 33.18656921386719 
86.79627990722656 33.141571044921875 
86.74253845214844 33.141571044921875 
86.74253845214844 33.18656921386719 
> -Z-0.0065973407770793385 
86.79618072509766 33.186668395996094 
86.84989166259766 33.186668395996094 
86.84989166259766 33.14164733886719 
86.79618072509766 33.14164733886719 
86.79618072509766 33.186668395996094 
> -Z0.006008671456481825 
86.74214172363281 33.321868896484375 
86.79596710205078 33.321868896484375 
86.79596710205078 33.27687072753906 
86.74214172363281 33.27687072753906 
86.74214172363281 33.321868896484375 
> -Z0.0060145777114673435 
86.79586029052734 33.32196807861328 
86.84966278076172 33.32196807861328 
86.84966278076172 33.276947021484375 
86.79586029052734 33.276947021484375 
86.79586029052734 33.32196807861328 
> -Z0.0037338852194442537 
86.74227905273438 33.276771545410156 
86.79607391357422 33.276771545410156 
86.79607391357422 33.23176956176758 
86.74227905273438 33.23176956176758 
86.74227905273438 33.276771545410156 
> -Z0.005884537220267119 
86.79596710205078 33.27687072753906 
86.84973907470703 33.27687072753906 
86.84973907470703 33.23184585571289 
86.79596710205078 33.23184585571289 
86.79596710205078 33.27687072753906 
> -Z0.012729819321800145 
86.74187469482422 33.41206741333008 
86.8495864868164 33.41206741333008 
86.8495864868164 33.322044372558594 
86.74187469482422 33.322044372558594 
86.74187469482422 33.41206741333008 
> -Z0.013389897916772028 
86.74160766601562 33.502262115478516 
86.84942626953125 33.502262115478516 
86.84942626953125 33.4122428894043 
86.74160766601562 33.4122428894043 
86.74160766601562 33.502262115478516 
> -Z0.011141179361754624 
86.74134063720703 33.59245681762695 
86.84927368164062 33.59245681762695 
86.84927368164062 33.50244140625 
86.74134063720703 33.50244140625 
86.74134063720703 33.59245681762695 
> -Z0.007274892748902797 
86.74107360839844 33.68265151977539 
86.84911346435547 33.68265151977539 
86.84911346435547 33.59263610839844 
86.74107360839844 33.59263610839844 
86.74107360839844 33.68265151977539 
> -Z0.0002263588857123397 
86.74079895019531 33.77284240722656 
86.84896087646484 33.77284240722656 
86.84896087646484 33.682830810546875 
86.74079895019531 33.682830810546875 
86.74079895019531 33.77284240722656 
> -Z0.004956423852460097 
86.20741271972656 33.049015045166016 
86.3152084350586 33.049015045166016 
86.3152084350586 32.95945358276367 
86.20741271972656 32.95945358276367 
86.20741271972656 33.049015045166016 
> -Z0.0013213556600031318 
86.20660400390625 33.13920974731445 
86.31451416015625 33.13920974731445 
86.31451416015625 33.049652099609375 
86.20660400390625 33.049652099609375 
86.20660400390625 33.13920974731445 
> -Z-0.0034969079743605823 
86.20579528808594 33.229400634765625 
86.31381225585938 33.229400634765625 
86.31381225585938 33.13984680175781 
86.20579528808594 33.13984680175781 
86.20579528808594 33.229400634765625 
> -Z-0.00018108105141199232 
86.20497131347656 33.3195915222168 
86.3131103515625 33.3195915222168 
86.3131103515625 33.23004150390625 
86.20497131347656 33.23004150390625 
86.20497131347656 33.3195915222168 
> -Z-0.0033422328071739324 
86.20415496826172 33.40978240966797 
86.3124008178711 33.40978240966797 
86.3124008178711 33.32023239135742 
86.20415496826172 33.32023239135742 
86.20415496826172 33.40978240966797 
> -Z-0.009372537169421786 
86.20333099365234 33.499969482421875 
86.31169128417969 33.499969482421875 
86.31169128417969 33.41042709350586 
86.20333099365234 33.41042709350586 
86.20333099365234 33.499969482421875 
> -Z-0.012908593731849462 
87.0643310546875 33.141719818115234 
87.17137908935547 33.141719818115234 
87.17137908935547 33.051414489746094 
87.0643310546875 33.051414489746094 
87.0643310546875 33.141719818115234 
> -Z-0.014140510522668638 
87.06439971923828 33.2319221496582 
87.17155456542969 33.2319221496582 
87.17155456542969 33.14161682128906 
87.06439971923828 33.14161682128906 
87.06439971923828 33.2319221496582 
> -Z-0.013463819816872856 
87.06446075439453 33.322120666503906 
87.1717300415039 33.322120666503906 
87.1717300415039 33.23181915283203 
87.06446075439453 33.23181915283203 
87.06446075439453 33.322120666503906 
> -Z-0.0020393426528960753 
87.06452941894531 33.41231918334961 
87.17190551757812 33.41231918334961 
87.17190551757812 33.322017669677734 
87.06452941894531 33.322017669677734 
87.06452941894531 33.41231918334961 
> -Z0.013005268328762193 
87.0645980834961 33.50251388549805 
87.17208099365234 33.50251388549805 
87.17208099365234 33.41221618652344 
87.0645980834961 33.41221618652344 
87.0645980834961 33.50251388549805 
> -Z0.01837649059606713 
87.06466674804688 33.59271240234375 
87.17225646972656 33.59271240234375 
87.17225646972656 33.502410888671875 
87.06466674804688 33.502410888671875 
87.06466674804688 33.59271240234375 
> -Z0.01771130897026122 
87.06473541259766 33.68290710449219 
87.17243957519531 33.68290710449219 
87.17243957519531 33.59260940551758 
87.06473541259766 33.59260940551758 
87.06473541259766 33.68290710449219 
> -Z0.006307241471907445 
87.0647964477539 33.77309799194336 
87.17262268066406 33.77309799194336 
87.17262268066406 33.682804107666016 
87.0647964477539 33.682804107666016 
87.0647964477539 33.77309799194336 
> -Z-0.007368431828348069 
85.99830627441406 32.59650802612305 
86.10575103759766 32.59650802612305 
86.10575103759766 32.50711441040039 
85.99830627441406 32.50711441040039 
85.99830627441406 32.59650802612305 
> -Z-0.0005051917752389515 
85.99729919433594 32.686702728271484 
86.10485076904297 32.686702728271484 
86.10485076904297 32.597312927246094 
85.99729919433594 32.597312927246094 
85.99729919433594 32.686702728271484 
> -Z0.0034487320311420624 
85.99628448486328 32.77689743041992 
86.10395812988281 32.77689743041992 
86.10395812988281 32.6875114440918 
85.99628448486328 32.6875114440918 
85.99628448486328 32.77689743041992 
> -Z0.011037124834329073 
85.99526977539062 32.867088317871094 
86.1030502319336 32.867088317871094 
86.1030502319336 32.777706146240234 
85.99526977539062 32.777706146240234 
85.99526977539062 32.867088317871094 
> -Z0.009011757986841102 
85.99425506591797 32.95728302001953 
86.10214233398438 32.95728302001953 
86.10214233398438 32.86790466308594 
85.99425506591797 32.86790466308594 
85.99425506591797 32.95728302001953 
> -Z-0.0012213959675243073 
85.99322509765625 33.04747009277344 
86.10123443603516 33.04747009277344 
86.10123443603516 32.95809555053711 
85.99322509765625 32.95809555053711 
85.99322509765625 33.04747009277344 
> -Z-0.0019546884543831123 
86.09284973144531 33.76978302001953 
86.20166778564453 33.76978302001953 
86.20166778564453 33.68034362792969 
86.09284973144531 33.68034362792969 
86.09284973144531 33.76978302001953 
> -Z0.0009787368533766098 
86.21061706542969 32.688228607177734 
86.3179702758789 32.688228607177734 
86.3179702758789 32.59865188598633 
86.21061706542969 32.59865188598633 
86.21061706542969 32.688228607177734 
> -Z-0.0005504962059918132 
86.20982360839844 32.77842712402344 
86.3172836303711 32.77842712402344 
86.3172836303711 32.6888542175293 
86.20982360839844 32.6888542175293 
86.20982360839844 32.77842712402344 
> -Z0.006700474854008421 
86.20902252197266 32.86862564086914 
86.31659698486328 32.86862564086914 
86.31659698486328 32.779052734375 
86.20902252197266 32.779052734375 
86.20902252197266 32.86862564086914 
> -Z0.004178539617880967 
86.20822143554688 32.95882034301758 
86.31590270996094 32.95882034301758 
86.31590270996094 32.86925506591797 
86.20822143554688 32.86925506591797 
86.20822143554688 32.95882034301758 
> -Z-0.00040768586915081173 
86.74371337890625 32.78065490722656 
86.85065460205078 32.78065490722656 
86.85065460205078 32.69062042236328 
86.74371337890625 32.69062042236328 
86.74371337890625 32.78065490722656 
> -Z9.196095906470123e-05 
86.74345397949219 32.8708610534668 
86.85050201416016 32.8708610534668 
86.85050201416016 32.78083038330078 
86.74345397949219 32.78083038330078 
86.74345397949219 32.8708610534668 
> -Z0.005858786663424261 
86.74319458007812 32.96106719970703 
86.85034942626953 32.96106719970703 
86.85034942626953 32.871036529541016 
86.74319458007812 32.871036529541016 
86.74319458007812 32.96106719970703 
> -Z0.003166551320326257 
86.74293518066406 33.05126953125 
86.8501968383789 33.05126953125 
86.8501968383789 32.961238861083984 
86.74293518066406 32.961238861083984 
86.74293518066406 33.05126953125 
> -Z0.042141383588918245 
86.74267578125 33.14147186279297 
86.79638671875 33.14147186279297 
86.79638671875 33.09646987915039 
86.74267578125 33.09646987915039 
86.74267578125 33.14147186279297 
> -Z0.006644511476289389 
86.79627990722656 33.141571044921875 
86.84996795654297 33.141571044921875 
86.84996795654297 33.0965461730957 
86.79627990722656 33.0965461730957 
86.79627990722656 33.141571044921875 
> -Z0.03615738243965793 
87.28050231933594 33.6826057434082 
87.38798522949219 33.6826057434082 
87.38798522949219 33.59212112426758 
87.28050231933594 33.59212112426758 
87.28050231933594 33.6826057434082 
> -Z0.04746771283179026 
87.28079986572266 33.772796630859375 
87.38838958740234 33.772796630859375 
87.38838958740234 33.68231201171875 
87.28079986572266 33.68231201171875 
87.28079986572266 33.772796630859375 
> -Z0.0035015074116039203 
87.384033203125 32.69012451171875 
87.49021911621094 32.69012451171875 
87.49021911621094 32.599544525146484 
87.384033203125 32.599544525146484 
87.384033203125 32.69012451171875 
> -Z-0.0026326495974916646 
87.3844223022461 32.780330657958984 
87.49070739746094 32.780330657958984 
87.49070739746094 32.68975067138672 
87.3844223022461 32.68975067138672 
87.3844223022461 32.780330657958984 
> -Z-0.01091560228278139 
87.38481140136719 32.87053298950195 
87.49120330810547 32.87053298950195 
87.49120330810547 32.77995681762695 
87.38481140136719 32.77995681762695 
87.38481140136719 32.87053298950195 
> -Z-0.009803212551030855 
87.38520050048828 32.96073532104492 
87.49169921875 32.96073532104492 
87.49169921875 32.87015914916992 
87.38520050048828 32.87015914916992 
87.38520050048828 32.96073532104492 
> -Z-0.005706849841596961 
87.3855972290039 33.05093765258789 
87.49220275878906 33.05093765258789 
87.49220275878906 32.96036148071289 
87.3855972290039 32.96036148071289 
87.3855972290039 33.05093765258789 
> -Z-0.011074299139000904 
87.385986328125 33.14113998413086 
87.4926986694336 33.14113998413086 
87.4926986694336 33.050559997558594 
87.385986328125 33.050559997558594 
87.385986328125 33.14113998413086 
> -Z-0.006380151727476 
87.38638305664062 33.23133850097656 
87.49320220947266 33.23133850097656 
87.49320220947266 33.1407585144043 
87.38638305664062 33.1407585144043 
87.38638305664062 33.23133850097656 
> -Z-0.008047978518230935 
86.9571533203125 33.0515251159668 
87.06420135498047 33.0515251159668 
87.06420135498047 32.9613151550293 
86.9571533203125 32.9613151550293 
86.9571533203125 33.0515251159668 
> -Z-0.017577998921900227 
86.95711517333984 33.141727447509766 
87.06427001953125 33.141727447509766 
87.06427001953125 33.051517486572266 
86.95711517333984 33.051517486572266 
86.95711517333984 33.141727447509766 
> -Z-0.01777891004782083 
86.95706939697266 33.231929779052734 
87.0643310546875 33.231929779052734 
87.0643310546875 33.141719818115234 
86.95706939697266 33.141719818115234 
86.95706939697266 33.231929779052734 
> -Z-0.015598515317219935 
86.95702362060547 33.32212829589844 
87.06439971923828 33.32212829589844 
87.06439971923828 33.2319221496582 
86.95702362060547 33.2319221496582 
86.95702362060547 33.32212829589844 
> -Z0.0022610882277633946 
86.95697784423828 33.41232681274414 
87.06446075439453 33.41232681274414 
87.06446075439453 33.322120666503906 
86.95697784423828 33.322120666503906 
86.95697784423828 33.41232681274414 
> -Z0.011811505321822156 
86.9569320678711 33.502525329589844 
87.06452941894531 33.502525329589844 
87.06452941894531 33.41231918334961 
86.9569320678711 33.41231918334961 
86.9569320678711 33.502525329589844 
> -Z0.013077258602433861 
86.95689392089844 33.59272003173828 
87.0645980834961 33.59272003173828 
87.0645980834961 33.50251388549805 
86.95689392089844 33.50251388549805 
86.95689392089844 33.59272003173828 
> -Z0.012122418997213051 
86.95684814453125 33.68291473388672 
87.06466674804688 33.68291473388672 
87.06466674804688 33.59271240234375 
86.95684814453125 33.59271240234375 
86.95684814453125 33.68291473388672 
> -Z0.004248925088470809 
86.95680236816406 33.773109436035156 
87.06473541259766 33.773109436035156 
87.06473541259766 33.68290710449219 
86.95680236816406 33.68290710449219 
86.95680236816406 33.773109436035156 
> -Z-0.00767001076371035 
87.59919738769531 32.95989227294922 
87.70547485351562 32.95989227294922 
87.70547485351562 32.869136810302734 
87.59919738769531 32.869136810302734 
87.59919738769531 32.95989227294922 
> -Z-0.005819875048464878 
87.59980773925781 33.05009078979492 
87.70618438720703 33.05009078979492 
87.70618438720703 32.95933532714844 
87.59980773925781 32.95933532714844 
87.59980773925781 33.05009078979492 
> -Z-0.006222907005085753 
87.60041809082031 33.140289306640625 
87.7069091796875 33.140289306640625 
87.7069091796875 33.049530029296875 
87.60041809082031 33.049530029296875 
87.60041809082031 33.140289306640625 
> -Z-0.0008366395120760397 
87.60103607177734 33.23048400878906 
87.70762634277344 33.23048400878906 
87.70762634277344 33.13972473144531 
87.60103607177734 33.13972473144531 
87.60103607177734 33.23048400878906 
> -Z0.011316047034236627 
87.27992248535156 33.50221633911133 
87.3871841430664 33.50221633911133 
87.3871841430664 33.4117317199707 
87.27992248535156 33.4117317199707 
87.27992248535156 33.50221633911133 
> -Z0.0286048792945102 
87.28021240234375 33.592411041259766 
87.38758087158203 33.592411041259766 
87.38758087158203 33.50192642211914 
87.28021240234375 33.50192642211914 
87.28021240234375 33.592411041259766 
