> -Z-0.022346170224591972 
86.77619934082031 32.600303649902344 
86.88288879394531 32.600303649902344 
86.88288879394531 32.51023864746094 
86.77619934082031 32.51023864746094 
86.77619934082031 32.600303649902344 
> -Z-0.02227619267839032 
86.7759780883789 32.69050979614258 
86.88277435302734 32.69050979614258 
86.88277435302734 32.60044860839844 
86.7759780883789 32.60044860839844 
86.7759780883789 32.69050979614258 
> -Z-0.022126179855566808 
86.77574920654297 32.78071975708008 
86.88265228271484 32.78071975708008 
86.88265228271484 32.69065475463867 
86.77574920654297 32.69065475463867 
86.77574920654297 32.78071975708008 
> -Z-0.022014168971189685 
86.77552795410156 32.87092208862305 
86.88253784179688 32.87092208862305 
86.88253784179688 32.78086471557617 
86.77552795410156 32.78086471557617 
86.77552795410156 32.87092208862305 
> -Z-0.022039463469979946 
86.88253784179688 32.78086471557617 
86.98933410644531 32.78086471557617 
86.98933410644531 32.690711975097656 
86.88253784179688 32.690711975097656 
86.88253784179688 32.78086471557617 
> -Z-0.021894194278507646 
86.88241577148438 32.871070861816406 
86.98931884765625 32.871070861816406 
86.98931884765625 32.78091812133789 
86.88241577148438 32.78091812133789 
86.88241577148438 32.871070861816406 
> -Z-0.022259867830416485 
86.8823013305664 32.961273193359375 
86.98931121826172 32.961273193359375 
86.98931121826172 32.871124267578125 
86.8823013305664 32.871124267578125 
86.8823013305664 32.961273193359375 
> -Z-0.026242742999755958 
86.8821792602539 33.05147933959961 
86.98930358886719 33.05147933959961 
86.98930358886719 32.96133041381836 
86.8821792602539 32.96133041381836 
86.8821792602539 33.05147933959961 
> -Z-0.1214901658810838 
86.8820571899414 33.14168167114258 
86.93569946289062 33.14168167114258 
86.93569946289062 33.09661865234375 
86.8820571899414 33.09661865234375 
86.8820571899414 33.14168167114258 
> -Z-0.02936627265936305 
86.34395599365234 33.41060256958008 
86.45206451416016 33.41060256958008 
86.45206451416016 33.32093048095703 
86.34395599365234 33.32093048095703 
86.34395599365234 33.41060256958008 
> -Z-0.02779150684546726 
86.34327697753906 33.50079345703125 
86.45149993896484 33.50079345703125 
86.45149993896484 33.4111213684082 
86.34327697753906 33.4111213684082 
86.34327697753906 33.50079345703125 
> -Z-0.02627943919857356 
86.34259033203125 33.590980529785156 
86.450927734375 33.590980529785156 
86.450927734375 33.50131607055664 
86.34259033203125 33.50131607055664 
86.34259033203125 33.590980529785156 
> -Z-0.025250762221832066 
86.34191131591797 33.68117141723633 
86.45036315917969 33.68117141723633 
86.45036315917969 33.59150695800781 
86.34191131591797 33.59150695800781 
86.34191131591797 33.68117141723633 
> -Z-0.02243935464941837 
86.56262969970703 32.68994903564453 
86.66963195800781 32.68994903564453 
86.66963195800781 32.600067138671875 
86.56262969970703 32.600067138671875 
86.56262969970703 32.68994903564453 
> -Z-0.02236835365441918 
86.56218719482422 32.780155181884766 
86.66930389404297 32.780155181884766 
86.66930389404297 32.690277099609375 
86.56218719482422 32.690277099609375 
86.56218719482422 32.780155181884766 
> -Z-0.022398258505147536 
86.5617446899414 32.870357513427734 
86.6689682006836 32.870357513427734 
86.6689682006836 32.78048324584961 
86.5617446899414 32.78048324584961 
86.5617446899414 32.870357513427734 
> -Z-0.022798386882399845 
86.5613021850586 32.9605598449707 
86.66863250732422 32.9605598449707 
86.66863250732422 32.87068557739258 
86.5613021850586 32.87068557739258 
86.5613021850586 32.9605598449707 
> -Z-0.024518351258467505 
86.56085205078125 33.05076217651367 
86.66829681396484 33.05076217651367 
86.66829681396484 32.96088790893555 
86.56085205078125 32.96088790893555 
86.56085205078125 33.05076217651367 
> -Z-0.0303999557873404 
86.5604019165039 33.140960693359375 
86.66796112060547 33.140960693359375 
86.66796112060547 33.051090240478516 
86.5604019165039 33.051090240478516 
86.5604019165039 33.140960693359375 
> -Z-0.038017582568727455 
86.55995178222656 33.23115921020508 
86.66761779785156 33.23115921020508 
86.66761779785156 33.141292572021484 
86.55995178222656 33.141292572021484 
86.55995178222656 33.23115921020508 
> -Z-0.021870435879749493 
87.52218627929688 32.59941864013672 
87.62812042236328 32.59941864013672 
87.62812042236328 32.508724212646484 
87.52218627929688 32.508724212646484 
87.52218627929688 32.59941864013672 
> -Z-0.021618259982493476 
87.52271270751953 32.68962097167969 
87.62875366210938 32.68962097167969 
87.62875366210938 32.59893035888672 
87.52271270751953 32.59893035888672 
87.52271270751953 32.68962097167969 
> -Z-0.021228469344152186 
87.52323913574219 32.77982711791992 
87.62937927246094 32.77982711791992 
87.62937927246094 32.68913269042969 
87.52323913574219 32.68913269042969 
87.52323913574219 32.77982711791992 
> -Z-0.020757711426558138 
87.52376556396484 32.87002944946289 
87.63001251220703 32.87002944946289 
87.63001251220703 32.779335021972656 
87.52376556396484 32.779335021972656 
87.52376556396484 32.87002944946289 
> -Z-0.020243723516635434 
87.52429962158203 32.960227966308594 
87.63065338134766 32.960227966308594 
87.63065338134766 32.86953353881836 
87.52429962158203 32.86953353881836 
87.52429962158203 32.960227966308594 
> -Z-0.019789904431100003 
87.52483367919922 33.05043029785156 
87.63129425048828 33.05043029785156 
87.63129425048828 32.95973587036133 
87.52483367919922 32.95973587036133 
87.52483367919922 33.05043029785156 
> -Z-0.01953896595212437 
87.5253677368164 33.140628814697266 
87.6319351196289 33.140628814697266 
87.6319351196289 33.04993438720703 
87.5253677368164 33.04993438720703 
87.5253677368164 33.140628814697266 
> -Z-0.019606701367138272 
87.52590942382812 33.23082733154297 
87.63258361816406 33.23082733154297 
87.63258361816406 33.14012908935547 
87.52590942382812 33.14012908935547 
87.52590942382812 33.23082733154297 
> -Z-0.019995456037784135 
87.52645111083984 33.321022033691406 
87.63323211669922 33.321022033691406 
87.63323211669922 33.230323791503906 
87.52645111083984 33.230323791503906 
87.52645111083984 33.321022033691406 
> -Z-0.020563044346315132 
87.52699279785156 33.411216735839844 
87.63388061523438 33.411216735839844 
87.63388061523438 33.320518493652344 
87.52699279785156 33.320518493652344 
87.52699279785156 33.411216735839844 
> -Z-0.023144999702373378 
86.24261474609375 32.68842315673828 
86.34993743896484 32.68842315673828 
86.34993743896484 32.598819732666016 
86.24261474609375 32.598819732666016 
86.24261474609375 32.68842315673828 
> -Z-0.02330882742699834 
86.24185180664062 32.77862548828125 
86.34928131103516 32.77862548828125 
86.34928131103516 32.689022064208984 
86.24185180664062 32.689022064208984 
86.24185180664062 32.77862548828125 
> -Z-0.02373461308396914 
86.2410888671875 32.86882400512695 
86.3486328125 32.86882400512695 
86.3486328125 32.77922439575195 
86.2410888671875 32.77922439575195 
86.2410888671875 32.86882400512695 
> -Z-0.02449236212825938 
86.24031829833984 32.95901870727539 
86.34796905517578 32.95901870727539 
86.34796905517578 32.86942672729492 
86.24031829833984 32.86942672729492 
86.24031829833984 32.95901870727539 
> -Z-0.025648005079985853 
86.23954772949219 33.049217224121094 
86.34730529785156 33.049217224121094 
86.34730529785156 32.959625244140625 
86.23954772949219 32.959625244140625 
86.23954772949219 33.049217224121094 
> -Z-0.027026077003935174 
86.23876953125 33.13941192626953 
86.34664154052734 33.13941192626953 
86.34664154052734 33.04982376098633 
86.23876953125 33.04982376098633 
86.23876953125 33.13941192626953 
> -Z-0.022657518847815562 
86.4559555053711 32.68953323364258 
86.56306457519531 32.68953323364258 
86.56306457519531 32.5997428894043 
86.4559555053711 32.5997428894043 
86.4559555053711 32.68953323364258 
> -Z-0.022723746141831456 
86.45540618896484 32.77973556518555 
86.56262969970703 32.77973556518555 
86.56262969970703 32.68994903564453 
86.45540618896484 32.68994903564453 
86.45540618896484 32.77973556518555 
> -Z-0.023003324596691993 
86.4548568725586 32.869937896728516 
86.56218719482422 32.869937896728516 
86.56218719482422 32.780155181884766 
86.4548568725586 32.780155181884766 
86.4548568725586 32.869937896728516 
> -Z-0.023814496535586333 
86.45429992675781 32.96013641357422 
86.5617446899414 32.96013641357422 
86.5617446899414 32.870357513427734 
86.45429992675781 32.870357513427734 
86.45429992675781 32.96013641357422 
> -Z-0.025786837604273624 
86.45375061035156 33.05033874511719 
86.5613021850586 33.05033874511719 
86.5613021850586 32.9605598449707 
86.45375061035156 32.9605598449707 
86.45375061035156 33.05033874511719 
> -Z-0.02966700435743369 
86.45318603515625 33.14053726196289 
86.56085205078125 33.14053726196289 
86.56085205078125 33.05076217651367 
86.45318603515625 33.05076217651367 
86.45318603515625 33.14053726196289 
> -Z-0.03312646404076204 
86.45262908935547 33.23073196411133 
86.5604019165039 33.23073196411133 
86.5604019165039 33.140960693359375 
86.45262908935547 33.140960693359375 
86.45262908935547 33.23073196411133 
> -Z-0.033250244750757864 
86.45206451416016 33.32093048095703 
86.55995178222656 33.32093048095703 
86.55995178222656 33.23115921020508 
86.45206451416016 33.23115921020508 
86.45206451416016 33.32093048095703 
> -Z-0.030878819555159052 
86.45149993896484 33.4111213684082 
86.55950164794922 33.4111213684082 
86.55950164794922 33.32135772705078 
86.45149993896484 33.32135772705078 
86.45149993896484 33.4111213684082 
> -Z-0.018200463078467004 
87.20330047607422 32.96116638183594 
87.30998992919922 32.96116638183594 
87.30998992919922 32.87074279785156 
87.20330047607422 32.87074279785156 
87.20330047607422 32.96116638183594 
> -Z-0.015493634148530895 
87.20350646972656 33.051368713378906 
87.310302734375 33.051368713378906 
87.310302734375 32.96094512939453 
87.20350646972656 32.96094512939453 
87.20350646972656 33.051368713378906 
> -Z-0.012677425458848486 
87.20372009277344 33.141571044921875 
87.31061553955078 33.141571044921875 
87.31061553955078 33.0511474609375 
87.20372009277344 33.0511474609375 
87.20372009277344 33.141571044921875 
> -Z-0.012140364644496266 
87.20392608642578 33.23176956176758 
87.3109359741211 33.23176956176758 
87.3109359741211 33.14134979248047 
87.20392608642578 33.14134979248047 
87.20392608642578 33.23176956176758 
> -Z-0.015071497253914951 
87.20413970947266 33.32196807861328 
87.3112564086914 33.32196807861328 
87.3112564086914 33.23154830932617 
87.20413970947266 33.23154830932617 
87.20413970947266 33.32196807861328 
> -Z-0.018092921163586496 
87.204345703125 33.412166595458984 
87.31157684326172 33.412166595458984 
87.31157684326172 33.321746826171875 
87.204345703125 33.321746826171875 
87.204345703125 33.412166595458984 
> -Z-0.020268203023876517 
87.20455932617188 33.50236511230469 
87.31189727783203 33.50236511230469 
87.31189727783203 33.41194152832031 
87.20455932617188 33.41194152832031 
87.20455932617188 33.50236511230469 
> -Z-0.021377941446500372 
87.20477294921875 33.592559814453125 
87.31221771240234 33.592559814453125 
87.31221771240234 33.502140045166016 
87.20477294921875 33.502140045166016 
87.20477294921875 33.592559814453125 
> -Z-0.02194684368707398 
87.20498657226562 33.68275451660156 
87.31254577636719 33.68275451660156 
87.31254577636719 33.59233474731445 
87.20498657226562 33.59233474731445 
87.20498657226562 33.68275451660156 
> -Z-0.02225944747801068 
87.2052001953125 33.772945404052734 
87.31287384033203 33.772945404052734 
87.31287384033203 33.682525634765625 
87.2052001953125 33.682525634765625 
87.2052001953125 33.772945404052734 
> -Z-0.021936887034380518 
87.4207534790039 33.68220520019531 
87.52808380126953 33.68220520019531 
87.52808380126953 33.59160232543945 
87.4207534790039 33.59160232543945 
87.4207534790039 33.68220520019531 
> -Z-0.022231994479699046 
87.42119598388672 33.772396087646484 
87.52863311767578 33.772396087646484 
87.52863311767578 33.681793212890625 
87.42119598388672 33.681793212890625 
87.42119598388672 33.772396087646484 
> -Z-0.025709562038235018 
86.66761779785156 33.141292572021484 
86.77507019042969 33.141292572021484 
86.77507019042969 33.05133056640625 
86.66761779785156 33.05133056640625 
86.66761779785156 33.141292572021484 
> -Z-0.04107000530631893 
86.66728210449219 33.23149108886719 
86.77484130859375 33.23149108886719 
86.77484130859375 33.14153289794922 
86.66728210449219 33.14153289794922 
86.66728210449219 33.23149108886719 
> -Z-0.04075521614845048 
86.66693878173828 33.32168960571289 
86.77460479736328 33.32168960571289 
86.77460479736328 33.23173141479492 
86.66693878173828 33.23173141479492 
86.66693878173828 33.32168960571289 
> -Z-0.03111735380719531 
86.66659545898438 33.411888122558594 
86.77437591552734 33.411888122558594 
86.77437591552734 33.32193374633789 
86.66659545898438 33.32193374633789 
86.66659545898438 33.411888122558594 
> -Z-0.02638835377969538 
86.66624450683594 33.50208282470703 
86.77413940429688 33.50208282470703 
86.77413940429688 33.41212844848633 
86.66624450683594 33.41212844848633 
86.66624450683594 33.50208282470703 
> -Z-0.024556698800996625 
86.66590118408203 33.59227752685547 
86.77391052246094 33.59227752685547 
86.77391052246094 33.50232696533203 
86.66590118408203 33.50232696533203 
86.66590118408203 33.59227752685547 
> -Z-0.023742446934583793 
86.6655502319336 33.68246841430664 
86.77367401123047 33.68246841430664 
86.77367401123047 33.59252166748047 
86.6655502319336 33.59252166748047 
86.6655502319336 33.68246841430664 
> -Z-0.02339334427991439 
86.66519927978516 33.77266311645508 
86.7734375 33.77266311645508 
86.7734375 33.682716369628906 
86.66519927978516 33.682716369628906 
86.66519927978516 33.77266311645508 
> -Z-0.02114105137570355 
87.52753448486328 33.501407623291016 
87.63453674316406 33.501407623291016 
87.63453674316406 33.41071319580078 
87.52753448486328 33.41071319580078 
87.52753448486328 33.501407623291016 
> -Z-0.02162517551237781 
87.52808380126953 33.59160232543945 
87.63519287109375 33.59160232543945 
87.63519287109375 33.50090408325195 
87.52808380126953 33.50090408325195 
87.52808380126953 33.59160232543945 
> -Z-0.02198977543752931 
87.52863311767578 33.681793212890625 
87.63585662841797 33.681793212890625 
87.63585662841797 33.591094970703125 
87.52863311767578 33.591094970703125 
87.52863311767578 33.681793212890625 
> -Z-0.022246788066839922 
87.52919006347656 33.77198028564453 
87.63651275634766 33.77198028564453 
87.63651275634766 33.68128204345703 
87.52919006347656 33.68128204345703 
87.52919006347656 33.77198028564453 
> -Z-0.02193818366847424 
87.62875366210938 32.59893035888672 
87.73457336425781 32.59893035888672 
87.73457336425781 32.508148193359375 
87.62875366210938 32.508148193359375 
87.62875366210938 32.59893035888672 
> -Z-0.021712535583381914 
87.62937927246094 32.68913269042969 
87.73531341552734 32.68913269042969 
87.73531341552734 32.598350524902344 
87.62937927246094 32.598350524902344 
87.62937927246094 32.68913269042969 
> -Z-0.021416204458443836 
87.63001251220703 32.779335021972656 
87.73604583740234 32.779335021972656 
87.73604583740234 32.68855285644531 
87.63001251220703 32.68855285644531 
87.63001251220703 32.779335021972656 
> -Z-0.021086170081278176 
87.63065338134766 32.86953353881836 
87.7367935180664 32.86953353881836 
87.7367935180664 32.778751373291016 
87.63065338134766 32.778751373291016 
87.63065338134766 32.86953353881836 
> -Z-0.020756903624094065 
87.63129425048828 32.95973587036133 
87.73753356933594 32.95973587036133 
87.73753356933594 32.86894989013672 
87.63129425048828 32.86894989013672 
87.63129425048828 32.95973587036133 
> -Z-0.020491884068953897 
87.6319351196289 33.04993438720703 
87.73828125 33.04993438720703 
87.73828125 32.95914840698242 
87.6319351196289 32.95914840698242 
87.6319351196289 33.04993438720703 
> -Z-0.020361447086963087 
87.63258361816406 33.14012908935547 
87.7390365600586 33.14012908935547 
87.7390365600586 33.04934310913086 
87.63258361816406 33.04934310913086 
87.63258361816406 33.14012908935547 
> -Z-0.0204305005820612 
87.63323211669922 33.230323791503906 
87.73979187011719 33.230323791503906 
87.73979187011719 33.1395378112793 
87.63323211669922 33.1395378112793 
87.63323211669922 33.230323791503906 
> -Z-0.020678158796837508 
87.63388061523438 33.320518493652344 
87.74054718017578 33.320518493652344 
87.74054718017578 33.229732513427734 
87.63388061523438 33.229732513427734 
87.63388061523438 33.320518493652344 
> -Z-0.021039221064419578 
87.63453674316406 33.41071319580078 
87.7413101196289 33.41071319580078 
87.7413101196289 33.319923400878906 
87.63453674316406 33.319923400878906 
87.63453674316406 33.41071319580078 
> -Z-0.021425349961355235 
87.63519287109375 33.50090408325195 
87.74207305908203 33.50090408325195 
87.74207305908203 33.41011428833008 
87.63519287109375 33.41011428833008 
87.63519287109375 33.50090408325195 
> -Z-0.021772605102534776 
87.63585662841797 33.591094970703125 
87.74284362792969 33.591094970703125 
87.74284362792969 33.50030517578125 
87.63585662841797 33.50030517578125 
87.63585662841797 33.591094970703125 
> -Z-0.0220627704575301 
87.63651275634766 33.68128204345703 
87.74361419677734 33.68128204345703 
87.74361419677734 33.590492248535156 
87.63651275634766 33.590492248535156 
87.63651275634766 33.68128204345703 
> -Z-0.022277086892563164 
87.6371841430664 33.7714729309082 
87.74439239501953 33.7714729309082 
87.74439239501953 33.68067932128906 
87.6371841430664 33.68067932128906 
87.6371841430664 33.7714729309082 
> -Z-0.022914241459669228 
86.34928131103516 32.689022064208984 
86.45649719238281 32.689022064208984 
86.45649719238281 32.599327087402344 
86.34928131103516 32.599327087402344 
86.34928131103516 32.689022064208984 
> -Z-0.023074162847134563 
86.3486328125 32.77922439575195 
86.4559555053711 32.77922439575195 
86.4559555053711 32.68953323364258 
86.3486328125 32.68953323364258 
86.3486328125 32.77922439575195 
> -Z-0.023502736118407672 
86.34796905517578 32.86942672729492 
86.45540618896484 32.86942672729492 
86.45540618896484 32.77973556518555 
86.34796905517578 32.77973556518555 
86.34796905517578 32.86942672729492 
> -Z-0.024388913307692564 
86.34730529785156 32.959625244140625 
86.4548568725586 32.959625244140625 
86.4548568725586 32.869937896728516 
86.34730529785156 32.869937896728516 
86.34730529785156 32.959625244140625 
> -Z-0.025783507372592263 
86.34664154052734 33.04982376098633 
86.45429992675781 33.04982376098633 
86.45429992675781 32.96013641357422 
86.34664154052734 32.96013641357422 
86.34664154052734 33.04982376098633 
> -Z-0.027890462109514652 
86.34597778320312 33.140018463134766 
86.45375061035156 33.140018463134766 
86.45375061035156 33.05033874511719 
86.34597778320312 33.05033874511719 
86.34597778320312 33.140018463134766 
> -Z-0.029446521341575334 
86.34530639648438 33.2302131652832 
86.45318603515625 33.2302131652832 
86.45318603515625 33.14053726196289 
86.34530639648438 33.14053726196289 
86.34530639648438 33.2302131652832 
> -Z-0.03026609579768196 
86.34463500976562 33.32040786743164 
86.45262908935547 33.32040786743164 
86.45262908935547 33.23073196411133 
86.34463500976562 33.23073196411133 
86.34463500976562 33.32040786743164 
> -Z-0.021827850450702242 
87.30905151367188 32.600120544433594 
87.41520690917969 32.600120544433594 
87.41520690917969 32.509605407714844 
87.30905151367188 32.509605407714844 
87.30905151367188 32.600120544433594 
> -Z-0.021568144323877263 
87.30936431884766 32.690330505371094 
87.41561889648438 32.690330505371094 
87.41561889648438 32.599815368652344 
87.30936431884766 32.599815368652344 
87.30936431884766 32.690330505371094 
> -Z-0.02099422032149535 
87.30967712402344 32.78053665161133 
87.4160385131836 32.78053665161133 
87.4160385131836 32.69002151489258 
87.30967712402344 32.69002151489258 
87.30967712402344 32.78053665161133 
> -Z-0.020097684783150497 
87.30998992919922 32.87074279785156 
87.41645812988281 32.87074279785156 
87.41645812988281 32.78022766113281 
87.30998992919922 32.78022766113281 
87.30998992919922 32.87074279785156 
> -Z-0.01886062224986476 
87.310302734375 32.96094512939453 
87.41687774658203 32.96094512939453 
87.41687774658203 32.87042999267578 
87.310302734375 32.87042999267578 
87.310302734375 32.96094512939453 
> -Z-0.018971440793610607 
87.41901397705078 33.32143020629883 
87.52590942382812 33.32143020629883 
87.52590942382812 33.23082733154297 
87.41901397705078 33.23082733154297 
87.41901397705078 33.32143020629883 
> -Z-0.019928139057068528 
87.41944885253906 33.411624908447266 
87.52645111083984 33.411624908447266 
87.52645111083984 33.321022033691406 
87.41944885253906 33.321022033691406 
87.41944885253906 33.411624908447266 
> -Z-0.02081608020498753 
87.41987609863281 33.5018196105957 
87.52699279785156 33.5018196105957 
87.52699279785156 33.411216735839844 
87.41987609863281 33.411216735839844 
87.41987609863281 33.5018196105957 
> -Z-0.021482204458141925 
87.42031860351562 33.59201431274414 
87.52753448486328 33.59201431274414 
87.52753448486328 33.501407623291016 
87.42031860351562 33.501407623291016 
87.42031860351562 33.59201431274414 
> -Z-0.02222800771429657 
86.98934173583984 32.600502014160156 
87.09581756591797 32.600502014160156 
87.09581756591797 32.51025390625 
86.98934173583984 32.51025390625 
86.98934173583984 32.600502014160156 
> -Z-0.022054224159376523 
86.98933410644531 32.690711975097656 
87.09591674804688 32.690711975097656 
87.09591674804688 32.6004638671875 
86.98933410644531 32.6004638671875 
86.98933410644531 32.690711975097656 
> -Z-0.02170626540251004 
86.98931884765625 32.78091812133789 
87.09600830078125 32.78091812133789 
87.09600830078125 32.690673828125 
86.98931884765625 32.690673828125 
86.98931884765625 32.78091812133789 
> -Z-0.021154639725489473 
86.98931121826172 32.871124267578125 
87.09610748291016 32.871124267578125 
87.09610748291016 32.780879974365234 
86.98931121826172 32.780879974365234 
86.98931121826172 32.871124267578125 
> -Z-0.01981393694620935 
86.98930358886719 32.96133041381836 
87.09620666503906 32.96133041381836 
87.09620666503906 32.871089935302734 
86.98930358886719 32.871089935302734 
86.98930358886719 32.96133041381836 
> -Z-0.016070550894594107 
86.98928833007812 33.05153274536133 
87.09629821777344 33.05153274536133 
87.09629821777344 32.9612922668457 
86.98928833007812 32.9612922668457 
86.98928833007812 33.05153274536133 
> -Z-0.005387571120657714 
86.9892807006836 33.1417350769043 
87.09639739990234 33.1417350769043 
87.09639739990234 33.05149459838867 
86.9892807006836 33.05149459838867 
86.9892807006836 33.1417350769043 
> -Z0.004063653254129555 
86.98926544189453 33.231937408447266 
87.09649658203125 33.231937408447266 
87.09649658203125 33.14169692993164 
86.98926544189453 33.14169692993164 
86.98926544189453 33.231937408447266 
> -Z-0.00989221217285661 
86.9892578125 33.32213592529297 
87.09659576416016 33.32213592529297 
87.09659576416016 33.23189926147461 
86.9892578125 33.23189926147461 
86.9892578125 33.32213592529297 
> -Z-0.0184906395415115 
86.98924255371094 33.41233444213867 
87.09669494628906 33.41233444213867 
87.09669494628906 33.32209777832031 
86.98924255371094 33.32209777832031 
86.98924255371094 33.41233444213867 
> -Z-0.020804734971852458 
86.9892349243164 33.502532958984375 
87.09679412841797 33.502532958984375 
87.09679412841797 33.412296295166016 
86.9892349243164 33.412296295166016 
86.9892349243164 33.502532958984375 
> -Z-0.02230556657767546 
86.88277435302734 32.60044860839844 
86.9893569946289 32.60044860839844 
86.9893569946289 32.510292053222656 
86.88277435302734 32.510292053222656 
86.88277435302734 32.60044860839844 
> -Z-0.02221237853211188 
86.88265228271484 32.69065475463867 
86.98934173583984 32.69065475463867 
86.98934173583984 32.600502014160156 
86.88265228271484 32.600502014160156 
86.88265228271484 32.69065475463867 
> -Z-0.007172217737135434 
87.09649658203125 33.14169692993164 
87.20350646972656 33.14169692993164 
87.20350646972656 33.051368713378906 
87.09649658203125 33.051368713378906 
87.09649658203125 33.14169692993164 
> -Z-0.004204391418347213 
87.09659576416016 33.23189926147461 
87.20372009277344 33.23189926147461 
87.20372009277344 33.141571044921875 
87.09659576416016 33.141571044921875 
87.09659576416016 33.23189926147461 
> -Z-0.01060283093101616 
87.09669494628906 33.32209777832031 
87.20392608642578 33.32209777832031 
87.20392608642578 33.23176956176758 
87.09669494628906 33.23176956176758 
87.09669494628906 33.32209777832031 
> -Z-0.017493104051045958 
87.09679412841797 33.412296295166016 
87.20413970947266 33.412296295166016 
87.20413970947266 33.32196807861328 
87.09679412841797 33.32196807861328 
87.09679412841797 33.412296295166016 
> -Z-0.02035647951617986 
87.09689331054688 33.50249481201172 
87.204345703125 33.50249481201172 
87.204345703125 33.412166595458984 
87.09689331054688 33.412166595458984 
87.09689331054688 33.50249481201172 
> -Z-0.021485433872203412 
87.09700012207031 33.592689514160156 
87.20455932617188 33.592689514160156 
87.20455932617188 33.50236511230469 
87.09700012207031 33.50236511230469 
87.09700012207031 33.592689514160156 
> -Z-0.022011713641368575 
87.09709930419922 33.682884216308594 
87.20477294921875 33.682884216308594 
87.20477294921875 33.592559814453125 
87.09709930419922 33.592559814453125 
87.09709930419922 33.682884216308594 
> -Z-0.02230613243180406 
87.09719848632812 33.77307891845703 
87.20498657226562 33.77307891845703 
87.20498657226562 33.68275451660156 
87.09719848632812 33.68275451660156 
87.09719848632812 33.77307891845703 
> -Z-0.02167925351116101 
86.98921966552734 33.59272766113281 
87.09689331054688 33.59272766113281 
87.09689331054688 33.50249481201172 
86.98921966552734 33.50249481201172 
86.98921966552734 33.59272766113281 
> -Z-0.022131216119473718 
86.98921203613281 33.68292236328125 
87.09700012207031 33.68292236328125 
87.09700012207031 33.592689514160156 
86.98921203613281 33.592689514160156 
86.98921203613281 33.68292236328125 
> -Z-0.022392959343491767 
86.98919677734375 33.77311706542969 
87.09709930419922 33.77311706542969 
87.09709930419922 33.682884216308594 
86.98919677734375 33.682884216308594 
86.98919677734375 33.77311706542969 
> -Z-0.021877725674962285 
87.20248413085938 32.600337982177734 
87.30874633789062 32.600337982177734 
87.30874633789062 32.50991439819336 
87.20248413085938 32.50991439819336 
87.20248413085938 32.600337982177734 
> -Z-0.021651547574942812 
87.20269012451172 32.690547943115234 
87.30905151367188 32.690547943115234 
87.30905151367188 32.600120544433594 
87.20269012451172 32.600120544433594 
87.20269012451172 32.690547943115234 
> -Z-0.021070400383350837 
87.20288848876953 32.78075408935547 
87.30936431884766 32.78075408935547 
87.30936431884766 32.690330505371094 
87.20288848876953 32.690330505371094 
87.20288848876953 32.78075408935547 
> -Z-0.019986167840106497 
87.20309448242188 32.8709602355957 
87.30967712402344 32.8709602355957 
87.30967712402344 32.78053665161133 
87.20309448242188 32.78053665161133 
87.20309448242188 32.8709602355957 
> -Z-0.031093847126053627 
86.77460479736328 33.23173141479492 
86.82836151123047 33.23173141479492 
86.82836151123047 33.18671798706055 
86.77460479736328 33.18671798706055 
86.77460479736328 33.23173141479492 
> -Z-0.07648577269542367 
86.8282699584961 33.23181915283203 
86.88199615478516 33.23181915283203 
86.88199615478516 33.1867790222168 
86.8282699584961 33.1867790222168 
86.8282699584961 33.23181915283203 
> -Z-0.03491016663516235 
86.77472686767578 33.1866340637207 
86.82844543457031 33.1866340637207 
86.82844543457031 33.14161682128906 
86.77472686767578 33.14161682128906 
86.77472686767578 33.1866340637207 
> -Z-0.17260952630892745 
86.82836151123047 33.18671798706055 
86.8820571899414 33.18671798706055 
86.8820571899414 33.14168167114258 
86.82836151123047 33.14168167114258 
86.82836151123047 33.18671798706055 
> -Z-0.026506128172672276 
86.77437591552734 33.32193374633789 
86.8819351196289 33.32193374633789 
86.8819351196289 33.23188018798828 
86.77437591552734 33.23188018798828 
86.77437591552734 33.32193374633789 
> -Z-0.024335445132251207 
86.77413940429688 33.41212844848633 
86.8818130493164 33.41212844848633 
86.8818130493164 33.32208251953125 
86.77413940429688 33.32208251953125 
86.77413940429688 33.41212844848633 
> -Z-0.023351340648135432 
86.77391052246094 33.50232696533203 
86.8816909790039 33.50232696533203 
86.8816909790039 33.41227722167969 
86.77391052246094 33.41227722167969 
86.77391052246094 33.50232696533203 
> -Z-0.02306447644446944 
86.77367401123047 33.59252166748047 
86.8815689086914 33.59252166748047 
86.8815689086914 33.50247573852539 
86.77367401123047 33.50247573852539 
86.77367401123047 33.59252166748047 
> -Z-0.02294869671366721 
86.7734375 33.682716369628906 
86.8814468383789 33.682716369628906 
86.8814468383789 33.59267044067383 
86.7734375 33.59267044067383 
86.7734375 33.682716369628906 
> -Z-0.0229138266504026 
86.77320098876953 33.77290725708008 
86.8813247680664 33.77290725708008 
86.8813247680664 33.682865142822266 
86.77320098876953 33.682865142822266 
86.77320098876953 33.77290725708008 
> -Z-0.021828309402786048 
87.41561889648438 32.599815368652344 
87.52166748046875 32.599815368652344 
87.52166748046875 32.50920867919922 
87.41561889648438 32.50920867919922 
87.41561889648438 32.599815368652344 
> -Z-0.02156077065958387 
87.4160385131836 32.69002151489258 
87.52218627929688 32.69002151489258 
87.52218627929688 32.59941864013672 
87.4160385131836 32.59941864013672 
87.4160385131836 32.69002151489258 
> -Z-0.021070319651392506 
87.41645812988281 32.78022766113281 
87.52271270751953 32.78022766113281 
87.52271270751953 32.68962097167969 
87.41645812988281 32.68962097167969 
87.41645812988281 32.78022766113281 
> -Z-0.02040575149451406 
87.41687774658203 32.87042999267578 
87.52323913574219 32.87042999267578 
87.52323913574219 32.77982711791992 
87.41687774658203 32.77982711791992 
87.41687774658203 32.87042999267578 
> -Z-0.01960136283275169 
87.41730499267578 32.96063232421875 
87.52376556396484 32.96063232421875 
87.52376556396484 32.87002944946289 
87.41730499267578 32.87002944946289 
87.41730499267578 32.96063232421875 
> -Z-0.018789127683695915 
87.417724609375 33.05083465576172 
87.52429962158203 33.05083465576172 
87.52429962158203 32.960227966308594 
87.417724609375 32.960227966308594 
87.417724609375 33.05083465576172 
> -Z-0.018256272419775874 
87.41815185546875 33.14103317260742 
87.52483367919922 33.14103317260742 
87.52483367919922 33.05043029785156 
87.41815185546875 33.05043029785156 
87.41815185546875 33.14103317260742 
> -Z-0.01831201873140255 
87.4185791015625 33.231231689453125 
87.5253677368164 33.231231689453125 
87.5253677368164 33.140628814697266 
87.4185791015625 33.140628814697266 
87.4185791015625 33.231231689453125 
> -Z-0.017369051823602346 
87.31061553955078 33.0511474609375 
87.41730499267578 33.0511474609375 
87.41730499267578 32.96063232421875 
87.31061553955078 32.96063232421875 
87.31061553955078 33.0511474609375 
> -Z-0.01618776617042706 
87.3109359741211 33.14134979248047 
87.417724609375 33.14134979248047 
87.417724609375 33.05083465576172 
87.3109359741211 33.05083465576172 
87.3109359741211 33.14134979248047 
> -Z-0.016127947909542535 
87.3112564086914 33.23154830932617 
87.41815185546875 33.23154830932617 
87.41815185546875 33.14103317260742 
87.3112564086914 33.14103317260742 
87.3112564086914 33.23154830932617 
> -Z-0.01735489398843064 
87.31157684326172 33.321746826171875 
87.4185791015625 33.321746826171875 
87.4185791015625 33.231231689453125 
87.31157684326172 33.231231689453125 
87.31157684326172 33.321746826171875 
> -Z-0.01908618119475525 
87.31189727783203 33.41194152832031 
87.41901397705078 33.41194152832031 
87.41901397705078 33.32143020629883 
87.31189727783203 33.32143020629883 
87.31189727783203 33.41194152832031 
> -Z-0.020485294497726243 
87.31221771240234 33.502140045166016 
87.41944885253906 33.502140045166016 
87.41944885253906 33.411624908447266 
87.31221771240234 33.411624908447266 
87.31221771240234 33.502140045166016 
> -Z-0.021391780327273513 
87.31254577636719 33.59233474731445 
87.41987609863281 33.59233474731445 
87.41987609863281 33.5018196105957 
87.31254577636719 33.5018196105957 
87.31254577636719 33.59233474731445 
> -Z-0.021921203086770737 
87.31287384033203 33.682525634765625 
87.42031860351562 33.682525634765625 
87.42031860351562 33.59201431274414 
87.31287384033203 33.59201431274414 
87.31287384033203 33.682525634765625 
> -Z-0.022235267388017444 
87.31319427490234 33.77272033691406 
87.4207534790039 33.77272033691406 
87.4207534790039 33.68220520019531 
87.31319427490234 33.68220520019531 
87.31319427490234 33.77272033691406 
> -Z-0.022372915652499086 
86.77529907226562 32.96112823486328 
86.88241577148438 32.96112823486328 
86.88241577148438 32.871070861816406 
86.77529907226562 32.871070861816406 
86.77529907226562 32.96112823486328 
> -Z-0.027735186110674596 
86.77507019042969 33.05133056640625 
86.8823013305664 33.05133056640625 
86.8823013305664 32.961273193359375 
86.77507019042969 32.961273193359375 
86.77507019042969 33.05133056640625 
> -Z-0.04000214828388308 
86.77484130859375 33.14153289794922 
86.82853698730469 33.14153289794922 
86.82853698730469 33.09651565551758 
86.77484130859375 33.09651565551758 
86.77484130859375 33.14153289794922 
> -Z-0.13500806500559018 
86.82844543457031 33.14161682128906 
86.88211822509766 33.14161682128906 
86.88211822509766 33.096580505371094 
86.82844543457031 33.096580505371094 
86.82844543457031 33.14161682128906 
> -Z-0.031792927288396285 
86.77495574951172 33.096431732177734 
86.82862091064453 33.096431732177734 
86.82862091064453 33.051414489746094 
86.77495574951172 33.051414489746094 
86.77495574951172 33.096431732177734 
> -Z-0.05894550459574293 
86.82853698730469 33.09651565551758 
86.8821792602539 33.09651565551758 
86.8821792602539 33.05147933959961 
86.82853698730469 33.05147933959961 
86.82853698730469 33.09651565551758 
> -Z-0.02819145598651179 
86.450927734375 33.50131607055664 
86.55904388427734 33.50131607055664 
86.55904388427734 33.41155242919922 
86.450927734375 33.41155242919922 
86.450927734375 33.50131607055664 
> -Z-0.02623942890711065 
86.45036315917969 33.59150695800781 
86.55858612060547 33.59150695800781 
86.55858612060547 33.501747131347656 
86.45036315917969 33.501747131347656 
86.45036315917969 33.59150695800781 
> -Z-0.024955998214120173 
86.44979095458984 33.681697845458984 
86.5581283569336 33.681697845458984 
86.5581283569336 33.59193801879883 
86.44979095458984 33.59193801879883 
86.44979095458984 33.681697845458984 
> -Z-0.024235210895989852 
86.44921112060547 33.771888732910156 
86.55767059326172 33.771888732910156 
86.55767059326172 33.682132720947266 
86.44921112060547 33.682132720947266 
86.44921112060547 33.771888732910156 
> -Z-0.03831029851324016 
86.55950164794922 33.32135772705078 
86.66728210449219 33.32135772705078 
86.66728210449219 33.23149108886719 
86.55950164794922 33.23149108886719 
86.55950164794922 33.32135772705078 
> -Z-0.032507035487555576 
86.55904388427734 33.41155242919922 
86.66693878173828 33.41155242919922 
86.66693878173828 33.32168960571289 
86.55904388427734 33.32168960571289 
86.55904388427734 33.41155242919922 
> -Z-0.028107474095230563 
86.55858612060547 33.501747131347656 
86.66659545898438 33.501747131347656 
86.66659545898438 33.411888122558594 
86.55858612060547 33.411888122558594 
86.55858612060547 33.501747131347656 
> -Z-0.025773033898606548 
86.5581283569336 33.59193801879883 
86.66624450683594 33.59193801879883 
86.66624450683594 33.50208282470703 
86.5581283569336 33.50208282470703 
86.5581283569336 33.59193801879883 
> -Z-0.02448095273767546 
86.55767059326172 33.682132720947266 
86.66590118408203 33.682132720947266 
86.66590118408203 33.59227752685547 
86.55767059326172 33.59227752685547 
86.55767059326172 33.682132720947266 
> -Z-0.02385368717991736 
86.55720520019531 33.77232360839844 
86.6655502319336 33.77232360839844 
86.6655502319336 33.68246841430664 
86.55720520019531 33.68246841430664 
86.55720520019531 33.77232360839844 
> -Z-0.02232079478778025 
86.66930389404297 32.690277099609375 
86.77619934082031 32.690277099609375 
86.77619934082031 32.600303649902344 
86.66930389404297 32.600303649902344 
86.66930389404297 32.690277099609375 
> -Z-0.02216327137471081 
86.6689682006836 32.78048324584961 
86.7759780883789 32.78048324584961 
86.7759780883789 32.69050979614258 
86.6689682006836 32.69050979614258 
86.6689682006836 32.78048324584961 
> -Z-0.021954901375234093 
86.66863250732422 32.87068557739258 
86.77574920654297 32.87068557739258 
86.77574920654297 32.78071975708008 
86.66863250732422 32.78071975708008 
86.66863250732422 32.87068557739258 
> -Z-0.021701293538968998 
86.66829681396484 32.96088790893555 
86.77552795410156 32.96088790893555 
86.77552795410156 32.87092208862305 
86.66829681396484 32.87092208862305 
86.66829681396484 32.96088790893555 
> -Z-0.022462084118825318 
86.66796112060547 33.051090240478516 
86.77529907226562 33.051090240478516 
86.77529907226562 32.96112823486328 
86.66796112060547 32.96112823486328 
86.66796112060547 33.051090240478516 
> -Z-0.04154882541665863 
86.9356689453125 33.141719818115234 
86.9892807006836 33.141719818115234 
86.9892807006836 33.09663391113281 
86.9356689453125 33.09663391113281 
86.9356689453125 33.141719818115234 
> -Z-0.056591588129641573 
86.88211822509766 33.096580505371094 
86.93572998046875 33.096580505371094 
86.93572998046875 33.051517486572266 
86.88211822509766 33.051517486572266 
86.88211822509766 33.096580505371094 
> -Z-0.03097619242720666 
86.93569946289062 33.09661865234375 
86.98928833007812 33.09661865234375 
86.98928833007812 33.05153274536133 
86.93569946289062 33.05153274536133 
86.93569946289062 33.09661865234375 
> -Z-0.18720755117896165 
86.8819351196289 33.23188018798828 
86.93563842773438 33.23188018798828 
86.93563842773438 33.18682098388672 
86.8819351196289 33.18682098388672 
86.8819351196289 33.23188018798828 
> -Z-0.06659525732103734 
86.93560028076172 33.2319221496582 
86.98927307128906 33.2319221496582 
86.98927307128906 33.18683624267578 
86.93560028076172 33.18683624267578 
86.93560028076172 33.2319221496582 
> -Z-0.21177654156618017 
86.88199615478516 33.1867790222168 
86.9356689453125 33.1867790222168 
86.9356689453125 33.141719818115234 
86.88199615478516 33.141719818115234 
86.88199615478516 33.1867790222168 
> -Z-0.061286123667225495 
86.93563842773438 33.18682098388672 
86.9892807006836 33.18682098388672 
86.9892807006836 33.1417350769043 
86.93563842773438 33.1417350769043 
86.93563842773438 33.18682098388672 
> -Z-0.0340874901940829 
86.8818130493164 33.32208251953125 
86.98926544189453 33.32208251953125 
86.98926544189453 33.231937408447266 
86.8818130493164 33.231937408447266 
86.8818130493164 33.32208251953125 
> -Z-0.020466528123290365 
86.8816909790039 33.41227722167969 
86.9892578125 33.41227722167969 
86.9892578125 33.32213592529297 
86.8816909790039 33.32213592529297 
86.8816909790039 33.41227722167969 
> -Z-0.02148283724728447 
86.8815689086914 33.50247573852539 
86.98924255371094 33.50247573852539 
86.98924255371094 33.41233444213867 
86.8815689086914 33.41233444213867 
86.8815689086914 33.50247573852539 
> -Z-0.02210078463192727 
86.8814468383789 33.59267044067383 
86.9892349243164 33.59267044067383 
86.9892349243164 33.502532958984375 
86.8814468383789 33.502532958984375 
86.8814468383789 33.59267044067383 
> -Z-0.022392197139263277 
86.8813247680664 33.682865142822266 
86.98921966552734 33.682865142822266 
86.98921966552734 33.59272766113281 
86.8813247680664 33.59272766113281 
86.8813247680664 33.682865142822266 
> -Z-0.022580186168364255 
86.8812026977539 33.7730598449707 
86.98921203613281 33.7730598449707 
86.98921203613281 33.68292236328125 
86.8812026977539 33.68292236328125 
86.8812026977539 33.7730598449707 
> -Z-0.021830050204039844 
87.09600830078125 32.690673828125 
87.20248413085938 32.690673828125 
87.20248413085938 32.600337982177734 
87.09600830078125 32.600337982177734 
87.09600830078125 32.690673828125 
> -Z-0.021321208078204604 
87.09610748291016 32.780879974365234 
87.20269012451172 32.780879974365234 
87.20269012451172 32.690547943115234 
87.09610748291016 32.690547943115234 
87.09610748291016 32.780879974365234 
> -Z-0.020344041701908372 
87.09620666503906 32.871089935302734 
87.20288848876953 32.871089935302734 
87.20288848876953 32.78075408935547 
87.09620666503906 32.78075408935547 
87.09620666503906 32.871089935302734 
> -Z-0.01805668163701485 
87.09629821777344 32.9612922668457 
87.20309448242188 32.9612922668457 
87.20309448242188 32.8709602355957 
87.09629821777344 32.8709602355957 
87.09629821777344 32.9612922668457 
> -Z-0.01389829617353771 
87.09639739990234 33.05149459838867 
87.20330047607422 33.05149459838867 
87.20330047607422 32.96116638183594 
87.09639739990234 32.96116638183594 
87.09639739990234 33.05149459838867 
