> -Z0.016846835086190032 
86.41863250732422 33.50116729736328 
86.52677917480469 33.50116729736328 
86.52677917480469 33.411434173583984 
86.41863250732422 33.411434173583984 
86.41863250732422 33.50116729736328 
> -Z0.015025027454784238 
86.41802978515625 33.59135818481445 
86.52629089355469 33.59135818481445 
86.52629089355469 33.50162887573242 
86.41802978515625 33.50162887573242 
86.41802978515625 33.59135818481445 
> -Z0.013919757911746801 
86.41741943359375 33.681549072265625 
86.52579498291016 33.681549072265625 
86.52579498291016 33.591819763183594 
86.41741943359375 33.591819763183594 
86.41741943359375 33.681549072265625 
> -Z0.0132776353745784 
86.41681671142578 33.7717399597168 
86.52530670166016 33.7717399597168 
86.52530670166016 33.682010650634766 
86.41681671142578 33.682010650634766 
86.41681671142578 33.7717399597168 
> -Z0.01213298017669958 
86.53062438964844 32.68983459472656 
86.63766479492188 32.68983459472656 
86.63766479492188 32.599979400634766 
86.53062438964844 32.599979400634766 
86.53062438964844 32.68983459472656 
> -Z0.012151320156244849 
86.5301513671875 32.78003692626953 
86.63729858398438 32.78003692626953 
86.63729858398438 32.690185546875 
86.5301513671875 32.690185546875 
86.5301513671875 32.78003692626953 
> -Z0.01234957755986232 
86.52967834472656 32.8702392578125 
86.63693237304688 32.8702392578125 
86.63693237304688 32.780391693115234 
86.52967834472656 32.780391693115234 
86.52967834472656 32.8702392578125 
> -Z0.013115949589519725 
86.5291976928711 32.96044158935547 
86.63656616210938 32.96044158935547 
86.63656616210938 32.87059783935547 
86.5291976928711 32.87059783935547 
86.5291976928711 32.96044158935547 
> -Z0.017368519661313846 
86.31169128417969 33.41042709350586 
86.41983795166016 33.41042709350586 
86.41983795166016 33.32078170776367 
86.31169128417969 33.32078170776367 
86.31169128417969 33.41042709350586 
> -Z0.015935339190615516 
86.31098175048828 33.50061798095703 
86.41923522949219 33.50061798095703 
86.41923522949219 33.41097640991211 
86.31098175048828 33.41097640991211 
86.31098175048828 33.50061798095703 
> -Z0.015185424395506398 
86.09848022460938 33.22867202758789 
86.20660400390625 33.22867202758789 
86.20660400390625 33.13920974731445 
86.09848022460938 33.13920974731445 
86.09848022460938 33.22867202758789 
> -Z0.015228889894282255 
86.09754943847656 33.3188591003418 
86.20579528808594 33.3188591003418 
86.20579528808594 33.229400634765625 
86.09754943847656 33.229400634765625 
86.09754943847656 33.3188591003418 
> -Z0.014952353351942447 
86.09661865234375 33.4090461730957 
86.20497131347656 33.4090461730957 
86.20497131347656 33.3195915222168 
86.09661865234375 33.3195915222168 
86.09661865234375 33.4090461730957 
> -Z0.014491490914089956 
86.0956802368164 33.49923324584961 
86.20415496826172 33.49923324584961 
86.20415496826172 33.40978240966797 
86.0956802368164 33.40978240966797 
86.0956802368164 33.49923324584961 
> -Z0.01399043067605131 
86.09474182128906 33.58941650390625 
86.20333099365234 33.58941650390625 
86.20333099365234 33.499969482421875 
86.09474182128906 33.499969482421875 
86.09474182128906 33.58941650390625 
> -Z0.013537707619057721 
86.09379577636719 33.67959976196289 
86.20249938964844 33.67959976196289 
86.20249938964844 33.59015655517578 
86.09379577636719 33.59015655517578 
86.09379577636719 33.67959976196289 
> -Z0.01472677652067824 
86.31026458740234 33.59080505371094 
86.41863250732422 33.59080505371094 
86.41863250732422 33.50116729736328 
86.31026458740234 33.50116729736328 
86.31026458740234 33.59080505371094 
> -Z0.013863249853101509 
86.3095474243164 33.680992126464844 
86.41802978515625 33.680992126464844 
86.41802978515625 33.59135818481445 
86.3095474243164 33.59135818481445 
86.3095474243164 33.680992126464844 
> -Z0.0132925775274567 
86.30882263183594 33.77117919921875 
86.41741943359375 33.77117919921875 
86.41741943359375 33.681549072265625 
86.30882263183594 33.681549072265625 
86.30882263183594 33.77117919921875 
> -Z0.01232402717629764 
86.4239501953125 32.689388275146484 
86.53109741210938 32.689388275146484 
86.53109741210938 32.59962844848633 
86.4239501953125 32.59962844848633 
86.4239501953125 32.689388275146484 
> -Z0.012479644832944628 
86.42337036132812 32.77959060668945 
86.53062438964844 32.77959060668945 
86.53062438964844 32.68983459472656 
86.42337036132812 32.68983459472656 
86.42337036132812 32.77959060668945 
> -Z0.012948045561135125 
86.42279052734375 32.86979293823242 
86.5301513671875 32.86979293823242 
86.5301513671875 32.78003692626953 
86.42279052734375 32.78003692626953 
86.42279052734375 32.86979293823242 
> -Z0.01405082319462769 
86.42220306396484 32.95999526977539 
86.52967834472656 32.95999526977539 
86.52967834472656 32.8702392578125 
86.42220306396484 32.8702392578125 
86.42220306396484 32.95999526977539 
> -Z0.016323505577209275 
86.42161560058594 33.050193786621094 
86.5291976928711 33.050193786621094 
86.5291976928711 32.96044158935547 
86.42161560058594 32.96044158935547 
86.42161560058594 33.050193786621094 
> -Z0.019913184693383924 
86.42102813720703 33.1403923034668 
86.52871704101562 33.1403923034668 
86.52871704101562 33.05064392089844 
86.42102813720703 33.05064392089844 
86.42102813720703 33.1403923034668 
> -Z0.00830106656793844 
87.49320220947266 33.1407585144043 
87.59980773925781 33.1407585144043 
87.59980773925781 33.05009078979492 
87.49320220947266 33.05009078979492 
87.49320220947266 33.1407585144043 
> -Z0.011376749029718185 
86.85034942626953 32.871036529541016 
86.95728302001953 32.871036529541016 
86.95728302001953 32.78091049194336 
86.85034942626953 32.78091049194336 
86.85034942626953 32.871036529541016 
> -Z0.010250120303510748 
86.8501968383789 32.961238861083984 
86.95724487304688 32.961238861083984 
86.95724487304688 32.871116638183594 
86.8501968383789 32.871116638183594 
86.8501968383789 32.961238861083984 
> -Z0.005297418694750434 
86.85004425048828 33.05144500732422 
86.95719909667969 33.05144500732422 
86.95719909667969 32.96132278442383 
86.85004425048828 32.96132278442383 
86.85004425048828 33.05144500732422 
> -Z-0.10229307044052385 
86.84989166259766 33.14164733886719 
86.90354919433594 33.14164733886719 
86.90354919433594 33.09659957885742 
86.84989166259766 33.09659957885742 
86.84989166259766 33.14164733886719 
> -Z-0.016107007762554797 
86.90350341796875 33.14169692993164 
86.9571304321289 33.14169692993164 
86.9571304321289 33.09662628173828 
86.90350341796875 33.09662628173828 
86.90350341796875 33.14169692993164 
> -Z-0.028407125162364565 
86.84996795654297 33.0965461730957 
86.90360260009766 33.0965461730957 
86.90360260009766 33.05149459838867 
86.84996795654297 33.05149459838867 
86.84996795654297 33.0965461730957 
> -Z-0.001458829122330134 
86.90354919433594 33.09659957885742 
86.9571533203125 33.09659957885742 
86.9571533203125 33.0515251159668 
86.90354919433594 33.0515251159668 
86.90354919433594 33.09659957885742 
> -Z-0.13090599283440293 
86.84973907470703 33.23184585571289 
86.90345001220703 33.23184585571289 
86.90345001220703 33.186798095703125 
86.84973907470703 33.186798095703125 
86.84973907470703 33.23184585571289 
> -Z-0.042132402017430105 
86.90340423583984 33.23189926147461 
86.95709228515625 33.23189926147461 
86.95709228515625 33.18682861328125 
86.90340423583984 33.18682861328125 
86.90340423583984 33.23189926147461 
> -Z-0.19569072986117605 
86.84981536865234 33.186744689941406 
86.90350341796875 33.186744689941406 
86.90350341796875 33.14169692993164 
86.84981536865234 33.14169692993164 
86.84981536865234 33.186744689941406 
> -Z-0.039805790307385645 
86.90345001220703 33.186798095703125 
86.95711517333984 33.186798095703125 
86.95711517333984 33.141727447509766 
86.90345001220703 33.141727447509766 
86.90345001220703 33.186798095703125 
> -Z0.008804935847994999 
86.8495864868164 33.322044372558594 
86.95706939697266 33.322044372558594 
86.95706939697266 33.231929779052734 
86.8495864868164 33.231929779052734 
86.8495864868164 33.322044372558594 
> -Z0.016720159540725713 
86.84942626953125 33.4122428894043 
86.95702362060547 33.4122428894043 
86.95702362060547 33.32212829589844 
86.84942626953125 33.32212829589844 
86.84942626953125 33.4122428894043 
> -Z0.014795642845854405 
86.84927368164062 33.50244140625 
86.95697784423828 33.50244140625 
86.95697784423828 33.41232681274414 
86.84927368164062 33.41232681274414 
86.84927368164062 33.50244140625 
> -Z0.013777243428129665 
86.84911346435547 33.59263610839844 
86.9569320678711 33.59263610839844 
86.9569320678711 33.502525329589844 
86.84911346435547 33.502525329589844 
86.84911346435547 33.59263610839844 
> -Z0.010292829505185373 
87.49120330810547 32.77995681762695 
87.59738159179688 32.77995681762695 
87.59738159179688 32.68928909301758 
87.49120330810547 32.68928909301758 
87.49120330810547 32.77995681762695 
> -Z0.009813146480528391 
87.49169921875 32.87015914916992 
87.59798431396484 32.87015914916992 
87.59798431396484 32.77949142456055 
87.49169921875 32.77949142456055 
87.49169921875 32.87015914916992 
> -Z0.009216118662869581 
87.49220275878906 32.96036148071289 
87.59858703613281 32.96036148071289 
87.59858703613281 32.869693756103516 
87.49220275878906 32.869693756103516 
87.49220275878906 32.96036148071289 
> -Z0.008652054340432317 
87.4926986694336 33.050559997558594 
87.59919738769531 33.050559997558594 
87.59919738769531 32.95989227294922 
87.4926986694336 32.95989227294922 
87.4926986694336 33.050559997558594 
> -Z0.01593890351954181 
86.52871704101562 33.05064392089844 
86.63619995117188 33.05064392089844 
86.63619995117188 32.96080017089844 
86.52871704101562 32.96080017089844 
86.52871704101562 33.05064392089844 
> -Z0.023255830178371954 
86.52823638916016 33.14084243774414 
86.63582611083984 33.14084243774414 
86.63582611083984 33.051002502441406 
86.52823638916016 33.051002502441406 
86.52823638916016 33.14084243774414 
> -Z0.030673207298889747 
86.52775573730469 33.231040954589844 
86.63545227050781 33.231040954589844 
86.63545227050781 33.14120101928711 
86.52775573730469 33.14120101928711 
86.52775573730469 33.231040954589844 
> -Z0.028846264713824052 
86.52726745605469 33.32123565673828 
86.63507843017578 33.32123565673828 
86.63507843017578 33.23140335083008 
86.52726745605469 33.23140335083008 
86.52726745605469 33.32123565673828 
> -Z0.02237163947346342 
86.52677917480469 33.411434173583984 
86.63470458984375 33.411434173583984 
86.63470458984375 33.321598052978516 
86.52677917480469 33.321598052978516 
86.52677917480469 33.411434173583984 
> -Z0.017588105972771304 
86.52629089355469 33.50162887573242 
86.63433074951172 33.50162887573242 
86.63433074951172 33.41179656982422 
86.52629089355469 33.41179656982422 
86.52629089355469 33.50162887573242 
> -Z0.011578398818165619 
86.63656616210938 32.87059783935547 
86.74371337890625 32.87059783935547 
86.74371337890625 32.78065490722656 
86.63656616210938 32.78065490722656 
86.63656616210938 32.87059783935547 
> -Z0.010960802974807114 
86.63619995117188 32.96080017089844 
86.74345397949219 32.96080017089844 
86.74345397949219 32.8708610534668 
86.63619995117188 32.8708610534668 
86.63619995117188 32.96080017089844 
> -Z0.012759634705140046 
86.63582611083984 33.051002502441406 
86.74319458007812 33.051002502441406 
86.74319458007812 32.96106719970703 
86.63582611083984 32.96106719970703 
86.63582611083984 33.051002502441406 
> -Z0.02918324372965133 
86.63545227050781 33.14120101928711 
86.68922424316406 33.14120101928711 
86.68922424316406 33.096248626708984 
86.63545227050781 33.096248626708984 
86.63545227050781 33.14120101928711 
> -Z0.02467164936558222 
86.6890640258789 33.14134979248047 
86.74280548095703 33.14134979248047 
86.74280548095703 33.096370697021484 
86.6890640258789 33.096370697021484 
86.6890640258789 33.14134979248047 
> -Z0.01961686061059884 
86.6356430053711 33.09610366821289 
86.68938446044922 33.09610366821289 
86.68938446044922 33.0511474609375 
86.6356430053711 33.0511474609375 
86.6356430053711 33.09610366821289 
> -Z0.01143392583341575 
86.68922424316406 33.096248626708984 
86.74293518066406 33.096248626708984 
86.74293518066406 33.05126953125 
86.68922424316406 33.05126953125 
86.68922424316406 33.096248626708984 
> -Z0.04297455562846019 
86.63507843017578 33.23140335083008 
86.68890380859375 33.23140335083008 
86.68890380859375 33.18644714355469 
86.63507843017578 33.18644714355469 
86.63507843017578 33.23140335083008 
> -Z0.05605052931130916 
86.6887435913086 33.23154830932617 
86.74253845214844 33.23154830932617 
86.74253845214844 33.18656921386719 
86.6887435913086 33.18656921386719 
86.6887435913086 33.23154830932617 
> -Z0.03890438614679922 
86.63526916503906 33.186302185058594 
86.6890640258789 33.186302185058594 
86.6890640258789 33.14134979248047 
86.63526916503906 33.14134979248047 
86.63526916503906 33.186302185058594 
> -Z0.014356465129755136 
86.20249938964844 33.59015655517578 
86.31098175048828 33.59015655517578 
86.31098175048828 33.50061798095703 
86.20249938964844 33.50061798095703 
86.20249938964844 33.59015655517578 
> -Z0.013716958518853675 
86.20166778564453 33.68034362792969 
86.31026458740234 33.68034362792969 
86.31026458740234 33.59080505371094 
86.20166778564453 33.59080505371094 
86.20166778564453 33.68034362792969 
> -Z0.013250744180101899 
86.20083618164062 33.77052688598633 
86.3095474243164 33.77052688598633 
86.3095474243164 33.680992126464844 
86.20083618164062 33.680992126464844 
86.20083618164062 33.77052688598633 
> -Z0.015107121208451528 
86.52579498291016 33.591819763183594 
86.63394927978516 33.591819763183594 
86.63394927978516 33.501991271972656 
86.52579498291016 33.501991271972656 
86.52579498291016 33.591819763183594 
> -Z0.013845600643759315 
86.52530670166016 33.682010650634766 
86.6335678100586 33.682010650634766 
86.6335678100586 33.592185974121094 
86.52530670166016 33.592185974121094 
86.52530670166016 33.682010650634766 
> -Z0.01320190680000491 
86.52481079101562 33.77220153808594 
86.63318634033203 33.77220153808594 
86.63318634033203 33.682376861572266 
86.52481079101562 33.682376861572266 
86.52481079101562 33.77220153808594 
> -Z0.011988952465105486 
86.63729858398438 32.690185546875 
86.74423217773438 32.690185546875 
86.74423217773438 32.600242614746094 
86.63729858398438 32.600242614746094 
86.63729858398438 32.690185546875 
> -Z0.011860828040320324 
86.63693237304688 32.780391693115234 
86.74397277832031 32.780391693115234 
86.74397277832031 32.69044876098633 
86.63693237304688 32.69044876098633 
86.63693237304688 32.780391693115234 
> -Z0.011591660949343881 
86.95732879638672 32.690704345703125 
87.0639419555664 32.690704345703125 
87.0639419555664 32.600486755371094 
86.95732879638672 32.600486755371094 
86.95732879638672 32.690704345703125 
> -Z0.011468444069334999 
86.95728302001953 32.78091049194336 
87.06400299072266 32.78091049194336 
87.06400299072266 32.69069290161133 
86.95728302001953 32.69069290161133 
86.95728302001953 32.78091049194336 
> -Z0.011176491012928072 
86.95724487304688 32.871116638183594 
87.06407165527344 32.871116638183594 
87.06407165527344 32.78090286254883 
86.95724487304688 32.78090286254883 
86.95724487304688 32.871116638183594 
> -Z0.010351575698115923 
86.95719909667969 32.96132278442383 
87.06413269042969 32.96132278442383 
87.06413269042969 32.87110900878906 
86.95719909667969 32.87110900878906 
86.95719909667969 32.96132278442383 
> -Z0.012473596740241259 
86.3172836303711 32.6888542175293 
86.42453002929688 32.6888542175293 
86.42453002929688 32.599185943603516 
86.3172836303711 32.599185943603516 
86.3172836303711 32.6888542175293 
> -Z0.012703747444507989 
86.31659698486328 32.779052734375 
86.4239501953125 32.779052734375 
86.4239501953125 32.689388275146484 
86.31659698486328 32.689388275146484 
86.31659698486328 32.779052734375 
> -Z0.013241234803338643 
86.31590270996094 32.86925506591797 
86.42337036132812 32.86925506591797 
86.42337036132812 32.77959060668945 
86.31590270996094 32.77959060668945 
86.31590270996094 32.86925506591797 
> -Z0.014196470428975304 
86.3152084350586 32.95945358276367 
86.42279052734375 32.95945358276367 
86.42279052734375 32.86979293823242 
86.3152084350586 32.86979293823242 
86.3152084350586 32.95945358276367 
> -Z0.01565620925844819 
86.31451416015625 33.049652099609375 
86.42220306396484 33.049652099609375 
86.42220306396484 32.95999526977539 
86.31451416015625 32.95999526977539 
86.31451416015625 33.049652099609375 
> -Z0.01738149726104392 
86.31381225585938 33.13984680175781 
86.42161560058594 33.13984680175781 
86.42161560058594 33.050193786621094 
86.31381225585938 33.050193786621094 
86.31381225585938 33.13984680175781 
> -Z0.018535931219502533 
86.3131103515625 33.23004150390625 
86.42102813720703 33.23004150390625 
86.42102813720703 33.1403923034668 
86.3131103515625 33.1403923034668 
86.3131103515625 33.23004150390625 
> -Z0.01847092484445652 
86.3124008178711 33.32023239135742 
86.4204330444336 33.32023239135742 
86.4204330444336 33.230587005615234 
86.3124008178711 33.230587005615234 
86.3124008178711 33.32023239135742 
> -Z0.011410237816816287 
87.06400299072266 32.69069290161133 
87.1705093383789 32.69069290161133 
87.1705093383789 32.60038757324219 
87.06400299072266 32.60038757324219 
87.06400299072266 32.69069290161133 
> -Z0.01112134188819899 
87.06407165527344 32.78090286254883 
87.17068481445312 32.78090286254883 
87.17068481445312 32.69059371948242 
87.06407165527344 32.69059371948242 
87.06407165527344 32.78090286254883 
> -Z0.010487663192858487 
87.06413269042969 32.87110900878906 
87.17085266113281 32.87110900878906 
87.17085266113281 32.78080368041992 
87.06413269042969 32.78080368041992 
87.06413269042969 32.87110900878906 
> -Z0.008953763053240197 
87.06420135498047 32.9613151550293 
87.17102813720703 32.9613151550293 
87.17102813720703 32.871009826660156 
87.06420135498047 32.871009826660156 
87.06420135498047 32.9613151550293 
> -Z0.005864650655958822 
87.06427001953125 33.051517486572266 
87.17120361328125 33.051517486572266 
87.17120361328125 32.961212158203125 
87.06427001953125 32.961212158203125 
87.06427001953125 33.051517486572266 
> -Z0.0104028276708488 
87.27764129638672 32.78061294555664 
87.384033203125 32.78061294555664 
87.384033203125 32.69012451171875 
87.27764129638672 32.69012451171875 
87.27764129638672 32.78061294555664 
> -Z0.009574415748863793 
87.27792358398438 32.87081527709961 
87.3844223022461 32.87081527709961 
87.3844223022461 32.780330657958984 
87.27792358398438 32.780330657958984 
87.27792358398438 32.87081527709961 
> -Z0.008323916225502579 
87.27820587158203 32.961021423339844 
87.38481140136719 32.961021423339844 
87.38481140136719 32.87053298950195 
87.27820587158203 32.87053298950195 
87.27820587158203 32.961021423339844 
> -Z0.006709846287158266 
87.27848815917969 33.05122375488281 
87.38520050048828 33.05122375488281 
87.38520050048828 32.96073532104492 
87.27848815917969 32.96073532104492 
87.27848815917969 33.05122375488281 
> -Z0.005286685317309473 
87.27877044677734 33.14142608642578 
87.3855972290039 33.14142608642578 
87.3855972290039 33.05093765258789 
87.27877044677734 33.05093765258789 
87.27877044677734 33.14142608642578 
> -Z0.005057310269295883 
87.279052734375 33.231624603271484 
87.385986328125 33.231624603271484 
87.385986328125 33.14113998413086 
87.279052734375 33.14113998413086 
87.279052734375 33.231624603271484 
> -Z0.006445358555473174 
87.27934265136719 33.32182312011719 
87.38638305664062 33.32182312011719 
87.38638305664062 33.23133850097656 
87.27934265136719 33.23133850097656 
87.27934265136719 33.32182312011719 
> -Z0.008525307146498368 
87.27963256835938 33.41202163696289 
87.38677978515625 33.41202163696289 
87.38677978515625 33.321533203125 
87.27963256835938 33.321533203125 
87.27963256835938 33.41202163696289 
> -Z0.007827191628741313 
87.38677978515625 33.321533203125 
87.49371337890625 33.321533203125 
87.49371337890625 33.23095703125 
87.38677978515625 33.23095703125 
87.38677978515625 33.321533203125 
> -Z0.009010868648002119 
87.3871841430664 33.4117317199707 
87.49421691894531 33.4117317199707 
87.49421691894531 33.3211555480957 
87.3871841430664 33.3211555480957 
87.3871841430664 33.4117317199707 
> -Z0.010135874831480145 
87.38758087158203 33.50192642211914 
87.4947280883789 33.50192642211914 
87.4947280883789 33.41135025024414 
87.38758087158203 33.41135025024414 
87.38758087158203 33.50192642211914 
> -Z0.010961194831521132 
87.38798522949219 33.59212112426758 
87.4952392578125 33.59212112426758 
87.4952392578125 33.50154113769531 
87.38798522949219 33.50154113769531 
87.38798522949219 33.59212112426758 
> -Z0.011483677645822138 
87.38838958740234 33.68231201171875 
87.49575805664062 33.68231201171875 
87.49575805664062 33.59173583984375 
87.38838958740234 33.59173583984375 
87.38838958740234 33.68231201171875 
> -Z0.011784415798344104 
87.3887939453125 33.77250289916992 
87.49626922607422 33.77250289916992 
87.49626922607422 33.68192672729492 
87.3887939453125 33.68192672729492 
87.3887939453125 33.77250289916992 
> -Z0.01321949080426623 
86.84896087646484 33.682830810546875 
86.95689392089844 33.682830810546875 
86.95689392089844 33.59272003173828 
86.84896087646484 33.59272003173828 
86.84896087646484 33.682830810546875 
> -Z0.012879222814203752 
86.84880065917969 33.77302169799805 
86.95684814453125 33.77302169799805 
86.95684814453125 33.68291473388672 
86.84880065917969 33.68291473388672 
86.84880065917969 33.77302169799805 
> -Z0.011049578048495294 
87.17068481445312 32.69059371948242 
87.27708435058594 32.69059371948242 
87.27708435058594 32.600196838378906 
87.17068481445312 32.600196838378906 
87.17068481445312 32.69059371948242 
> -Z0.010686386678339837 
87.17085266113281 32.78080368041992 
87.27735900878906 32.78080368041992 
87.27735900878906 32.69040298461914 
87.17085266113281 32.69040298461914 
87.17085266113281 32.78080368041992 
> -Z0.009828611215289409 
87.17102813720703 32.871009826660156 
87.27764129638672 32.871009826660156 
87.27764129638672 32.78061294555664 
87.17102813720703 32.78061294555664 
87.17102813720703 32.871009826660156 
> -Z0.012430530918462392 
86.10485076904297 32.597312927246094 
86.21219635009766 32.597312927246094 
86.21219635009766 32.5078239440918 
86.10485076904297 32.5078239440918 
86.10485076904297 32.597312927246094 
> -Z0.012590846566871091 
86.10395812988281 32.6875114440918 
86.21141052246094 32.6875114440918 
86.21141052246094 32.598026275634766 
86.10395812988281 32.598026275634766 
86.10395812988281 32.6875114440918 
> -Z0.012850136963557201 
86.1030502319336 32.777706146240234 
86.21061706542969 32.777706146240234 
86.21061706542969 32.688228607177734 
86.1030502319336 32.688228607177734 
86.1030502319336 32.777706146240234 
> -Z0.013240429403168198 
86.10214233398438 32.86790466308594 
86.20982360839844 32.86790466308594 
86.20982360839844 32.77842712402344 
86.10214233398438 32.77842712402344 
86.10214233398438 32.86790466308594 
> -Z0.013748861941090332 
86.10123443603516 32.95809555053711 
86.20902252197266 32.95809555053711 
86.20902252197266 32.86862564086914 
86.10123443603516 32.86862564086914 
86.10123443603516 32.95809555053711 
> -Z0.0142900369473446 
86.1003189086914 33.04829025268555 
86.20822143554688 33.04829025268555 
86.20822143554688 32.95882034301758 
86.1003189086914 32.95882034301758 
86.1003189086914 33.04829025268555 
> -Z0.014878105723385129 
86.09940338134766 33.13848114013672 
86.20741271972656 33.13848114013672 
86.20741271972656 33.049015045166016 
86.09940338134766 33.049015045166016 
86.09940338134766 33.13848114013672 
> -Z0.014214241683788112 
85.99220275878906 33.13766098022461 
86.1003189086914 33.13766098022461 
86.1003189086914 33.04829025268555 
85.99220275878906 33.04829025268555 
85.99220275878906 33.13766098022461 
> -Z0.014417881865366116 
85.99116516113281 33.227848052978516 
86.09940338134766 33.227848052978516 
86.09940338134766 33.13848114013672 
85.99116516113281 33.13848114013672 
85.99116516113281 33.227848052978516 
> -Z0.014438543818700588 
85.99012756347656 33.318031311035156 
86.09848022460938 33.318031311035156 
86.09848022460938 33.22867202758789 
85.99012756347656 33.22867202758789 
85.99012756347656 33.318031311035156 
> -Z0.014281388837721051 
85.98908996582031 33.40821838378906 
86.09754943847656 33.40821838378906 
86.09754943847656 33.3188591003418 
85.98908996582031 33.3188591003418 
85.98908996582031 33.40821838378906 
> -Z0.01400305511908128 
85.988037109375 33.4984016418457 
86.09661865234375 33.4984016418457 
86.09661865234375 33.4090461730957 
85.988037109375 33.4090461730957 
85.988037109375 33.4984016418457 
> -Z0.013677137261778822 
85.98698425292969 33.58858108520508 
86.0956802368164 33.58858108520508 
86.0956802368164 33.49923324584961 
85.98698425292969 33.49923324584961 
85.98698425292969 33.58858108520508 
> -Z0.01335334492833496 
85.98593139648438 33.67876052856445 
86.09474182128906 33.67876052856445 
86.09474182128906 33.58941650390625 
85.98593139648438 33.58941650390625 
85.98593139648438 33.67876052856445 
> -Z0.01307204813712072 
85.98487091064453 33.76893997192383 
86.09379577636719 33.76893997192383 
86.09379577636719 33.67959976196289 
85.98487091064453 33.67959976196289 
85.98487091064453 33.76893997192383 
> -Z0.009478010644862572 
87.60165405273438 33.3206787109375 
87.7083511352539 33.3206787109375 
87.7083511352539 33.22991943359375 
87.60165405273438 33.22991943359375 
87.60165405273438 33.3206787109375 
> -Z0.009930867653427568 
87.6022720336914 33.41087341308594 
87.7090835571289 33.41087341308594 
87.7090835571289 33.32011413574219 
87.6022720336914 33.32011413574219 
87.6022720336914 33.41087341308594 
> -Z0.01043201125769716 
87.60289764404297 33.50106430053711 
87.7098159790039 33.50106430053711 
87.7098159790039 33.41030502319336 
87.60289764404297 33.41030502319336 
87.60289764404297 33.50106430053711 
> -Z0.010887668388927352 
87.60352325439453 33.59125518798828 
87.7105484008789 33.59125518798828 
87.7105484008789 33.50049591064453 
87.60352325439453 33.50049591064453 
87.60352325439453 33.59125518798828 
> -Z0.011251769762252619 
87.60415649414062 33.68144607543945 
87.71128845214844 33.68144607543945 
87.71128845214844 33.59068298339844 
87.60415649414062 33.59068298339844 
87.60415649414062 33.68144607543945 
> -Z0.011527901813824046 
87.60478210449219 33.77163314819336 
87.71202850341797 33.77163314819336 
87.71202850341797 33.680870056152344 
87.60478210449219 33.680870056152344 
87.60478210449219 33.77163314819336 
> -Z0.00833606666529077 
87.49371337890625 33.23095703125 
87.60041809082031 33.23095703125 
87.60041809082031 33.140289306640625 
87.49371337890625 33.140289306640625 
87.49371337890625 33.23095703125 
> -Z0.00879359399971653 
87.49421691894531 33.3211555480957 
87.60103607177734 33.3211555480957 
87.60103607177734 33.23048400878906 
87.49421691894531 33.23048400878906 
87.49421691894531 33.3211555480957 
> -Z0.009507376579009958 
87.4947280883789 33.41135025024414 
87.60165405273438 33.41135025024414 
87.60165405273438 33.3206787109375 
87.4947280883789 33.3206787109375 
87.4947280883789 33.41135025024414 
> -Z0.010252330980302291 
87.4952392578125 33.50154113769531 
87.6022720336914 33.50154113769531 
87.6022720336914 33.41087341308594 
87.4952392578125 33.41087341308594 
87.4952392578125 33.50154113769531 
> -Z0.010872961071987704 
87.49575805664062 33.59173583984375 
87.60289764404297 33.59173583984375 
87.60289764404297 33.50106430053711 
87.49575805664062 33.50106430053711 
87.49575805664062 33.59173583984375 
> -Z0.011324757188608977 
87.49626922607422 33.68192672729492 
87.60352325439453 33.68192672729492 
87.60352325439453 33.59125518798828 
87.49626922607422 33.59125518798828 
87.49626922607422 33.68192672729492 
> -Z0.011622940768961688 
87.49678802490234 33.772117614746094 
87.60415649414062 33.772117614746094 
87.60415649414062 33.68144607543945 
87.49678802490234 33.68144607543945 
87.49678802490234 33.772117614746094 
> -Z0.010373282198034 
87.59798431396484 32.77949142456055 
87.70404815673828 32.77949142456055 
87.70404815673828 32.68873596191406 
87.59798431396484 32.68873596191406 
87.59798431396484 32.77949142456055 
> -Z0.010057907441189104 
87.59858703613281 32.869693756103516 
87.70475769042969 32.869693756103516 
87.70475769042969 32.778934478759766 
87.59858703613281 32.778934478759766 
87.59858703613281 32.869693756103516 
> -Z0.011685575815932643 
86.85050201416016 32.78083038330078 
86.95732879638672 32.78083038330078 
86.95732879638672 32.690704345703125 
86.85050201416016 32.690704345703125 
86.85050201416016 32.78083038330078 
> -Z0.0456430339236441 
86.68890380859375 33.18644714355469 
86.74267578125 33.18644714355469 
86.74267578125 33.14147186279297 
86.68890380859375 33.14147186279297 
86.68890380859375 33.18644714355469 
> -Z0.04082884338179659 
86.63470458984375 33.321598052978516 
86.7424087524414 33.321598052978516 
86.7424087524414 33.23167037963867 
86.63470458984375 33.23167037963867 
86.63470458984375 33.321598052978516 
> -Z0.02471106553920089 
86.63433074951172 33.41179656982422 
86.74214172363281 33.41179656982422 
86.74214172363281 33.321868896484375 
86.63433074951172 33.321868896484375 
86.63433074951172 33.41179656982422 
> -Z0.01753084499151095 
86.63394927978516 33.501991271972656 
86.74187469482422 33.501991271972656 
86.74187469482422 33.41206741333008 
86.63394927978516 33.41206741333008 
86.63394927978516 33.501991271972656 
> -Z0.014799141847075722 
86.6335678100586 33.592185974121094 
86.74160766601562 33.592185974121094 
86.74160766601562 33.502262115478516 
86.6335678100586 33.502262115478516 
86.6335678100586 33.592185974121094 
> -Z0.013650727795099677 
86.63318634033203 33.682376861572266 
86.74134063720703 33.682376861572266 
86.74134063720703 33.59245681762695 
86.63318634033203 33.59245681762695 
86.63318634033203 33.682376861572266 
> -Z0.013088569079027236 
86.63280487060547 33.7725715637207 
86.74107360839844 33.7725715637207 
86.74107360839844 33.68265151977539 
86.63280487060547 33.68265151977539 
86.63280487060547 33.7725715637207 
> -Z0.022746706288387084 
86.4204330444336 33.230587005615234 
86.52823638916016 33.230587005615234 
86.52823638916016 33.14084243774414 
86.4204330444336 33.14084243774414 
86.4204330444336 33.230587005615234 
> -Z0.02212964962888423 
86.41983795166016 33.32078170776367 
86.52775573730469 33.32078170776367 
86.52775573730469 33.231040954589844 
86.41983795166016 33.231040954589844 
86.41983795166016 33.32078170776367 
> -Z0.019483721932100136 
86.41923522949219 33.41097640991211 
86.52726745605469 33.41097640991211 
86.52726745605469 33.32123565673828 
86.41923522949219 33.32123565673828 
86.41923522949219 33.41097640991211 
> -Z0.008274125053949033 
87.17120361328125 32.961212158203125 
87.27792358398438 32.961212158203125 
87.27792358398438 32.87081527709961 
87.17120361328125 32.87081527709961 
87.17120361328125 32.961212158203125 
> -Z0.005723439992395782 
87.17137908935547 33.051414489746094 
87.27820587158203 33.051414489746094 
87.27820587158203 32.961021423339844 
87.17137908935547 32.961021423339844 
87.17137908935547 33.051414489746094 
> -Z0.002728203625434753 
87.17155456542969 33.14161682128906 
87.27848815917969 33.14161682128906 
87.27848815917969 33.05122375488281 
87.17155456542969 33.05122375488281 
87.17155456542969 33.14161682128906 
> -Z0.0018243078891076233 
87.1717300415039 33.23181915283203 
87.27877044677734 33.23181915283203 
87.27877044677734 33.14142608642578 
87.1717300415039 33.14142608642578 
87.1717300415039 33.23181915283203 
> -Z0.004691327630336041 
87.17190551757812 33.322017669677734 
87.279052734375 33.322017669677734 
87.279052734375 33.231624603271484 
87.17190551757812 33.231624603271484 
87.17190551757812 33.322017669677734 
> -Z0.008443386129107115 
87.17208099365234 33.41221618652344 
87.27934265136719 33.41221618652344 
87.27934265136719 33.32182312011719 
87.17208099365234 33.32182312011719 
87.17208099365234 33.41221618652344 
> -Z0.010750399768069236 
87.17225646972656 33.502410888671875 
87.27963256835938 33.502410888671875 
87.27963256835938 33.41202163696289 
87.17225646972656 33.41202163696289 
87.17225646972656 33.502410888671875 
> -Z0.011778607278854034 
87.17243957519531 33.59260940551758 
87.27992248535156 33.59260940551758 
87.27992248535156 33.50221633911133 
87.17243957519531 33.50221633911133 
87.17243957519531 33.59260940551758 
> -Z0.012164323004127328 
87.17262268066406 33.682804107666016 
87.28021240234375 33.682804107666016 
87.28021240234375 33.592411041259766 
87.17262268066406 33.592411041259766 
87.17262268066406 33.682804107666016 
> -Z0.012282773123079363 
87.17279815673828 33.77299499511719 
87.28050231933594 33.77299499511719 
87.28050231933594 33.6826057434082 
87.17279815673828 33.6826057434082 
87.17279815673828 33.77299499511719 
> -Z0.010760977838613467 
87.27735900878906 32.69040298461914 
87.38365173339844 32.69040298461914 
87.38365173339844 32.59991455078125 
87.27735900878906 32.59991455078125 
87.27735900878906 32.69040298461914 
> -Z-0.011295089806953948 
86.74280548095703 33.096370697021484 
86.79649353027344 33.096370697021484 
86.79649353027344 33.051368713378906 
86.74280548095703 33.051368713378906 
86.74280548095703 33.096370697021484 
> -Z-0.040125288748099855 
86.79638671875 33.09646987915039 
86.85004425048828 33.09646987915039 
86.85004425048828 33.05144500732422 
86.79638671875 33.05144500732422 
86.79638671875 33.09646987915039 
> -Z0.05956163937778493 
86.7424087524414 33.23167037963867 
86.79618072509766 33.23167037963867 
86.79618072509766 33.186668395996094 
86.7424087524414 33.186668395996094 
86.7424087524414 33.23167037963867 
> -Z-0.001268298147770094 
86.79607391357422 33.23176956176758 
86.84981536865234 33.23176956176758 
86.84981536865234 33.186744689941406 
86.79607391357422 33.186744689941406 
86.79607391357422 33.23176956176758 
> -Z0.026554540735524323 
86.74253845214844 33.18656921386719 
86.79627990722656 33.18656921386719 
86.79627990722656 33.141571044921875 
86.74253845214844 33.141571044921875 
86.74253845214844 33.18656921386719 
> -Z-0.11224397204859445 
86.79618072509766 33.186668395996094 
86.84989166259766 33.186668395996094 
86.84989166259766 33.14164733886719 
86.79618072509766 33.14164733886719 
86.79618072509766 33.186668395996094 
> -Z0.03950554705271414 
86.74214172363281 33.321868896484375 
86.79596710205078 33.321868896484375 
86.79596710205078 33.27687072753906 
86.74214172363281 33.27687072753906 
86.74214172363281 33.321868896484375 
> -Z0.032851841633671955 
86.79586029052734 33.32196807861328 
86.84966278076172 33.32196807861328 
86.84966278076172 33.276947021484375 
86.79586029052734 33.276947021484375 
86.79586029052734 33.32196807861328 
> -Z0.055940917948136 
86.74227905273438 33.276771545410156 
86.79607391357422 33.276771545410156 
86.79607391357422 33.23176956176758 
86.74227905273438 33.23176956176758 
86.74227905273438 33.276771545410156 
> -Z0.04016553449604172 
86.79596710205078 33.27687072753906 
86.84973907470703 33.27687072753906 
86.84973907470703 33.23184585571289 
86.79596710205078 33.23184585571289 
86.79596710205078 33.27687072753906 
> -Z0.02237246239764548 
86.74187469482422 33.41206741333008 
86.8495864868164 33.41206741333008 
86.8495864868164 33.322044372558594 
86.74187469482422 33.322044372558594 
86.74187469482422 33.41206741333008 
> -Z0.016185563604972593 
86.74160766601562 33.502262115478516 
86.84942626953125 33.502262115478516 
86.84942626953125 33.4122428894043 
86.74160766601562 33.4122428894043 
86.74160766601562 33.502262115478516 
> -Z0.014272881439512332 
86.74134063720703 33.59245681762695 
86.84927368164062 33.59245681762695 
86.84927368164062 33.50244140625 
86.74134063720703 33.50244140625 
86.74134063720703 33.59245681762695 
> -Z0.013411094798137534 
86.74107360839844 33.68265151977539 
86.84911346435547 33.68265151977539 
86.84911346435547 33.59263610839844 
86.74107360839844 33.59263610839844 
86.74107360839844 33.68265151977539 
> -Z0.01297273300325219 
86.74079895019531 33.77284240722656 
86.84896087646484 33.77284240722656 
86.84896087646484 33.682830810546875 
86.74079895019531 33.682830810546875 
86.74079895019531 33.77284240722656 
> -Z0.014939651277047952 
86.20741271972656 33.049015045166016 
86.3152084350586 33.049015045166016 
86.3152084350586 32.95945358276367 
86.20741271972656 32.95945358276367 
86.20741271972656 33.049015045166016 
> -Z0.01588422354634483 
86.20660400390625 33.13920974731445 
86.31451416015625 33.13920974731445 
86.31451416015625 33.049652099609375 
86.20660400390625 33.049652099609375 
86.20660400390625 33.13920974731445 
> -Z0.01642183712380934 
86.20579528808594 33.229400634765625 
86.31381225585938 33.229400634765625 
86.31381225585938 33.13984680175781 
86.20579528808594 33.13984680175781 
86.20579528808594 33.229400634765625 
> -Z0.016462698856774056 
86.20497131347656 33.3195915222168 
86.3131103515625 33.3195915222168 
86.3131103515625 33.23004150390625 
86.20497131347656 33.23004150390625 
86.20497131347656 33.3195915222168 
> -Z0.015921562119021397 
86.20415496826172 33.40978240966797 
86.3124008178711 33.40978240966797 
86.3124008178711 33.32023239135742 
86.20415496826172 33.32023239135742 
86.20415496826172 33.40978240966797 
> -Z0.015129775419647374 
86.20333099365234 33.499969482421875 
86.31169128417969 33.499969482421875 
86.31169128417969 33.41042709350586 
86.20333099365234 33.41042709350586 
86.20333099365234 33.499969482421875 
> -Z0.0003134123784587512 
87.0643310546875 33.141719818115234 
87.17137908935547 33.141719818115234 
87.17137908935547 33.051414489746094 
87.0643310546875 33.051414489746094 
87.0643310546875 33.141719818115234 
> -Z-0.0026386719561171373 
87.06439971923828 33.2319221496582 
87.17155456542969 33.2319221496582 
87.17155456542969 33.14161682128906 
87.06439971923828 33.14161682128906 
87.06439971923828 33.2319221496582 
> -Z0.0034888186009380835 
87.06446075439453 33.322120666503906 
87.1717300415039 33.322120666503906 
87.1717300415039 33.23181915283203 
87.06446075439453 33.23181915283203 
87.06446075439453 33.322120666503906 
> -Z0.009755191858747701 
87.06452941894531 33.41231918334961 
87.17190551757812 33.41231918334961 
87.17190551757812 33.322017669677734 
87.06452941894531 33.322017669677734 
87.06452941894531 33.41231918334961 
> -Z0.012008690706515628 
87.0645980834961 33.50251388549805 
87.17208099365234 33.50251388549805 
87.17208099365234 33.41221618652344 
87.0645980834961 33.41221618652344 
87.0645980834961 33.50251388549805 
> -Z0.012560519826281973 
87.06466674804688 33.59271240234375 
87.17225646972656 33.59271240234375 
87.17225646972656 33.502410888671875 
87.06466674804688 33.502410888671875 
87.06466674804688 33.59271240234375 
> -Z0.01261699833054472 
87.06473541259766 33.68290710449219 
87.17243957519531 33.68290710449219 
87.17243957519531 33.59260940551758 
87.06473541259766 33.59260940551758 
87.06473541259766 33.68290710449219 
> -Z0.012550127727487497 
87.0647964477539 33.77309799194336 
87.17262268066406 33.77309799194336 
87.17262268066406 33.682804107666016 
87.0647964477539 33.682804107666016 
87.0647964477539 33.77309799194336 
> -Z0.012441483262356312 
85.99830627441406 32.59650802612305 
86.10575103759766 32.59650802612305 
86.10575103759766 32.50711441040039 
85.99830627441406 32.50711441040039 
85.99830627441406 32.59650802612305 
> -Z0.012590234669126328 
85.99729919433594 32.686702728271484 
86.10485076904297 32.686702728271484 
86.10485076904297 32.597312927246094 
85.99729919433594 32.597312927246094 
85.99729919433594 32.686702728271484 
> -Z0.012824915515626109 
85.99628448486328 32.77689743041992 
86.10395812988281 32.77689743041992 
86.10395812988281 32.6875114440918 
85.99628448486328 32.6875114440918 
85.99628448486328 32.77689743041992 
> -Z0.013129699461787207 
85.99526977539062 32.867088317871094 
86.1030502319336 32.867088317871094 
86.1030502319336 32.777706146240234 
85.99526977539062 32.777706146240234 
85.99526977539062 32.867088317871094 
> -Z0.013492201028170654 
85.99425506591797 32.95728302001953 
86.10214233398438 32.95728302001953 
86.10214233398438 32.86790466308594 
85.99425506591797 32.86790466308594 
85.99425506591797 32.95728302001953 
> -Z0.013876354260366493 
85.99322509765625 33.04747009277344 
86.10123443603516 33.04747009277344 
86.10123443603516 32.95809555053711 
85.99322509765625 32.95809555053711 
85.99322509765625 33.04747009277344 
> -Z0.01317086233418523 
86.09284973144531 33.76978302001953 
86.20166778564453 33.76978302001953 
86.20166778564453 33.68034362792969 
86.09284973144531 33.68034362792969 
86.09284973144531 33.76978302001953 
> -Z0.012559629330262443 
86.21061706542969 32.688228607177734 
86.3179702758789 32.688228607177734 
86.3179702758789 32.59865188598633 
86.21061706542969 32.59865188598633 
86.21061706542969 32.688228607177734 
> -Z0.012820730731197128 
86.20982360839844 32.77842712402344 
86.3172836303711 32.77842712402344 
86.3172836303711 32.6888542175293 
86.20982360839844 32.6888542175293 
86.20982360839844 32.77842712402344 
> -Z0.013301471163136775 
86.20902252197266 32.86862564086914 
86.31659698486328 32.86862564086914 
86.31659698486328 32.779052734375 
86.20902252197266 32.779052734375 
86.20902252197266 32.86862564086914 
> -Z0.014016921863928484 
86.20822143554688 32.95882034301758 
86.31590270996094 32.95882034301758 
86.31590270996094 32.86925506591797 
86.20822143554688 32.86925506591797 
86.20822143554688 32.95882034301758 
> -Z0.011718523100727693 
86.74371337890625 32.78065490722656 
86.85065460205078 32.78065490722656 
86.85065460205078 32.69062042236328 
86.74371337890625 32.69062042236328 
86.74371337890625 32.78065490722656 
> -Z0.01122802465416241 
86.74345397949219 32.8708610534668 
86.85050201416016 32.8708610534668 
86.85050201416016 32.78083038330078 
86.74345397949219 32.78083038330078 
86.74345397949219 32.8708610534668 
> -Z0.009342105799901669 
86.74319458007812 32.96106719970703 
86.85034942626953 32.96106719970703 
86.85034942626953 32.871036529541016 
86.74319458007812 32.871036529541016 
86.74319458007812 32.96106719970703 
> -Z-0.0026281555443800324 
86.74293518066406 33.05126953125 
86.8501968383789 33.05126953125 
86.8501968383789 32.961238861083984 
86.74293518066406 32.961238861083984 
86.74293518066406 33.05126953125 
> -Z-0.011185640544302709 
86.74267578125 33.14147186279297 
86.79638671875 33.14147186279297 
86.79638671875 33.09646987915039 
86.74267578125 33.09646987915039 
86.74267578125 33.14147186279297 
> -Z-0.11172951932265276 
86.79627990722656 33.141571044921875 
86.84996795654297 33.141571044921875 
86.84996795654297 33.0965461730957 
86.79627990722656 33.0965461730957 
86.79627990722656 33.141571044921875 
> -Z0.01176263599486626 
87.28050231933594 33.6826057434082 
87.38798522949219 33.6826057434082 
87.38798522949219 33.59212112426758 
87.28050231933594 33.59212112426758 
87.28050231933594 33.6826057434082 
> -Z0.012010421085064728 
87.28079986572266 33.772796630859375 
87.38838958740234 33.772796630859375 
87.38838958740234 33.68231201171875 
87.28079986572266 33.68231201171875 
87.28079986572266 33.772796630859375 
> -Z0.010612179567212918 
87.384033203125 32.69012451171875 
87.49021911621094 32.69012451171875 
87.49021911621094 32.599544525146484 
87.384033203125 32.599544525146484 
87.384033203125 32.69012451171875 
> -Z0.010298296791281504 
87.3844223022461 32.780330657958984 
87.49070739746094 32.780330657958984 
87.49070739746094 32.68975067138672 
87.3844223022461 32.68975067138672 
87.3844223022461 32.780330657958984 
> -Z0.009618292171669016 
87.38481140136719 32.87053298950195 
87.49120330810547 32.87053298950195 
87.49120330810547 32.77995681762695 
87.38481140136719 32.77995681762695 
87.38481140136719 32.87053298950195 
> -Z0.008733093110475734 
87.38520050048828 32.96073532104492 
87.49169921875 32.96073532104492 
87.49169921875 32.87015914916992 
87.38520050048828 32.87015914916992 
87.38520050048828 32.96073532104492 
> -Z0.0077777035610848925 
87.3855972290039 33.05093765258789 
87.49220275878906 33.05093765258789 
87.49220275878906 32.96036148071289 
87.3855972290039 32.96036148071289 
87.3855972290039 33.05093765258789 
> -Z0.0070890785726092 
87.385986328125 33.14113998413086 
87.4926986694336 33.14113998413086 
87.4926986694336 33.050559997558594 
87.385986328125 33.050559997558594 
87.385986328125 33.14113998413086 
> -Z0.00706389616546859 
87.38638305664062 33.23133850097656 
87.49320220947266 33.23133850097656 
87.49320220947266 33.1407585144043 
87.38638305664062 33.1407585144043 
87.38638305664062 33.23133850097656 
> -Z0.00820656107033399 
86.9571533203125 33.0515251159668 
87.06420135498047 33.0515251159668 
87.06420135498047 32.9613151550293 
86.9571533203125 32.9613151550293 
86.9571533203125 33.0515251159668 
> -Z0.002744281314938051 
86.95711517333984 33.141727447509766 
87.06427001953125 33.141727447509766 
87.06427001953125 33.051517486572266 
86.95711517333984 33.051517486572266 
86.95711517333984 33.141727447509766 
> -Z-0.00035438565213293145 
86.95706939697266 33.231929779052734 
87.0643310546875 33.231929779052734 
87.0643310546875 33.141719818115234 
86.95706939697266 33.141719818115234 
86.95706939697266 33.231929779052734 
> -Z0.009379419766742399 
86.95702362060547 33.32212829589844 
87.06439971923828 33.32212829589844 
87.06439971923828 33.2319221496582 
86.95702362060547 33.2319221496582 
86.95702362060547 33.32212829589844 
> -Z0.013458588162526918 
86.95697784423828 33.41232681274414 
87.06446075439453 33.41232681274414 
87.06446075439453 33.322120666503906 
86.95697784423828 33.322120666503906 
86.95697784423828 33.41232681274414 
> -Z0.013631541963257816 
86.9569320678711 33.502525329589844 
87.06452941894531 33.502525329589844 
87.06452941894531 33.41231918334961 
86.9569320678711 33.41231918334961 
86.9569320678711 33.502525329589844 
> -Z0.013297180175131776 
86.95689392089844 33.59272003173828 
87.0645980834961 33.59272003173828 
87.0645980834961 33.50251388549805 
86.95689392089844 33.50251388549805 
86.95689392089844 33.59272003173828 
> -Z0.012988833444789355 
86.95684814453125 33.68291473388672 
87.06466674804688 33.68291473388672 
87.06466674804688 33.59271240234375 
86.95684814453125 33.59271240234375 
86.95684814453125 33.68291473388672 
> -Z0.012753681675965352 
86.95680236816406 33.773109436035156 
87.06473541259766 33.773109436035156 
87.06473541259766 33.68290710449219 
86.95680236816406 33.68290710449219 
86.95680236816406 33.773109436035156 
> -Z0.00966083220907122 
87.59919738769531 32.95989227294922 
87.70547485351562 32.95989227294922 
87.70547485351562 32.869136810302734 
87.59919738769531 32.869136810302734 
87.59919738769531 32.95989227294922 
> -Z0.00932261720298868 
87.59980773925781 33.05009078979492 
87.70618438720703 33.05009078979492 
87.70618438720703 32.95933532714844 
87.59980773925781 32.95933532714844 
87.59980773925781 33.05009078979492 
> -Z0.009127992222293126 
87.60041809082031 33.140289306640625 
87.7069091796875 33.140289306640625 
87.7069091796875 33.049530029296875 
87.60041809082031 33.049530029296875 
87.60041809082031 33.140289306640625 
> -Z0.009189680997028455 
87.60103607177734 33.23048400878906 
87.70762634277344 33.23048400878906 
87.70762634277344 33.13972473144531 
87.60103607177734 33.13972473144531 
87.60103607177734 33.23048400878906 
> -Z0.010215661504295676 
87.27992248535156 33.50221633911133 
87.3871841430664 33.50221633911133 
87.3871841430664 33.4117317199707 
87.27992248535156 33.4117317199707 
87.27992248535156 33.50221633911133 
> -Z0.01123630323541593 
87.28021240234375 33.592411041259766 
87.38758087158203 33.592411041259766 
87.38758087158203 33.50192642211914 
87.28021240234375 33.50192642211914 
87.28021240234375 33.592411041259766 
