> -Z-0.02036873623728752 
78.0842056274414 40.59164047241211 
78.19791412353516 40.59164047241211 
78.19791412353516 40.498477935791016 
78.0842056274414 40.498477935791016 
78.0842056274414 40.59164047241211 
> -Z-0.011560828424990177 
78.08834838867188 40.68159866333008 
78.20220184326172 40.68159866333008 
78.20220184326172 40.58842468261719 
78.08834838867188 40.58842468261719 
78.08834838867188 40.68159866333008 
> -Z-0.007446530740708113 
78.09251403808594 40.77155303955078 
78.20650482177734 40.77155303955078 
78.20650482177734 40.67837142944336 
78.09251403808594 40.67837142944336 
78.09251403808594 40.77155303955078 
> -Z-0.011408655904233456 
78.09669494628906 40.861507415771484 
78.21083068847656 40.861507415771484 
78.21083068847656 40.76831817626953 
78.09669494628906 40.76831817626953 
78.09669494628906 40.861507415771484 
> -Z-0.019948739558458328 
78.10089874267578 40.95145797729492 
78.21517181396484 40.95145797729492 
78.21517181396484 40.85826110839844 
78.10089874267578 40.85826110839844 
78.10089874267578 40.95145797729492 
> -Z-0.019841482862830162 
78.1051254272461 41.04140853881836 
78.21953582763672 41.04140853881836 
78.21953582763672 40.948204040527344 
78.1051254272461 40.948204040527344 
78.1051254272461 41.04140853881836 
> -Z0.0033478140830993652 
78.01107025146484 41.58427429199219 
78.12652587890625 41.58427429199219 
78.12652587890625 41.49113082885742 
78.01107025146484 41.49113082885742 
78.01107025146484 41.58427429199219 
> -Z0.003568968502804637 
78.0152587890625 41.67422103881836 
78.130859375 41.67422103881836 
78.130859375 41.58106994628906 
78.0152587890625 41.58106994628906 
78.0152587890625 41.67422103881836 
> -Z0.003437552135437727 
78.01947021484375 41.76416778564453 
78.13522338867188 41.76416778564453 
78.13522338867188 41.6710090637207 
78.01947021484375 41.6710090637207 
78.01947021484375 41.76416778564453 
> -Z-0.031058980152010918 
78.11790466308594 41.311248779296875 
78.23274230957031 41.311248779296875 
78.23274230957031 41.218017578125 
78.11790466308594 41.218017578125 
78.11790466308594 41.311248779296875 
> -Z-0.01346636563539505 
78.12220764160156 41.40119171142578 
78.2371826171875 41.40119171142578 
78.2371826171875 41.307952880859375 
78.12220764160156 41.307952880859375 
78.12220764160156 41.40119171142578 
> -Z-0.0021701729856431484 
78.12652587890625 41.49113082885742 
78.24164581298828 41.49113082885742 
78.24164581298828 41.397884368896484 
78.12652587890625 41.397884368896484 
78.12652587890625 41.49113082885742 
> -Z-0.013956651091575623 
77.87139892578125 41.13753890991211 
77.98631286621094 41.13753890991211 
77.98631286621094 41.044551849365234 
77.87139892578125 41.044551849365234 
77.87139892578125 41.13753890991211 
> -Z-0.020428957417607307 
77.87533569335938 41.22750473022461 
77.99039459228516 41.22750473022461 
77.99039459228516 41.1345100402832 
77.87533569335938 41.1345100402832 
77.87533569335938 41.22750473022461 
> -Z-0.014476409181952477 
77.72644805908203 40.51057434082031 
77.84054565429688 40.51057434082031 
77.84054565429688 40.417747497558594 
77.72644805908203 40.417747497558594 
77.72644805908203 40.51057434082031 
> -Z-0.016794493421912193 
77.7301025390625 40.60055923461914 
77.84434509277344 40.60055923461914 
77.84434509277344 40.507728576660156 
77.7301025390625 40.507728576660156 
77.7301025390625 40.60055923461914 
> -Z-0.009833849035203457 
77.73377227783203 40.69054412841797 
77.84815216064453 40.69054412841797 
77.84815216064453 40.59770584106445 
77.73377227783203 40.59770584106445 
77.73377227783203 40.69054412841797 
> -Z-0.010192018002271652 
77.73746490478516 40.7805290222168 
77.85198211669922 40.7805290222168 
77.85198211669922 40.68768310546875 
77.73746490478516 40.68768310546875 
77.73746490478516 40.7805290222168 
> -Z0.010093350894749165 
77.66270446777344 41.86305618286133 
77.77915954589844 41.86305618286133 
77.77915954589844 41.77023696899414 
77.66270446777344 41.77023696899414 
77.66270446777344 41.86305618286133 
> -Z-0.011314203962683678 
77.49730682373047 40.69590759277344 
77.6120376586914 40.69590759277344 
77.6120376586914 40.60329055786133 
77.49730682373047 40.60329055786133 
77.49730682373047 40.69590759277344 
> -Z-0.013056173920631409 
77.50067901611328 40.78590774536133 
77.61554718017578 40.78590774536133 
77.61554718017578 40.69328689575195 
77.50067901611328 40.69328689575195 
77.50067901611328 40.78590774536133 
> -Z-0.017083486542105675 
77.50406646728516 40.87590408325195 
77.61907958984375 40.87590408325195 
77.61907958984375 40.78327941894531 
77.50406646728516 40.78327941894531 
77.50406646728516 40.87590408325195 
> -Z-0.00910910964012146 
77.5074691772461 40.965904235839844 
77.62262725830078 40.965904235839844 
77.62262725830078 40.873268127441406 
77.5074691772461 40.873268127441406 
77.5074691772461 40.965904235839844 
> -Z0.000278451043413952 
77.51087951660156 41.0558967590332 
77.62619018554688 41.0558967590332 
77.62619018554688 40.9632568359375 
77.51087951660156 40.9632568359375 
77.51087951660156 41.0558967590332 
> -Z-0.0034729151520878077 
77.51431274414062 41.14589309692383 
77.62976837158203 41.14589309692383 
77.62976837158203 41.053245544433594 
77.51431274414062 41.053245544433594 
77.51431274414062 41.14589309692383 
> -Z-0.008687564171850681 
77.51776123046875 41.23588562011719 
77.63336181640625 41.23588562011719 
77.63336181640625 41.14323043823242 
77.51776123046875 41.14323043823242 
77.51776123046875 41.23588562011719 
> -Z-0.008683203719556332 
77.52122497558594 41.32587432861328 
77.63697052001953 41.32587432861328 
77.63697052001953 41.23321533203125 
77.52122497558594 41.23321533203125 
77.52122497558594 41.32587432861328 
> -Z-0.01541067659854889 
77.74117279052734 40.87051010131836 
77.8558349609375 40.87051010131836 
77.8558349609375 40.77765655517578 
77.74117279052734 40.77765655517578 
77.74117279052734 40.87051010131836 
> -Z-0.016015978530049324 
77.74488830566406 40.96049118041992 
77.85969543457031 40.96049118041992 
77.85969543457031 40.86763000488281 
77.74488830566406 40.86763000488281 
77.74488830566406 40.96049118041992 
> -Z-0.007300415076315403 
77.7486343383789 41.05046844482422 
77.86357879638672 41.05046844482422 
77.86357879638672 40.957603454589844 
77.7486343383789 40.957603454589844 
77.7486343383789 41.05046844482422 
> -Z-0.01611238159239292 
77.62262725830078 40.873268127441406 
77.73746490478516 40.873268127441406 
77.73746490478516 40.7805290222168 
77.62262725830078 40.7805290222168 
77.62262725830078 40.873268127441406 
> -Z-0.012331000529229641 
77.62619018554688 40.9632568359375 
77.74117279052734 40.9632568359375 
77.74117279052734 40.87051010131836 
77.62619018554688 40.87051010131836 
77.62619018554688 40.9632568359375 
> -Z-0.0030463554430752993 
77.62976837158203 41.053245544433594 
77.74488830566406 41.053245544433594 
77.74488830566406 40.96049118041992 
77.62976837158203 40.96049118041992 
77.62976837158203 41.053245544433594 
> -Z-0.004523604176938534 
77.63336181640625 41.14323043823242 
77.7486343383789 41.14323043823242 
77.7486343383789 41.05046844482422 
77.63336181640625 41.05046844482422 
77.63336181640625 41.14323043823242 
> -Z-0.011919311247766018 
77.63697052001953 41.23321533203125 
77.75238800048828 41.23321533203125 
77.75238800048828 41.140445709228516 
77.63697052001953 41.140445709228516 
77.63697052001953 41.23321533203125 
> -Z-0.01690889522433281 
77.49395751953125 40.60590362548828 
77.60853576660156 40.60590362548828 
77.60853576660156 40.51329803466797 
77.49395751953125 40.51329803466797 
77.49395751953125 40.60590362548828 
> -Z0.006708974950015545 
78.0237045288086 41.85411071777344 
78.13960266113281 41.85411071777344 
78.13960266113281 41.76094436645508 
78.0237045288086 41.76094436645508 
78.0237045288086 41.85411071777344 
> -Z-0.021198730915784836 
77.96221923828125 40.504764556884766 
78.07596588134766 40.504764556884766 
78.07596588134766 40.411720275878906 
77.96221923828125 40.411720275878906 
77.96221923828125 40.504764556884766 
> -Z-0.018892904743552208 
77.9661865234375 40.59473419189453 
78.080078125 40.59473419189453 
78.080078125 40.50168228149414 
77.9661865234375 40.50168228149414 
77.9661865234375 40.59473419189453 
> -Z-0.010260554030537605 
77.97017669677734 40.68470001220703 
78.0842056274414 40.68470001220703 
78.0842056274414 40.59164047241211 
77.97017669677734 40.59164047241211 
77.97017669677734 40.68470001220703 
> -Z-0.006721273995935917 
77.97418212890625 40.77466583251953 
78.08834838867188 40.77466583251953 
78.08834838867188 40.68159866333008 
77.97418212890625 40.68159866333008 
77.97418212890625 40.77466583251953 
> -Z-0.00931479874998331 
77.75238800048828 41.140445709228516 
77.86747741699219 41.140445709228516 
77.86747741699219 41.04757308959961 
77.75238800048828 41.04757308959961 
77.75238800048828 41.140445709228516 
> -Z-0.015451529063284397 
77.75615692138672 41.23042297363281 
77.87139892578125 41.23042297363281 
77.87139892578125 41.13753890991211 
77.75615692138672 41.13753890991211 
77.75615692138672 41.23042297363281 
> -Z-0.009216688573360443 
77.75994873046875 41.320396423339844 
77.87533569335938 41.320396423339844 
77.87533569335938 41.22750473022461 
77.75994873046875 41.22750473022461 
77.75994873046875 41.320396423339844 
> -Z-0.01860104501247406 
78.57046508789062 40.847801208496094 
78.68387603759766 40.847801208496094 
78.68387603759766 40.75416946411133 
78.57046508789062 40.75416946411133 
78.57046508789062 40.847801208496094 
> -Z-0.009544678032398224 
77.85198211669922 40.68768310546875 
77.9661865234375 40.68768310546875 
77.9661865234375 40.59473419189453 
77.85198211669922 40.59473419189453 
77.85198211669922 40.68768310546875 
> -Z-0.007630521897226572 
77.8558349609375 40.77765655517578 
77.97017669677734 40.77765655517578 
77.97017669677734 40.68470001220703 
77.8558349609375 40.68470001220703 
77.8558349609375 40.77765655517578 
> -Z-0.01831449568271637 
77.85969543457031 40.86763000488281 
77.97418212890625 40.86763000488281 
77.97418212890625 40.77466583251953 
77.85969543457031 40.77466583251953 
77.85969543457031 40.86763000488281 
> -Z-0.021729541942477226 
77.86357879638672 40.957603454589844 
77.97821044921875 40.957603454589844 
77.97821044921875 40.864627838134766 
77.86357879638672 40.864627838134766 
77.86357879638672 40.957603454589844 
> -Z-0.01467403955757618 
77.86747741699219 41.04757308959961 
77.98224639892578 41.04757308959961 
77.98224639892578 40.95458984375 
77.86747741699219 40.95458984375 
77.86747741699219 41.04757308959961 
> -Z-0.018603172153234482 
77.84434509277344 40.507728576660156 
77.95826721191406 40.507728576660156 
77.95826721191406 40.414794921875 
77.84434509277344 40.414794921875 
77.84434509277344 40.507728576660156 
> -Z-0.015744579955935478 
77.84815216064453 40.59770584106445 
77.96221923828125 40.59770584106445 
77.96221923828125 40.504764556884766 
77.84815216064453 40.504764556884766 
77.84815216064453 40.59770584106445 
> -Z-0.022085705772042274 
78.10936737060547 41.13135528564453 
78.22391510009766 41.13135528564453 
78.22391510009766 41.038143157958984 
78.10936737060547 41.038143157958984 
78.10936737060547 41.13135528564453 
> -Z-0.03568528592586517 
78.1136245727539 41.2213020324707 
78.22831726074219 41.2213020324707 
78.22831726074219 41.128082275390625 
78.1136245727539 41.128082275390625 
78.1136245727539 41.2213020324707 
> -Z-0.11464133113622665 
78.64201354980469 41.070701599121094 
78.69888305664062 41.070701599121094 
78.69888305664062 41.023860931396484 
78.64201354980469 41.023860931396484 
78.64201354980469 41.070701599121094 
> -Z0.3272281289100647 
78.58997344970703 41.20742416381836 
78.61849212646484 41.20742416381836 
78.61849212646484 41.18401336669922 
78.58997344970703 41.18401336669922 
78.58997344970703 41.20742416381836 
> -Z0.30679771304130554 
78.61973571777344 41.20648956298828 
78.64823913574219 41.20648956298828 
78.64823913574219 41.183074951171875 
78.61973571777344 41.183074951171875 
78.61973571777344 41.20648956298828 
> -Z0.31704917550086975 
78.5887451171875 41.1849479675293 
78.61725616455078 41.1849479675293 
78.61725616455078 41.16154098510742 
78.5887451171875 41.16154098510742 
78.5887451171875 41.1849479675293 
> -Z0.26608362793922424 
78.61849212646484 41.18401336669922 
78.6469955444336 41.18401336669922 
78.6469955444336 41.16060256958008 
78.61849212646484 41.16060256958008 
78.61849212646484 41.18401336669922 
> -Z0.21294544637203217 
78.64949035644531 41.20555114746094 
78.67798614501953 41.20555114746094 
78.67798614501953 41.18212890625 
78.64949035644531 41.18212890625 
78.64949035644531 41.20555114746094 
> -Z0.18538880348205566 
78.67925262451172 41.2046012878418 
78.70773315429688 41.2046012878418 
78.70773315429688 41.18117141723633 
78.67925262451172 41.18117141723633 
78.67925262451172 41.2046012878418 
> -Z0.12186762690544128 
78.64823913574219 41.183074951171875 
78.67672729492188 41.183074951171875 
78.67672729492188 41.15965270996094 
78.64823913574219 41.15965270996094 
78.64823913574219 41.183074951171875 
> -Z-0.03692089766263962 
78.57530975341797 40.93770980834961 
78.68885803222656 40.93770980834961 
78.68885803222656 40.84407043457031 
78.57530975341797 40.84407043457031 
78.57530975341797 40.93770980834961 
> -Z-0.07323798537254333 
78.5801773071289 41.02761459350586 
78.6370620727539 41.02761459350586 
78.6370620727539 40.980804443359375 
78.5801773071289 40.980804443359375 
78.5801773071289 41.02761459350586 
> -Z-0.08810968697071075 
78.63953399658203 41.025753021240234 
78.69637298583984 41.025753021240234 
78.69637298583984 40.978912353515625 
78.63953399658203 40.978912353515625 
78.63953399658203 41.025753021240234 
> -Z-0.05527271330356598 
78.57774353027344 40.982662200927734 
78.63459014892578 40.982662200927734 
78.63459014892578 40.93585205078125 
78.57774353027344 40.93585205078125 
78.57774353027344 40.982662200927734 
> -Z0.012523261830210686 
78.5850601196289 41.11751937866211 
78.6135482788086 41.11751937866211 
78.6135482788086 41.0941162109375 
78.5850601196289 41.0941162109375 
78.5850601196289 41.11751937866211 
> -Z-0.08476041257381439 
78.61478424072266 41.1165885925293 
78.64325714111328 41.1165885925293 
78.64325714111328 41.093177795410156 
78.61478424072266 41.093177795410156 
78.61478424072266 41.1165885925293 
> -Z-0.05418846383690834 
78.5838394165039 41.09504318237305 
78.61231994628906 41.09504318237305 
78.61231994628906 41.07164001464844 
78.5838394165039 41.07164001464844 
78.5838394165039 41.09504318237305 
> -Z-0.106222003698349 
78.6135482788086 41.0941162109375 
78.64201354980469 41.0941162109375 
78.64201354980469 41.070701599121094 
78.6135482788086 41.070701599121094 
78.6135482788086 41.0941162109375 
> -Z2.800866604957264e-05 
77.76375579833984 41.41036605834961 
77.87928771972656 41.41036605834961 
77.87928771972656 41.31747055053711 
77.76375579833984 41.31747055053711 
77.76375579833984 41.41036605834961 
> -Z0.00021206556994002312 
77.76758575439453 41.500335693359375 
77.88325500488281 41.500335693359375 
77.88325500488281 41.407432556152344 
77.76758575439453 41.407432556152344 
77.76758575439453 41.500335693359375 
> -Z-0.0026228544302284718 
77.77142333984375 41.59030532836914 
77.88724517822266 41.59030532836914 
77.88724517822266 41.49739456176758 
77.77142333984375 41.49739456176758 
77.77142333984375 41.59030532836914 
> -Z0.00016316524124704301 
77.77528381347656 41.68027114868164 
77.8912582397461 41.68027114868164 
77.8912582397461 41.58735275268555 
77.77528381347656 41.58735275268555 
77.77528381347656 41.68027114868164 
> -Z0.00014363614900503308 
77.77915954589844 41.77023696899414 
77.89527893066406 41.77023696899414 
77.89527893066406 41.677310943603516 
77.77915954589844 41.677310943603516 
77.77915954589844 41.77023696899414 
> -Z-0.013759320601820946 
78.24164581298828 41.397884368896484 
78.3564453125 41.397884368896484 
78.3564453125 41.30453109741211 
78.24164581298828 41.30453109741211 
78.24164581298828 41.397884368896484 
> -Z0.0006386057939380407 
78.24613189697266 41.487815856933594 
78.36107635498047 41.487815856933594 
78.36107635498047 41.39445495605469 
78.24613189697266 41.39445495605469 
78.24613189697266 41.487815856933594 
> -Z0.010715298354625702 
78.0279541015625 41.944053649902344 
78.14399719238281 41.944053649902344 
78.14399719238281 41.85087966918945 
78.0279541015625 41.85087966918945 
78.0279541015625 41.944053649902344 
> -Z0.010422340594232082 
78.03221893310547 42.03399658203125 
78.1484146118164 42.03399658203125 
78.1484146118164 41.94081115722656 
78.03221893310547 41.94081115722656 
78.03221893310547 42.03399658203125 
> -Z0.019321052357554436 
78.03651428222656 42.12393569946289 
78.1528549194336 42.12393569946289 
78.1528549194336 42.03074264526367 
78.03651428222656 42.03074264526367 
78.03651428222656 42.12393569946289 
> -Z0.24828456342220306 
78.58751678466797 41.162471771240234 
78.61602020263672 41.162471771240234 
78.61602020263672 41.13906478881836 
78.58751678466797 41.13906478881836 
78.58751678466797 41.162471771240234 
> -Z0.061932772397994995 
78.61725616455078 41.16154098510742 
78.64574432373047 41.16154098510742 
78.64574432373047 41.138126373291016 
78.61725616455078 41.138126373291016 
78.61725616455078 41.16154098510742 
> -Z0.09392204135656357 
78.58628845214844 41.13999557495117 
78.61478424072266 41.13999557495117 
78.61478424072266 41.1165885925293 
78.58628845214844 41.1165885925293 
78.58628845214844 41.13999557495117 
> -Z-0.03894568979740143 
78.61602020263672 41.13906478881836 
78.64450073242188 41.13906478881836 
78.64450073242188 41.11565399169922 
78.61602020263672 41.11565399169922 
78.61602020263672 41.13906478881836 
> -Z-0.06600672751665115 
78.6469955444336 41.16060256958008 
78.67547607421875 41.16060256958008 
78.67547607421875 41.13718032836914 
78.6469955444336 41.13718032836914 
78.6469955444336 41.16060256958008 
> -Z-0.11150781065225601 
78.64574432373047 41.138126373291016 
78.6742172241211 41.138126373291016 
78.6742172241211 41.114707946777344 
78.64574432373047 41.114707946777344 
78.64574432373047 41.138126373291016 
> -Z-0.00743680726736784 
78.21083068847656 40.76831817626953 
78.32463836669922 40.76831817626953 
78.32463836669922 40.67502975463867 
78.21083068847656 40.67502975463867 
78.21083068847656 40.76831817626953 
> -Z-0.015797171741724014 
77.97821044921875 40.864627838134766 
78.09251403808594 40.864627838134766 
78.09251403808594 40.77155303955078 
77.97821044921875 40.77155303955078 
77.97821044921875 40.864627838134766 
> -Z-0.02083749510347843 
77.98224639892578 40.95458984375 
78.09669494628906 40.95458984375 
78.09669494628906 40.861507415771484 
77.98224639892578 40.861507415771484 
77.98224639892578 40.95458984375 
> -Z-0.008238856680691242 
77.88325500488281 41.407432556152344 
77.99860382080078 41.407432556152344 
77.99860382080078 41.31441879272461 
77.88325500488281 41.31441879272461 
77.88325500488281 41.407432556152344 
> -Z0.00019257134408690035 
77.88724517822266 41.49739456176758 
78.00273895263672 41.49739456176758 
78.00273895263672 41.40437316894531 
77.88724517822266 41.40437316894531 
77.88724517822266 41.49739456176758 
> -Z8.763725054450333e-05 
77.8912582397461 41.58735275268555 
78.00689697265625 41.58735275268555 
78.00689697265625 41.49432373046875 
77.8912582397461 41.49432373046875 
77.8912582397461 41.58735275268555 
> -Z0.0018874112283810973 
77.89527893066406 41.677310943603516 
78.01107025146484 41.677310943603516 
78.01107025146484 41.58427429199219 
77.89527893066406 41.58427429199219 
77.89527893066406 41.677310943603516 
> -Z0.0022593699395656586 
77.89932250976562 41.76726531982422 
78.0152587890625 41.76726531982422 
78.0152587890625 41.67422103881836 
77.89932250976562 41.67422103881836 
77.89932250976562 41.76726531982422 
> -Z0.006781945936381817 
77.90338897705078 41.85721969604492 
78.01947021484375 41.85721969604492 
78.01947021484375 41.76416778564453 
77.90338897705078 41.76416778564453 
77.90338897705078 41.85721969604492 
> -Z0.00939911138266325 
77.907470703125 41.94717025756836 
78.0237045288086 41.94717025756836 
78.0237045288086 41.85411071777344 
77.907470703125 41.85411071777344 
77.907470703125 41.94717025756836 
> -Z0.011865625157952309 
78.04081726074219 42.213871002197266 
78.15731048583984 42.213871002197266 
78.15731048583984 42.120670318603516 
78.04081726074219 42.120670318603516 
78.04081726074219 42.213871002197266 
> -Z0.015577388927340508 
77.91156768798828 42.0371208190918 
78.0279541015625 42.0371208190918 
78.0279541015625 41.944053649902344 
77.91156768798828 41.944053649902344 
77.91156768798828 42.0371208190918 
> -Z0.01691051572561264 
77.91568756103516 42.127071380615234 
78.03221893310547 42.127071380615234 
78.03221893310547 42.03399658203125 
77.91568756103516 42.03399658203125 
77.91568756103516 42.127071380615234 
> -Z0.006046850699931383 
77.9198226928711 42.217018127441406 
78.03651428222656 42.217018127441406 
78.03651428222656 42.12393569946289 
77.9198226928711 42.12393569946289 
77.9198226928711 42.217018127441406 
> -Z0.008415584452450275 
78.2506332397461 41.57774353027344 
78.36572265625 41.57774353027344 
78.36572265625 41.484375 
78.2506332397461 41.484375 
78.2506332397461 41.57774353027344 
> -Z0.009844758547842503 
78.25515747070312 41.66767120361328 
78.37039184570312 41.66767120361328 
78.37039184570312 41.57429122924805 
78.25515747070312 41.57429122924805 
78.25515747070312 41.66767120361328 
> -Z0.015217051841318607 
78.25970458984375 41.75759506225586 
78.37508392333984 41.75759506225586 
78.37508392333984 41.664207458496094 
78.25970458984375 41.664207458496094 
78.25970458984375 41.75759506225586 
> -Z0.019085407257080078 
78.26427459716797 41.84751892089844 
78.37979125976562 41.84751892089844 
78.37979125976562 41.75412368774414 
78.26427459716797 41.75412368774414 
78.26427459716797 41.84751892089844 
> -Z0.017728975042700768 
78.26885986328125 41.937442779541016 
78.38452911376953 41.937442779541016 
78.38452911376953 41.84403610229492 
78.26885986328125 41.84403610229492 
78.26885986328125 41.937442779541016 
> -Z-0.01656697317957878 
77.6120376586914 40.60329055786133 
77.72644805908203 40.60329055786133 
77.72644805908203 40.51057434082031 
77.6120376586914 40.51057434082031 
77.6120376586914 40.60329055786133 
> -Z-0.010506229475140572 
77.61554718017578 40.69328689575195 
77.7301025390625 40.69328689575195 
77.7301025390625 40.60055923461914 
77.61554718017578 40.60055923461914 
77.61554718017578 40.69328689575195 
> -Z-0.010814949870109558 
77.61907958984375 40.78327941894531 
77.73377227783203 40.78327941894531 
77.73377227783203 40.69054412841797 
77.61907958984375 40.69054412841797 
77.61907958984375 40.78327941894531 
> -Z-0.004186750389635563 
77.65157318115234 41.593135833740234 
77.76758575439453 41.593135833740234 
77.76758575439453 41.500335693359375 
77.65157318115234 41.500335693359375 
77.65157318115234 41.593135833740234 
> -Z-0.0025835935957729816 
77.65526580810547 41.683109283447266 
77.77142333984375 41.683109283447266 
77.77142333984375 41.59030532836914 
77.65526580810547 41.59030532836914 
77.65526580810547 41.683109283447266 
> -Z-0.0017542227869853377 
77.65898132324219 41.7730827331543 
77.77528381347656 41.7730827331543 
77.77528381347656 41.68027114868164 
77.65898132324219 41.68027114868164 
77.65898132324219 41.7730827331543 
> -Z0.007078238297253847 
78.130859375 41.58106994628906 
78.24613189697266 41.58106994628906 
78.24613189697266 41.487815856933594 
78.130859375 41.487815856933594 
78.130859375 41.58106994628906 
> -Z0.005553447175770998 
78.13522338867188 41.6710090637207 
78.2506332397461 41.6710090637207 
78.2506332397461 41.57774353027344 
78.13522338867188 41.57774353027344 
78.13522338867188 41.6710090637207 
> -Z0.011923312209546566 
78.13960266113281 41.76094436645508 
78.25515747070312 41.76094436645508 
78.25515747070312 41.66767120361328 
78.13960266113281 41.66767120361328 
78.13960266113281 41.76094436645508 
> -Z-0.02256181836128235 
78.080078125 40.50168228149414 
78.19364929199219 40.50168228149414 
78.19364929199219 40.40852737426758 
78.080078125 40.40852737426758 
78.080078125 40.50168228149414 
> -Z-0.02225888893008232 
78.32017517089844 40.58509063720703 
78.43353271484375 40.58509063720703 
78.43353271484375 40.4917106628418 
78.32017517089844 40.4917106628418 
78.32017517089844 40.58509063720703 
> -Z-0.01884462498128414 
78.32463836669922 40.67502975463867 
78.4381332397461 40.67502975463867 
78.4381332397461 40.58163833618164 
78.32463836669922 40.58163833618164 
78.32463836669922 40.67502975463867 
> -Z-0.011457904241979122 
78.3291244506836 40.76496124267578 
78.44275665283203 40.76496124267578 
78.44275665283203 40.67156219482422 
78.3291244506836 40.67156219482422 
78.3291244506836 40.76496124267578 
> -Z0.013660271652042866 
78.1484146118164 41.94081115722656 
78.26427459716797 41.94081115722656 
78.26427459716797 41.84751892089844 
78.1484146118164 41.84751892089844 
78.1484146118164 41.94081115722656 
> -Z0.012750712223351002 
78.1528549194336 42.03074264526367 
78.26885986328125 42.03074264526367 
78.26885986328125 41.937442779541016 
78.1528549194336 41.937442779541016 
78.1528549194336 42.03074264526367 
> -Z0.019864026457071304 
78.15731048583984 42.120670318603516 
78.27346801757812 42.120670318603516 
78.27346801757812 42.02736282348633 
78.15731048583984 42.02736282348633 
78.15731048583984 42.120670318603516 
> -Z0.013796593993902206 
78.16178894042969 42.21059799194336 
78.27809143066406 42.21059799194336 
78.27809143066406 42.117279052734375 
78.16178894042969 42.117279052734375 
78.16178894042969 42.21059799194336 
> -Z-0.023638656362891197 
78.19791412353516 40.498477935791016 
78.31130981445312 40.498477935791016 
78.31130981445312 40.40521240234375 
78.19791412353516 40.40521240234375 
78.19791412353516 40.498477935791016 
> -Z-0.021550670266151428 
78.20220184326172 40.58842468261719 
78.31573486328125 40.58842468261719 
78.31573486328125 40.495155334472656 
78.20220184326172 40.495155334472656 
78.20220184326172 40.58842468261719 
> -Z-0.0164533331990242 
78.20650482177734 40.67837142944336 
78.32017517089844 40.67837142944336 
78.32017517089844 40.58509063720703 
78.20650482177734 40.58509063720703 
78.20650482177734 40.67837142944336 
> -Z-0.1304716318845749 
78.64450073242188 41.11565399169922 
78.67296600341797 41.11565399169922 
78.67296600341797 41.09223175048828 
78.64450073242188 41.09223175048828 
78.64450073242188 41.11565399169922 
> -Z-0.13055045902729034 
78.64325714111328 41.093177795410156 
78.67171478271484 41.093177795410156 
78.67171478271484 41.069759368896484 
78.64325714111328 41.069759368896484 
78.64325714111328 41.093177795410156 
> -Z-0.07921703904867172 
78.5826187133789 41.072566986083984 
78.611083984375 41.072566986083984 
78.611083984375 41.049163818359375 
78.5826187133789 41.049163818359375 
78.5826187133789 41.072566986083984 
> -Z-0.10701895505189896 
78.61231994628906 41.07164001464844 
78.6407699584961 41.07164001464844 
78.6407699584961 41.0482292175293 
78.61231994628906 41.0482292175293 
78.61231994628906 41.07164001464844 
> -Z-0.07987494766712189 
78.5813980102539 41.05009078979492 
78.60985565185547 41.05009078979492 
78.60985565185547 41.02668762207031 
78.5813980102539 41.02668762207031 
78.5813980102539 41.05009078979492 
> -Z-0.09714959561824799 
78.611083984375 41.049163818359375 
78.63953399658203 41.049163818359375 
78.63953399658203 41.025753021240234 
78.611083984375 41.025753021240234 
78.611083984375 41.049163818359375 
> -Z-0.025161603465676308 
77.99449157714844 41.224464416503906 
78.10936737060547 41.224464416503906 
78.10936737060547 41.13135528564453 
77.99449157714844 41.13135528564453 
77.99449157714844 41.224464416503906 
> -Z-0.02338712476193905 
77.99860382080078 41.31441879272461 
78.1136245727539 41.31441879272461 
78.1136245727539 41.2213020324707 
77.99860382080078 41.2213020324707 
77.99860382080078 41.31441879272461 
> -Z-0.014763626269996166 
78.00273895263672 41.40437316894531 
78.11790466308594 41.40437316894531 
78.11790466308594 41.311248779296875 
78.00273895263672 41.311248779296875 
78.00273895263672 41.40437316894531 
> -Z-0.0017024542903527617 
78.00689697265625 41.49432373046875 
78.12220764160156 41.49432373046875 
78.12220764160156 41.40119171142578 
78.00689697265625 41.40119171142578 
78.00689697265625 41.49432373046875 
> -Z0.014935926534235477 
78.14399719238281 41.85087966918945 
78.25970458984375 41.85087966918945 
78.25970458984375 41.75759506225586 
78.14399719238281 41.75759506225586 
78.14399719238281 41.85087966918945 
> -Z0.017724839970469475 
78.27346801757812 42.02736282348633 
78.3892822265625 42.02736282348633 
78.3892822265625 41.9339485168457 
78.27346801757812 41.9339485168457 
78.27346801757812 42.02736282348633 
> -Z0.017924446612596512 
78.27809143066406 42.117279052734375 
78.39405822753906 42.117279052734375 
78.39405822753906 42.02385711669922 
78.27809143066406 42.02385711669922 
78.27809143066406 42.117279052734375 
> -Z0.021147778257727623 
78.28274536132812 42.20719528198242 
78.39885711669922 42.20719528198242 
78.39885711669922 42.11376190185547 
78.28274536132812 42.11376190185547 
78.28274536132812 42.20719528198242 
> -Z-0.02421385981142521 
78.31573486328125 40.495155334472656 
78.428955078125 40.495155334472656 
78.428955078125 40.40177917480469 
78.31573486328125 40.40177917480469 
78.31573486328125 40.495155334472656 
> -Z-0.008425405248999596 
78.21517181396484 40.85826110839844 
78.3291244506836 40.85826110839844 
78.3291244506836 40.76496124267578 
78.21517181396484 40.76496124267578 
78.21517181396484 40.85826110839844 
> -Z-0.014639543369412422 
78.21953582763672 40.948204040527344 
78.33362579345703 40.948204040527344 
78.33362579345703 40.854896545410156 
78.21953582763672 40.854896545410156 
78.21953582763672 40.948204040527344 
> -Z-0.010131129063665867 
78.22391510009766 41.038143157958984 
78.33815002441406 41.038143157958984 
78.33815002441406 40.944828033447266 
78.22391510009766 40.944828033447266 
78.22391510009766 41.038143157958984 
> -Z-0.012277466244995594 
78.22831726074219 41.128082275390625 
78.34268951416016 41.128082275390625 
78.34268951416016 41.03475570678711 
78.22831726074219 41.03475570678711 
78.22831726074219 41.128082275390625 
> -Z-0.03227325528860092 
78.23274230957031 41.218017578125 
78.34725952148438 41.218017578125 
78.34725952148438 41.12468338012695 
78.23274230957031 41.12468338012695 
78.23274230957031 41.218017578125 
> -Z-0.030632657930254936 
78.2371826171875 41.307952880859375 
78.35183715820312 41.307952880859375 
78.35183715820312 41.21460723876953 
78.2371826171875 41.21460723876953 
78.2371826171875 41.307952880859375 
> -Z-0.01616993173956871 
77.87928771972656 41.31747055053711 
77.99449157714844 41.31747055053711 
77.99449157714844 41.224464416503906 
77.87928771972656 41.224464416503906 
77.87928771972656 41.31747055053711 
> -Z-0.007091153878718615 
78.33362579345703 40.854896545410156 
78.44739532470703 40.854896545410156 
78.44739532470703 40.7614860534668 
78.33362579345703 40.7614860534668 
78.33362579345703 40.854896545410156 
> -Z-0.01313310768455267 
78.33815002441406 40.944828033447266 
78.45205688476562 40.944828033447266 
78.45205688476562 40.851409912109375 
78.33815002441406 40.851409912109375 
78.33815002441406 40.944828033447266 
> -Z-0.005367515608668327 
77.64059448242188 41.32319641113281 
77.75615692138672 41.32319641113281 
77.75615692138672 41.23042297363281 
77.64059448242188 41.23042297363281 
77.64059448242188 41.32319641113281 
> -Z0.0010349837830290198 
77.64424133300781 41.413177490234375 
77.75994873046875 41.413177490234375 
77.75994873046875 41.320396423339844 
77.64424133300781 41.320396423339844 
77.64424133300781 41.413177490234375 
> -Z6.210774881765246e-05 
77.64789581298828 41.50315856933594 
77.76375579833984 41.50315856933594 
77.76375579833984 41.41036605834961 
77.64789581298828 41.41036605834961 
77.64789581298828 41.50315856933594 
> -Z0.007491644471883774 
77.7830581665039 41.860198974609375 
77.89932250976562 41.860198974609375 
77.89932250976562 41.76726531982422 
77.7830581665039 41.76726531982422 
77.7830581665039 41.860198974609375 
> -Z0.005629542283713818 
77.78697204589844 41.95016098022461 
77.90338897705078 41.95016098022461 
77.90338897705078 41.85721969604492 
77.78697204589844 41.85721969604492 
77.78697204589844 41.95016098022461 
> -Z0.015274384059011936 
77.79090118408203 42.040122985839844 
77.907470703125 42.040122985839844 
77.907470703125 41.94717025756836 
77.79090118408203 41.94717025756836 
77.79090118408203 42.040122985839844 
> -Z0.017318854108452797 
77.79484558105469 42.13008117675781 
77.91156768798828 42.13008117675781 
77.91156768798828 42.0371208190918 
77.79484558105469 42.0371208190918 
77.79484558105469 42.13008117675781 
> -Z0.009722965769469738 
77.79881286621094 42.220035552978516 
77.91568756103516 42.220035552978516 
77.91568756103516 42.127071380615234 
77.79881286621094 42.127071380615234 
77.79881286621094 42.220035552978516 
> -Z-0.013330965302884579 
77.98631286621094 41.044551849365234 
78.10089874267578 41.044551849365234 
78.10089874267578 40.95145797729492 
77.98631286621094 40.95145797729492 
77.98631286621094 41.044551849365234 
> -Z-0.018171150237321854 
77.99039459228516 41.1345100402832 
78.1051254272461 41.1345100402832 
78.1051254272461 41.04140853881836 
77.99039459228516 41.04140853881836 
77.99039459228516 41.1345100402832 
> -Z0.006579414010047913 
78.34268951416016 41.03475570678711 
78.45674133300781 41.03475570678711 
78.45674133300781 40.94132995605469 
78.34268951416016 40.94132995605469 
78.34268951416016 41.03475570678711 
> -Z0.04970233887434006 
78.34725952148438 41.12468338012695 
78.40438842773438 41.12468338012695 
78.40438842773438 41.07797622680664 
78.34725952148438 41.07797622680664 
78.34725952148438 41.12468338012695 
> -Z0.11509546637535095 
78.4067153930664 41.12294006347656 
78.43527221679688 41.12294006347656 
78.43527221679688 41.09957504272461 
78.4067153930664 41.09957504272461 
78.4067153930664 41.12294006347656 
> -Z0.16212677955627441 
78.43644714355469 41.12205505371094 
78.4649887084961 41.12205505371094 
78.4649887084961 41.09868240356445 
78.43644714355469 41.09868240356445 
78.43644714355469 41.12205505371094 
> -Z0.10701333731412888 
78.40555572509766 41.10045623779297 
78.43409729003906 41.10045623779297 
78.43409729003906 41.07709503173828 
78.40555572509766 41.07709503173828 
78.40555572509766 41.10045623779297 
> -Z0.132745161652565 
78.43527221679688 41.09957504272461 
78.46380615234375 41.09957504272461 
78.46380615234375 41.07620620727539 
78.43527221679688 41.07620620727539 
78.43527221679688 41.09957504272461 
> -Z0.04175069183111191 
78.344970703125 41.07971954345703 
78.40206909179688 41.07971954345703 
78.40206909179688 41.033016204833984 
78.344970703125 41.033016204833984 
78.344970703125 41.07971954345703 
> -Z0.06902904063463211 
78.40438842773438 41.07797622680664 
78.46144104003906 41.07797622680664 
78.46144104003906 41.031246185302734 
78.40438842773438 41.031246185302734 
78.40438842773438 41.07797622680664 
> -Z-0.018869673833251 
78.35183715820312 41.21460723876953 
78.40904235839844 41.21460723876953 
78.40904235839844 41.16790008544922 
78.35183715820312 41.16790008544922 
78.35183715820312 41.21460723876953 
> -Z0.026427915319800377 
78.41138458251953 41.212860107421875 
78.43997192382812 41.212860107421875 
78.43997192382812 41.189491271972656 
78.41138458251953 41.189491271972656 
78.41138458251953 41.212860107421875 
> -Z0.07367094606161118 
78.44114685058594 41.211971282958984 
78.4697265625 41.211971282958984 
78.4697265625 41.1885986328125 
78.44114685058594 41.1885986328125 
78.44114685058594 41.211971282958984 
> -Z0.027264250442385674 
78.41020965576172 41.19038009643555 
78.43879699707031 41.19038009643555 
78.43879699707031 41.167015075683594 
78.41020965576172 41.167015075683594 
78.41020965576172 41.19038009643555 
> -Z0.07528497278690338 
78.43997192382812 41.189491271972656 
78.46854400634766 41.189491271972656 
78.46854400634766 41.16611862182617 
78.43997192382812 41.16611862182617 
78.43997192382812 41.189491271972656 
> -Z0.009319724515080452 
78.34954833984375 41.169647216796875 
78.4067153930664 41.169647216796875 
78.4067153930664 41.12294006347656 
78.34954833984375 41.12294006347656 
78.34954833984375 41.169647216796875 
> -Z0.05344405397772789 
78.40904235839844 41.16790008544922 
78.4376220703125 41.16790008544922 
78.4376220703125 41.144535064697266 
78.40904235839844 41.144535064697266 
78.40904235839844 41.16790008544922 
> -Z0.1000998392701149 
78.43879699707031 41.167015075683594 
78.46735382080078 41.167015075683594 
78.46735382080078 41.14364242553711 
78.43879699707031 41.14364242553711 
78.43879699707031 41.167015075683594 
> -Z0.08475731313228607 
78.40788269042969 41.14542007446289 
78.43644714355469 41.14542007446289 
78.43644714355469 41.12205505371094 
78.40788269042969 41.12205505371094 
78.40788269042969 41.14542007446289 
> -Z0.1595226675271988 
78.4376220703125 41.144535064697266 
78.46617126464844 41.144535064697266 
78.46617126464844 41.12116241455078 
78.4376220703125 41.12116241455078 
78.4376220703125 41.144535064697266 
> -Z0.03261531889438629 
78.4137191772461 41.257816314697266 
78.47091674804688 41.257816314697266 
78.47091674804688 41.21107864379883 
78.4137191772461 41.21107864379883 
78.4137191772461 41.257816314697266 
> -Z-0.0017508035525679588 
78.36107635498047 41.39445495605469 
78.4756851196289 41.39445495605469 
78.4756851196289 41.30099105834961 
78.36107635498047 41.30099105834961 
78.36107635498047 41.39445495605469 
> -Z0.00648699002340436 
78.36572265625 41.484375 
78.48047637939453 41.484375 
78.48047637939453 41.390899658203125 
78.36572265625 41.390899658203125 
78.36572265625 41.484375 
> -Z0.009828039444983006 
78.5047607421875 41.84042739868164 
78.61990356445312 41.84042739868164 
78.61990356445312 41.74679946899414 
78.5047607421875 41.74679946899414 
78.5047607421875 41.84042739868164 
> -Z0.012528394348919392 
78.50968170166016 41.93032455444336 
78.62496948242188 41.93032455444336 
78.62496948242188 41.83668899536133 
78.50968170166016 41.83668899536133 
78.50968170166016 41.93032455444336 
> -Z0.015158724039793015 
78.5146255493164 42.02022171020508 
78.63005828857422 42.02022171020508 
78.63005828857422 41.926578521728516 
78.5146255493164 41.926578521728516 
78.5146255493164 42.02022171020508 
> -Z0.01571318507194519 
78.51959228515625 42.1101188659668 
78.63516998291016 42.1101188659668 
78.63516998291016 42.01646423339844 
78.51959228515625 42.01646423339844 
78.51959228515625 42.1101188659668 
> -Z0.012576697394251823 
78.37979125976562 41.75412368774414 
78.49497985839844 41.75412368774414 
78.49497985839844 41.660621643066406 
78.37979125976562 41.660621643066406 
78.37979125976562 41.75412368774414 
> -Z0.014984295703470707 
78.38452911376953 41.84403610229492 
78.4998550415039 41.84403610229492 
78.4998550415039 41.75052261352539 
78.38452911376953 41.75052261352539 
78.38452911376953 41.84403610229492 
> -Z0.009991741739213467 
78.75569915771484 42.012577056884766 
78.87074279785156 42.012577056884766 
78.87074279785156 41.918704986572266 
78.75569915771484 41.918704986572266 
78.75569915771484 42.012577056884766 
> -Z0.013845435343682766 
78.76100158691406 42.10245132446289 
78.8761978149414 42.10245132446289 
78.8761978149414 42.008567810058594 
78.76100158691406 42.008567810058594 
78.76100158691406 42.10245132446289 
> -Z0.13461090624332428 
78.5353012084961 41.299171447753906 
78.59243774414062 41.299171447753906 
78.59243774414062 41.25237274169922 
78.5353012084961 41.25237274169922 
78.5353012084961 41.299171447753906 
> -Z0.08925016969442368 
78.47329711914062 41.25603485107422 
78.50188446044922 41.25603485107422 
78.50188446044922 41.23265075683594 
78.47329711914062 41.23265075683594 
78.47329711914062 41.25603485107422 
> -Z0.12633071839809418 
78.50308227539062 41.255130767822266 
78.53166198730469 41.255130767822266 
78.53166198730469 41.23174285888672 
78.50308227539062 41.23174285888672 
78.50308227539062 41.255130767822266 
> -Z0.11792702972888947 
78.47210693359375 41.23355484008789 
78.50068664550781 41.23355484008789 
78.50068664550781 41.210174560546875 
78.47210693359375 41.210174560546875 
78.47210693359375 41.23355484008789 
> -Z0.17585071921348572 
78.50188446044922 41.23265075683594 
78.53044891357422 41.23265075683594 
78.53044891357422 41.209266662597656 
78.50188446044922 41.209266662597656 
78.50188446044922 41.23265075683594 
> -Z0.16315755248069763 
78.53286743164062 41.25421905517578 
78.56143188476562 41.25421905517578 
78.56143188476562 41.2308235168457 
78.53286743164062 41.2308235168457 
78.53286743164062 41.25421905517578 
> -Z0.20981700718402863 
78.56265258789062 41.253299713134766 
78.59120178222656 41.253299713134766 
78.59120178222656 41.229896545410156 
78.56265258789062 41.229896545410156 
78.56265258789062 41.253299713134766 
> -Z0.018680907785892487 
78.3892822265625 41.9339485168457 
78.5047607421875 41.9339485168457 
78.5047607421875 41.84042739868164 
78.3892822265625 41.84042739868164 
78.3892822265625 41.9339485168457 
> -Z0.017678767442703247 
78.39405822753906 42.02385711669922 
78.50968170166016 42.02385711669922 
78.50968170166016 41.93032455444336 
78.39405822753906 41.93032455444336 
78.39405822753906 42.02385711669922 
> -Z0.014260837808251381 
78.39885711669922 42.11376190185547 
78.5146255493164 42.11376190185547 
78.5146255493164 42.02022171020508 
78.39885711669922 42.02022171020508 
78.39885711669922 42.11376190185547 
> -Z0.013379008509218693 
78.40367889404297 42.20366668701172 
78.51959228515625 42.20366668701172 
78.51959228515625 42.1101188659668 
78.40367889404297 42.1101188659668 
78.40367889404297 42.20366668701172 
> -Z0.19657392799854279 
78.46617126464844 41.12116241455078 
78.49470520019531 41.12116241455078 
78.49470520019531 41.09778594970703 
78.46617126464844 41.09778594970703 
78.46617126464844 41.12116241455078 
> -Z0.20269103348255157 
78.49589538574219 41.120262145996094 
78.5244140625 41.120262145996094 
78.5244140625 41.09687805175781 
78.49589538574219 41.09687805175781 
78.49589538574219 41.120262145996094 
> -Z0.1350722759962082 
78.4649887084961 41.09868240356445 
78.4935073852539 41.09868240356445 
78.4935073852539 41.0753059387207 
78.4649887084961 41.0753059387207 
78.4649887084961 41.09868240356445 
> -Z0.10908243060112 
78.49470520019531 41.09778594970703 
78.5232162475586 41.09778594970703 
78.5232162475586 41.07440185546875 
78.49470520019531 41.07440185546875 
78.49470520019531 41.09778594970703 
> -Z-0.00999406911432743 
78.46144104003906 41.031246185302734 
78.51841735839844 41.031246185302734 
78.51841735839844 40.98448944091797 
78.46144104003906 40.98448944091797 
78.46144104003906 41.031246185302734 
> -Z-0.04555726423859596 
78.52081298828125 41.02944564819336 
78.57774353027344 41.02944564819336 
78.57774353027344 40.982662200927734 
78.52081298828125 40.982662200927734 
78.52081298828125 41.02944564819336 
> -Z-0.023883318528532982 
78.45909118652344 40.98628616333008 
78.51602935791016 40.98628616333008 
78.51602935791016 40.93953323364258 
78.45909118652344 40.93953323364258 
78.45909118652344 40.98628616333008 
> -Z-0.0405120812356472 
78.51841735839844 40.98448944091797 
78.57530975341797 40.98448944091797 
78.57530975341797 40.93770980834961 
78.51841735839844 40.93770980834961 
78.51841735839844 40.98448944091797 
> -Z-0.012426966801285744 
78.72435760498047 41.47330856323242 
78.83855438232422 41.47330856323242 
78.83855438232422 41.37949752807617 
78.72435760498047 41.37949752807617 
78.72435760498047 41.47330856323242 
> -Z0.009482307359576225 
78.37039184570312 41.57429122924805 
78.48529052734375 41.57429122924805 
78.48529052734375 41.48080825805664 
78.37039184570312 41.48080825805664 
78.37039184570312 41.57429122924805 
> -Z0.011173775419592857 
78.37508392333984 41.664207458496094 
78.49011993408203 41.664207458496094 
78.49011993408203 41.570716857910156 
78.37508392333984 41.570716857910156 
78.37508392333984 41.664207458496094 
> -Z0.008762394078075886 
78.48529052734375 41.48080825805664 
78.59986114501953 41.48080825805664 
78.59986114501953 41.38722229003906 
78.48529052734375 41.38722229003906 
78.48529052734375 41.48080825805664 
> -Z0.0086291478946805 
78.49011993408203 41.570716857910156 
78.6048355102539 41.570716857910156 
78.6048355102539 41.47711944580078 
78.49011993408203 41.47711944580078 
78.49011993408203 41.570716857910156 
> -Z0.00965859554708004 
78.49497985839844 41.660621643066406 
78.60983276367188 41.660621643066406 
78.60983276367188 41.5670166015625 
78.49497985839844 41.5670166015625 
78.49497985839844 41.660621643066406 
> -Z0.009311240166425705 
78.4998550415039 41.75052261352539 
78.61485290527344 41.75052261352539 
78.61485290527344 41.65690994262695 
78.4998550415039 41.65690994262695 
78.4998550415039 41.75052261352539 
> -Z0.015578980557620525 
78.63516998291016 42.01646423339844 
78.75041198730469 42.01646423339844 
78.75041198730469 41.92270278930664 
78.63516998291016 41.92270278930664 
78.63516998291016 42.01646423339844 
> -Z0.018547646701335907 
78.64031219482422 42.106346130371094 
78.75569915771484 42.106346130371094 
78.75569915771484 42.012577056884766 
78.64031219482422 42.012577056884766 
78.64031219482422 42.106346130371094 
> -Z0.016474556177854538 
78.64546966552734 42.19622802734375 
78.76100158691406 42.19622802734375 
78.76100158691406 42.10245132446289 
78.64546966552734 42.10245132446289 
78.64546966552734 42.19622802734375 
> -Z-0.004287525080144405 
78.72952270507812 41.56319046020508 
78.84385681152344 41.56319046020508 
78.84385681152344 41.4693717956543 
78.72952270507812 41.4693717956543 
78.72952270507812 41.56319046020508 
> -Z0.0011455387575551867 
78.73471069335938 41.653072357177734 
78.84918212890625 41.653072357177734 
78.84918212890625 41.559242248535156 
78.73471069335938 41.559242248535156 
78.73471069335938 41.653072357177734 
> -Z0.006424465216696262 
78.73992156982422 41.742950439453125 
78.85453796386719 41.742950439453125 
78.85453796386719 41.64910888671875 
78.73992156982422 41.64910888671875 
78.73992156982422 41.742950439453125 
> -Z0.007296443916857243 
78.74515533447266 41.832828521728516 
78.85991668701172 41.832828521728516 
78.85991668701172 41.738975524902344 
78.74515533447266 41.738975524902344 
78.74515533447266 41.832828521728516 
> -Z0.009564247913658619 
78.75041198730469 41.92270278930664 
78.86531829833984 41.92270278930664 
78.86531829833984 41.82884216308594 
78.75041198730469 41.82884216308594 
78.75041198730469 41.92270278930664 
> -Z-0.014206675812602043 
78.3564453125 41.30453109741211 
78.4137191772461 41.30453109741211 
78.4137191772461 41.257816314697266 
78.3564453125 41.257816314697266 
78.3564453125 41.30453109741211 
> -Z0.008861827664077282 
78.41606903076172 41.30277633666992 
78.47329711914062 41.30277633666992 
78.47329711914062 41.25603485107422 
78.41606903076172 41.25603485107422 
78.41606903076172 41.30277633666992 
> -Z-0.01927710324525833 
78.35414123535156 41.25957107543945 
78.41138458251953 41.25957107543945 
78.41138458251953 41.212860107421875 
78.35414123535156 41.212860107421875 
78.35414123535156 41.25957107543945 
> -Z0.013334319926798344 
78.52458190917969 42.20001220703125 
78.64031219482422 42.20001220703125 
78.64031219482422 42.106346130371094 
78.52458190917969 42.106346130371094 
78.52458190917969 42.20001220703125 
> -Z-0.02566617541015148 
78.43353271484375 40.4917106628418 
78.54657745361328 40.4917106628418 
78.54657745361328 40.39822769165039 
78.43353271484375 40.39822769165039 
78.43353271484375 40.4917106628418 
> -Z-0.024510473012924194 
78.4381332397461 40.58163833618164 
78.55131530761719 40.58163833618164 
78.55131530761719 40.4881477355957 
78.4381332397461 40.4881477355957 
78.4381332397461 40.58163833618164 
> -Z-0.021585633978247643 
78.44275665283203 40.67156219482422 
78.55606842041016 40.67156219482422 
78.55606842041016 40.57806396484375 
78.44275665283203 40.57806396484375 
78.44275665283203 40.67156219482422 
> -Z-0.014112805016338825 
78.44739532470703 40.7614860534668 
78.56084442138672 40.7614860534668 
78.56084442138672 40.66797637939453 
78.44739532470703 40.66797637939453 
78.44739532470703 40.7614860534668 
> -Z-0.01104216929525137 
78.45205688476562 40.851409912109375 
78.56564331054688 40.851409912109375 
78.56564331054688 40.75788879394531 
78.45205688476562 40.75788879394531 
78.45205688476562 40.851409912109375 
> -Z-0.02381424605846405 
78.45674133300781 40.94132995605469 
78.57046508789062 40.94132995605469 
78.57046508789062 40.847801208496094 
78.45674133300781 40.847801208496094 
78.45674133300781 40.94132995605469 
> -Z0.1426418572664261 
78.65702056884766 41.34039306640625 
78.71409606933594 41.34039306640625 
78.71409606933594 41.29353332519531 
78.65702056884766 41.29353332519531 
78.65702056884766 41.34039306640625 
> -Z0.005201719235628843 
78.6048355102539 41.47711944580078 
78.7192153930664 41.47711944580078 
78.7192153930664 41.3834228515625 
78.6048355102539 41.3834228515625 
78.6048355102539 41.47711944580078 
> -Z0.001906494959257543 
78.60983276367188 41.5670166015625 
78.72435760498047 41.5670166015625 
78.72435760498047 41.47330856323242 
78.60983276367188 41.47330856323242 
78.60983276367188 41.5670166015625 
> -Z0.006294894497841597 
78.61485290527344 41.65690994262695 
78.72952270507812 41.65690994262695 
78.72952270507812 41.56319046020508 
78.61485290527344 41.56319046020508 
78.61485290527344 41.65690994262695 
> -Z0.00782185047864914 
78.61990356445312 41.74679946899414 
78.73471069335938 41.74679946899414 
78.73471069335938 41.653072357177734 
78.61990356445312 41.653072357177734 
78.61990356445312 41.74679946899414 
> -Z0.006282139103859663 
78.62496948242188 41.83668899536133 
78.73992156982422 41.83668899536133 
78.73992156982422 41.742950439453125 
78.62496948242188 41.742950439453125 
78.62496948242188 41.83668899536133 
> -Z0.01133833546191454 
78.63005828857422 41.926578521728516 
78.74515533447266 41.926578521728516 
78.74515533447266 41.832828521728516 
78.63005828857422 41.832828521728516 
78.63005828857422 41.926578521728516 
> -Z0.16929234564304352 
78.52561950683594 41.11935806274414 
78.55413055419922 41.11935806274414 
78.55413055419922 41.09596633911133 
78.52561950683594 41.09596633911133 
78.52561950683594 41.11935806274414 
> -Z0.10724037885665894 
78.55534362792969 41.11844253540039 
78.5838394165039 41.11844253540039 
78.5838394165039 41.09504318237305 
78.55534362792969 41.09504318237305 
78.55534362792969 41.11844253540039 
> -Z0.19601771235466003 
78.53166198730469 41.23174285888672 
78.56021118164062 41.23174285888672 
78.56021118164062 41.20834732055664 
78.53166198730469 41.20834732055664 
78.53166198730469 41.23174285888672 
> -Z0.24585039913654327 
78.56143188476562 41.2308235168457 
78.58997344970703 41.2308235168457 
78.58997344970703 41.20742416381836 
78.56143188476562 41.20742416381836 
78.56143188476562 41.2308235168457 
> -Z0.012108908034861088 
78.48047637939453 41.390899658203125 
78.53773498535156 41.390899658203125 
78.53773498535156 41.34412384033203 
78.48047637939453 41.34412384033203 
78.48047637939453 41.390899658203125 
> -Z0.02925955317914486 
78.54016876220703 41.389076232910156 
78.59738159179688 41.389076232910156 
78.59738159179688 41.3422737121582 
78.54016876220703 41.3422737121582 
78.54016876220703 41.389076232910156 
> -Z0.031120633706450462 
78.47808074951172 41.345943450927734 
78.5353012084961 41.345943450927734 
78.5353012084961 41.299171447753906 
78.47808074951172 41.299171447753906 
78.47808074951172 41.345943450927734 
> -Z0.07583127170801163 
78.53773498535156 41.34412384033203 
78.59490203857422 41.34412384033203 
78.59490203857422 41.297325134277344 
78.53773498535156 41.297325134277344 
78.53773498535156 41.34412384033203 
> -Z0.19763042032718658 
78.59490203857422 41.297325134277344 
78.65199279785156 41.297325134277344 
78.65199279785156 41.25049591064453 
78.59490203857422 41.25049591064453 
78.59490203857422 41.297325134277344 
> -Z0.19916392862796783 
78.65450286865234 41.29544448852539 
78.7115478515625 41.29544448852539 
78.7115478515625 41.24858856201172 
78.65450286865234 41.24858856201172 
78.65450286865234 41.29544448852539 
> -Z0.2516222596168518 
78.59243774414062 41.25237274169922 
78.6209716796875 41.25237274169922 
78.6209716796875 41.228965759277344 
78.59243774414062 41.228965759277344 
78.59243774414062 41.25237274169922 
> -Z-0.057131677865982056 
78.55170440673828 41.05101013183594 
78.5801773071289 41.05101013183594 
78.5801773071289 41.02761459350586 
78.55170440673828 41.02761459350586 
78.55170440673828 41.05101013183594 
> -Z0.12396136671304703 
78.47091674804688 41.21107864379883 
78.49948120117188 41.21107864379883 
78.49948120117188 41.18769836425781 
78.47091674804688 41.18769836425781 
78.47091674804688 41.21107864379883 
> -Z0.20034316182136536 
78.50068664550781 41.210174560546875 
78.52923583984375 41.210174560546875 
78.52923583984375 41.18678665161133 
78.50068664550781 41.18678665161133 
78.50068664550781 41.210174560546875 
> -Z0.13085319101810455 
78.4697265625 41.1885986328125 
78.49828338623047 41.1885986328125 
78.49828338623047 41.165218353271484 
78.4697265625 41.165218353271484 
78.4697265625 41.1885986328125 
> -Z0.18611349165439606 
78.49948120117188 41.18769836425781 
78.52803039550781 41.18769836425781 
78.52803039550781 41.164310455322266 
78.49948120117188 41.164310455322266 
78.49948120117188 41.18769836425781 
> -Z0.22084757685661316 
78.53044891357422 41.209266662597656 
78.55899047851562 41.209266662597656 
78.55899047851562 41.18587112426758 
78.53044891357422 41.18587112426758 
78.53044891357422 41.209266662597656 
> -Z0.2642017602920532 
78.56021118164062 41.20834732055664 
78.5887451171875 41.20834732055664 
78.5887451171875 41.1849479675293 
78.56021118164062 41.1849479675293 
78.56021118164062 41.20834732055664 
> -Z0.23322710394859314 
78.52923583984375 41.18678665161133 
78.55777740478516 41.18678665161133 
78.55777740478516 41.163394927978516 
78.52923583984375 41.163394927978516 
78.52923583984375 41.18678665161133 
> -Z0.27501994371414185 
78.55899047851562 41.18587112426758 
78.58751678466797 41.18587112426758 
78.58751678466797 41.162471771240234 
78.55899047851562 41.162471771240234 
78.55899047851562 41.18587112426758 
> -Z0.15756826102733612 
78.46854400634766 41.16611862182617 
78.4970932006836 41.16611862182617 
78.4970932006836 41.14274215698242 
78.46854400634766 41.14274215698242 
78.46854400634766 41.16611862182617 
> -Z0.21704433858394623 
78.49828338623047 41.165218353271484 
78.52682495117188 41.165218353271484 
78.52682495117188 41.1418342590332 
78.49828338623047 41.1418342590332 
78.49828338623047 41.165218353271484 
> -Z0.22275714576244354 
78.46735382080078 41.14364242553711 
78.49589538574219 41.14364242553711 
78.49589538574219 41.120262145996094 
78.46735382080078 41.120262145996094 
78.46735382080078 41.14364242553711 
> -Z0.27464956045150757 
78.4970932006836 41.14274215698242 
78.52561950683594 41.14274215698242 
78.52561950683594 41.11935806274414 
78.4970932006836 41.11935806274414 
78.4970932006836 41.14274215698242 
> -Z0.27129802107810974 
78.52803039550781 41.164310455322266 
78.55655670166016 41.164310455322266 
78.55655670166016 41.14091873168945 
78.52803039550781 41.14091873168945 
78.52803039550781 41.164310455322266 
> -Z0.28248918056488037 
78.55777740478516 41.163394927978516 
78.58628845214844 41.163394927978516 
78.58628845214844 41.13999557495117 
78.55777740478516 41.13999557495117 
78.55777740478516 41.163394927978516 
> -Z0.2614613473415375 
78.52682495117188 41.1418342590332 
78.55534362792969 41.1418342590332 
78.55534362792969 41.11844253540039 
78.52682495117188 41.11844253540039 
78.52682495117188 41.1418342590332 
> -Z0.20227442681789398 
78.55655670166016 41.14091873168945 
78.5850601196289 41.14091873168945 
78.5850601196289 41.11751937866211 
78.55655670166016 41.11751937866211 
78.55655670166016 41.14091873168945 
> -Z0.06432873755693436 
78.4756851196289 41.30099105834961 
78.53286743164062 41.30099105834961 
78.53286743164062 41.25421905517578 
78.4756851196289 41.25421905517578 
78.4756851196289 41.30099105834961 
> -Z0.06445666402578354 
78.5244140625 41.09687805175781 
78.55291748046875 41.09687805175781 
78.55291748046875 41.073490142822266 
78.5244140625 41.073490142822266 
78.5244140625 41.09687805175781 
> -Z0.00790812075138092 
78.55413055419922 41.09596633911133 
78.5826187133789 41.09596633911133 
78.5826187133789 41.072566986083984 
78.55413055419922 41.072566986083984 
78.55413055419922 41.09596633911133 
> -Z0.07064283639192581 
78.46380615234375 41.07620620727539 
78.49231719970703 41.07620620727539 
78.49231719970703 41.05282974243164 
78.46380615234375 41.05282974243164 
78.46380615234375 41.07620620727539 
> -Z0.041609544306993484 
78.4935073852539 41.0753059387207 
78.52201080322266 41.0753059387207 
78.52201080322266 41.05192565917969 
78.4935073852539 41.05192565917969 
78.4935073852539 41.0753059387207 
> -Z0.028831390663981438 
78.4626235961914 41.05372619628906 
78.49112701416016 41.05372619628906 
78.49112701416016 41.03034973144531 
78.4626235961914 41.03034973144531 
78.4626235961914 41.05372619628906 
> -Z0.0027493860106915236 
78.49231719970703 41.05282974243164 
78.52081298828125 41.05282974243164 
78.52081298828125 41.02944564819336 
78.49231719970703 41.02944564819336 
78.49231719970703 41.05282974243164 
> -Z-0.00010126761480933055 
78.5232162475586 41.07440185546875 
78.55170440673828 41.07440185546875 
78.55170440673828 41.05101013183594 
78.5232162475586 41.05101013183594 
78.5232162475586 41.07440185546875 
> -Z-0.04390306770801544 
78.55291748046875 41.073490142822266 
78.5813980102539 41.073490142822266 
78.5813980102539 41.05009078979492 
78.55291748046875 41.05009078979492 
78.55291748046875 41.073490142822266 
> -Z-0.02604447863996029 
78.52201080322266 41.05192565917969 
78.55049896240234 41.05192565917969 
78.55049896240234 41.028533935546875 
78.52201080322266 41.028533935546875 
78.52201080322266 41.05192565917969 
> -Z0.26713648438453674 
78.6222152709961 41.25143814086914 
78.65074157714844 41.25143814086914 
78.65074157714844 41.228023529052734 
78.6222152709961 41.228023529052734 
78.6222152709961 41.25143814086914 
> -Z0.3020564615726471 
78.59120178222656 41.229896545410156 
78.61973571777344 41.229896545410156 
78.61973571777344 41.20648956298828 
78.59120178222656 41.20648956298828 
78.59120178222656 41.229896545410156 
> -Z0.2999911308288574 
78.6209716796875 41.228965759277344 
78.64949035644531 41.228965759277344 
78.64949035644531 41.20555114746094 
78.6209716796875 41.20555114746094 
78.6209716796875 41.228965759277344 
> -Z0.24172134697437286 
78.65199279785156 41.25049591064453 
78.68051147460938 41.25049591064453 
78.68051147460938 41.227073669433594 
78.65199279785156 41.227073669433594 
78.65199279785156 41.25049591064453 
> -Z0.21319279074668884 
78.68177032470703 41.24954605102539 
78.71027374267578 41.24954605102539 
78.71027374267578 41.22611618041992 
78.68177032470703 41.22611618041992 
78.68177032470703 41.24954605102539 
> -Z0.24783450365066528 
78.65074157714844 41.228023529052734 
78.67925262451172 41.228023529052734 
78.67925262451172 41.2046012878418 
78.65074157714844 41.2046012878418 
78.65074157714844 41.228023529052734 
> -Z0.20465588569641113 
78.68051147460938 41.227073669433594 
78.7090072631836 41.227073669433594 
78.7090072631836 41.203643798828125 
78.68051147460938 41.203643798828125 
78.68051147460938 41.227073669433594 
> -Z0.04580429196357727 
78.59986114501953 41.38722229003906 
78.65702056884766 41.38722229003906 
78.65702056884766 41.34039306640625 
78.59986114501953 41.34039306640625 
78.59986114501953 41.38722229003906 
> -Z0.06435833871364594 
78.65953826904297 41.385337829589844 
78.7166519165039 41.385337829589844 
78.7166519165039 41.338478088378906 
78.65953826904297 41.338478088378906 
78.65953826904297 41.385337829589844 
> -Z0.11815027892589569 
78.59738159179688 41.3422737121582 
78.65450286865234 41.3422737121582 
78.65450286865234 41.29544448852539 
78.59738159179688 41.29544448852539 
78.59738159179688 41.3422737121582 
