> -Z-0.029025888330661442 
78.0842056274414 40.59164047241211 
78.19791412353516 40.59164047241211 
78.19791412353516 40.498477935791016 
78.0842056274414 40.498477935791016 
78.0842056274414 40.59164047241211 
> -Z-0.019045008565214287 
78.08834838867188 40.68159866333008 
78.20220184326172 40.68159866333008 
78.20220184326172 40.58842468261719 
78.08834838867188 40.58842468261719 
78.08834838867188 40.68159866333008 
> -Z-0.012313517431070311 
78.09251403808594 40.77155303955078 
78.20650482177734 40.77155303955078 
78.20650482177734 40.67837142944336 
78.09251403808594 40.67837142944336 
78.09251403808594 40.77155303955078 
> -Z-0.010949296094564364 
78.09669494628906 40.861507415771484 
78.21083068847656 40.861507415771484 
78.21083068847656 40.76831817626953 
78.09669494628906 40.76831817626953 
78.09669494628906 40.861507415771484 
> -Z-0.009589620930126577 
78.10089874267578 40.95145797729492 
78.21517181396484 40.95145797729492 
78.21517181396484 40.85826110839844 
78.10089874267578 40.85826110839844 
78.10089874267578 40.95145797729492 
> -Z0.006139668339304103 
78.1051254272461 41.04140853881836 
78.21953582763672 41.04140853881836 
78.21953582763672 40.948204040527344 
78.1051254272461 40.948204040527344 
78.1051254272461 41.04140853881836 
> -Z0.008711312979310175 
78.01107025146484 41.58427429199219 
78.12652587890625 41.58427429199219 
78.12652587890625 41.49113082885742 
78.01107025146484 41.49113082885742 
78.01107025146484 41.58427429199219 
> -Z0.003310250481872499 
78.0152587890625 41.67422103881836 
78.130859375 41.67422103881836 
78.130859375 41.58106994628906 
78.0152587890625 41.58106994628906 
78.0152587890625 41.67422103881836 
> -Z-0.00022728751892981888 
78.01947021484375 41.76416778564453 
78.13522338867188 41.76416778564453 
78.13522338867188 41.6710090637207 
78.01947021484375 41.6710090637207 
78.01947021484375 41.76416778564453 
> -Z0.011421808690681656 
78.11790466308594 41.311248779296875 
78.23274230957031 41.311248779296875 
78.23274230957031 41.218017578125 
78.11790466308594 41.218017578125 
78.11790466308594 41.311248779296875 
> -Z0.01396136946271503 
78.12220764160156 41.40119171142578 
78.2371826171875 41.40119171142578 
78.2371826171875 41.307952880859375 
78.12220764160156 41.307952880859375 
78.12220764160156 41.40119171142578 
> -Z0.011181852155088969 
78.12652587890625 41.49113082885742 
78.24164581298828 41.49113082885742 
78.24164581298828 41.397884368896484 
78.12652587890625 41.397884368896484 
78.12652587890625 41.49113082885742 
> -Z0.01245573767832751 
77.87139892578125 41.13753890991211 
77.98631286621094 41.13753890991211 
77.98631286621094 41.044551849365234 
77.87139892578125 41.044551849365234 
77.87139892578125 41.13753890991211 
> -Z0.0081094830116803 
77.87533569335938 41.22750473022461 
77.99039459228516 41.22750473022461 
77.99039459228516 41.1345100402832 
77.87533569335938 41.1345100402832 
77.87533569335938 41.22750473022461 
> -Z-0.018700613782208508 
77.72644805908203 40.51057434082031 
77.84054565429688 40.51057434082031 
77.84054565429688 40.417747497558594 
77.72644805908203 40.417747497558594 
77.72644805908203 40.51057434082031 
> -Z-0.01974761630219359 
77.7301025390625 40.60055923461914 
77.84434509277344 40.60055923461914 
77.84434509277344 40.507728576660156 
77.7301025390625 40.507728576660156 
77.7301025390625 40.60055923461914 
> -Z-0.010520412922383832 
77.73377227783203 40.69054412841797 
77.84815216064453 40.69054412841797 
77.84815216064453 40.59770584106445 
77.73377227783203 40.59770584106445 
77.73377227783203 40.69054412841797 
> -Z-0.007711720737069518 
77.73746490478516 40.7805290222168 
77.85198211669922 40.7805290222168 
77.85198211669922 40.68768310546875 
77.73746490478516 40.68768310546875 
77.73746490478516 40.7805290222168 
> -Z0.007502614661313698 
77.66270446777344 41.86305618286133 
77.77915954589844 41.86305618286133 
77.77915954589844 41.77023696899414 
77.66270446777344 41.77023696899414 
77.66270446777344 41.86305618286133 
> -Z-0.010797115288231143 
77.49730682373047 40.69590759277344 
77.6120376586914 40.69590759277344 
77.6120376586914 40.60329055786133 
77.49730682373047 40.60329055786133 
77.49730682373047 40.69590759277344 
> -Z-0.010303312778037928 
77.50067901611328 40.78590774536133 
77.61554718017578 40.78590774536133 
77.61554718017578 40.69328689575195 
77.50067901611328 40.69328689575195 
77.50067901611328 40.78590774536133 
> -Z-0.01162008200874043 
77.50406646728516 40.87590408325195 
77.61907958984375 40.87590408325195 
77.61907958984375 40.78327941894531 
77.50406646728516 40.78327941894531 
77.50406646728516 40.87590408325195 
> -Z-0.0008191194875747255 
77.5074691772461 40.965904235839844 
77.62262725830078 40.965904235839844 
77.62262725830078 40.873268127441406 
77.5074691772461 40.873268127441406 
77.5074691772461 40.965904235839844 
> -Z0.010960139185806225 
77.51087951660156 41.0558967590332 
77.62619018554688 41.0558967590332 
77.62619018554688 40.9632568359375 
77.51087951660156 40.9632568359375 
77.51087951660156 41.0558967590332 
> -Z0.009264723142657097 
77.51431274414062 41.14589309692383 
77.62976837158203 41.14589309692383 
77.62976837158203 41.053245544433594 
77.51431274414062 41.053245544433594 
77.51431274414062 41.14589309692383 
> -Z0.004947123283730662 
77.51776123046875 41.23588562011719 
77.63336181640625 41.23588562011719 
77.63336181640625 41.14323043823242 
77.51776123046875 41.14323043823242 
77.51776123046875 41.23588562011719 
> -Z0.004528599838242588 
77.52122497558594 41.32587432861328 
77.63697052001953 41.32587432861328 
77.63697052001953 41.23321533203125 
77.52122497558594 41.23321533203125 
77.52122497558594 41.32587432861328 
> -Z-0.00879293264571725 
77.74117279052734 40.87051010131836 
77.8558349609375 40.87051010131836 
77.8558349609375 40.77765655517578 
77.74117279052734 40.77765655517578 
77.74117279052734 40.87051010131836 
> -Z-0.0045086692367204105 
77.74488830566406 40.96049118041992 
77.85969543457031 40.96049118041992 
77.85969543457031 40.86763000488281 
77.74488830566406 40.86763000488281 
77.74488830566406 40.96049118041992 
> -Z0.009118082047987572 
77.7486343383789 41.05046844482422 
77.86357879638672 41.05046844482422 
77.86357879638672 40.957603454589844 
77.7486343383789 40.957603454589844 
77.7486343383789 41.05046844482422 
> -Z-0.009978467668384788 
77.62262725830078 40.873268127441406 
77.73746490478516 40.873268127441406 
77.73746490478516 40.7805290222168 
77.62262725830078 40.7805290222168 
77.62262725830078 40.873268127441406 
> -Z-0.0026590363939078664 
77.62619018554688 40.9632568359375 
77.74117279052734 40.9632568359375 
77.74117279052734 40.87051010131836 
77.62619018554688 40.87051010131836 
77.62619018554688 40.9632568359375 
> -Z0.00991238762241465 
77.62976837158203 41.053245544433594 
77.74488830566406 41.053245544433594 
77.74488830566406 40.96049118041992 
77.62976837158203 40.96049118041992 
77.62976837158203 41.053245544433594 
> -Z0.010735756814614555 
77.63336181640625 41.14323043823242 
77.7486343383789 41.14323043823242 
77.7486343383789 41.05046844482422 
77.63336181640625 41.05046844482422 
77.63336181640625 41.14323043823242 
> -Z0.004014922896905478 
77.63697052001953 41.23321533203125 
77.75238800048828 41.23321533203125 
77.75238800048828 41.140445709228516 
77.63697052001953 41.140445709228516 
77.63697052001953 41.23321533203125 
> -Z-0.017982565377028546 
77.49395751953125 40.60590362548828 
77.60853576660156 40.60590362548828 
77.60853576660156 40.51329803466797 
77.49395751953125 40.51329803466797 
77.49395751953125 40.60590362548828 
> -Z0.001142118857404944 
78.0237045288086 41.85411071777344 
78.13960266113281 41.85411071777344 
78.13960266113281 41.76094436645508 
78.0237045288086 41.76094436645508 
78.0237045288086 41.85411071777344 
> -Z-0.028431727010994307 
77.96221923828125 40.504764556884766 
78.07596588134766 40.504764556884766 
78.07596588134766 40.411720275878906 
77.96221923828125 40.411720275878906 
77.96221923828125 40.504764556884766 
> -Z-0.025310521710558948 
77.9661865234375 40.59473419189453 
78.080078125 40.59473419189453 
78.080078125 40.50168228149414 
77.9661865234375 40.50168228149414 
77.9661865234375 40.59473419189453 
> -Z-0.014778574755111589 
77.97017669677734 40.68470001220703 
78.0842056274414 40.68470001220703 
78.0842056274414 40.59164047241211 
77.97017669677734 40.59164047241211 
77.97017669677734 40.68470001220703 
> -Z-0.00786075246033131 
77.97418212890625 40.77466583251953 
78.08834838867188 40.77466583251953 
78.08834838867188 40.68159866333008 
77.97418212890625 40.68159866333008 
77.97418212890625 40.77466583251953 
> -Z0.010773715750324132 
77.75238800048828 41.140445709228516 
77.86747741699219 41.140445709228516 
77.86747741699219 41.04757308959961 
77.75238800048828 41.04757308959961 
77.75238800048828 41.140445709228516 
> -Z0.005807507178245092 
77.75615692138672 41.23042297363281 
77.87139892578125 41.23042297363281 
77.87139892578125 41.13753890991211 
77.75615692138672 41.13753890991211 
77.75615692138672 41.23042297363281 
> -Z0.010335297627411612 
77.75994873046875 41.320396423339844 
77.87533569335938 41.320396423339844 
77.87533569335938 41.22750473022461 
77.75994873046875 41.22750473022461 
77.75994873046875 41.320396423339844 
> -Z-0.025874886148637304 
78.57046508789062 40.847801208496094 
78.68387603759766 40.847801208496094 
78.68387603759766 40.75416946411133 
78.57046508789062 40.75416946411133 
78.57046508789062 40.847801208496094 
> -Z-0.01175908613692515 
77.85198211669922 40.68768310546875 
77.9661865234375 40.68768310546875 
77.9661865234375 40.59473419189453 
77.85198211669922 40.59473419189453 
77.85198211669922 40.68768310546875 
> -Z-0.006374468134964514 
77.8558349609375 40.77765655517578 
77.97017669677734 40.77765655517578 
77.97017669677734 40.68470001220703 
77.8558349609375 40.68470001220703 
77.8558349609375 40.77765655517578 
> -Z-0.012008659522959441 
77.85969543457031 40.86763000488281 
77.97418212890625 40.86763000488281 
77.97418212890625 40.77466583251953 
77.85969543457031 40.77466583251953 
77.85969543457031 40.86763000488281 
> -Z-0.008766590188068055 
77.86357879638672 40.957603454589844 
77.97821044921875 40.957603454589844 
77.97821044921875 40.864627838134766 
77.86357879638672 40.864627838134766 
77.86357879638672 40.957603454589844 
> -Z0.005701791569546352 
77.86747741699219 41.04757308959961 
77.98224639892578 41.04757308959961 
77.98224639892578 40.95458984375 
77.86747741699219 40.95458984375 
77.86747741699219 41.04757308959961 
> -Z-0.024082123205355754 
77.84434509277344 40.507728576660156 
77.95826721191406 40.507728576660156 
77.95826721191406 40.414794921875 
77.84434509277344 40.414794921875 
77.84434509277344 40.507728576660156 
> -Z-0.02020262233546821 
77.84815216064453 40.59770584106445 
77.96221923828125 40.59770584106445 
77.96221923828125 40.504764556884766 
77.84815216064453 40.504764556884766 
77.84815216064453 40.59770584106445 
> -Z0.02098277198547402 
78.10936737060547 41.13135528564453 
78.22391510009766 41.13135528564453 
78.22391510009766 41.038143157958984 
78.10936737060547 41.038143157958984 
78.10936737060547 41.13135528564453 
> -Z0.01450651830153464 
78.1136245727539 41.2213020324707 
78.22831726074219 41.2213020324707 
78.22831726074219 41.128082275390625 
78.1136245727539 41.128082275390625 
78.1136245727539 41.2213020324707 
> -Z0.019140455835926246 
78.64201354980469 41.070701599121094 
78.69888305664062 41.070701599121094 
78.69888305664062 41.023860931396484 
78.64201354980469 41.023860931396484 
78.64201354980469 41.070701599121094 
> -Z0.030703752311314947 
78.58997344970703 41.20742416381836 
78.61849212646484 41.20742416381836 
78.61849212646484 41.18401336669922 
78.58997344970703 41.18401336669922 
78.58997344970703 41.20742416381836 
> -Z0.04076716508098149 
78.61973571777344 41.20648956298828 
78.64823913574219 41.20648956298828 
78.64823913574219 41.183074951171875 
78.61973571777344 41.183074951171875 
78.61973571777344 41.20648956298828 
> -Z0.05369682795671671 
78.5887451171875 41.1849479675293 
78.61725616455078 41.1849479675293 
78.61725616455078 41.16154098510742 
78.5887451171875 41.16154098510742 
78.5887451171875 41.1849479675293 
> -Z0.08021756276058911 
78.61849212646484 41.18401336669922 
78.6469955444336 41.18401336669922 
78.6469955444336 41.16060256958008 
78.61849212646484 41.16060256958008 
78.61849212646484 41.18401336669922 
> -Z0.03638059755937073 
78.64949035644531 41.20555114746094 
78.67798614501953 41.20555114746094 
78.67798614501953 41.18212890625 
78.64949035644531 41.18212890625 
78.64949035644531 41.20555114746094 
> -Z0.04574291199416483 
78.67925262451172 41.2046012878418 
78.70773315429688 41.2046012878418 
78.70773315429688 41.18117141723633 
78.67925262451172 41.18117141723633 
78.67925262451172 41.2046012878418 
> -Z0.07376849308818487 
78.64823913574219 41.183074951171875 
78.67672729492188 41.183074951171875 
78.67672729492188 41.15965270996094 
78.64823913574219 41.15965270996094 
78.64823913574219 41.183074951171875 
> -Z-0.030403703046642243 
78.57530975341797 40.93770980834961 
78.68885803222656 40.93770980834961 
78.68885803222656 40.84407043457031 
78.57530975341797 40.84407043457031 
78.57530975341797 40.93770980834961 
> -Z-0.004392523255208364 
78.5801773071289 41.02761459350586 
78.6370620727539 41.02761459350586 
78.6370620727539 40.980804443359375 
78.5801773071289 40.980804443359375 
78.5801773071289 41.02761459350586 
> -Z-0.0013609649235193366 
78.63953399658203 41.025753021240234 
78.69637298583984 41.025753021240234 
78.69637298583984 40.978912353515625 
78.63953399658203 40.978912353515625 
78.63953399658203 41.025753021240234 
> -Z-0.022031932838035048 
78.57774353027344 40.982662200927734 
78.63459014892578 40.982662200927734 
78.63459014892578 40.93585205078125 
78.57774353027344 40.93585205078125 
78.57774353027344 40.982662200927734 
> -Z0.07270482686430006 
78.5850601196289 41.11751937866211 
78.6135482788086 41.11751937866211 
78.6135482788086 41.0941162109375 
78.5850601196289 41.0941162109375 
78.5850601196289 41.11751937866211 
> -Z0.04405930113346562 
78.61478424072266 41.1165885925293 
78.64325714111328 41.1165885925293 
78.64325714111328 41.093177795410156 
78.61478424072266 41.093177795410156 
78.61478424072266 41.1165885925293 
> -Z0.05305699725159656 
78.5838394165039 41.09504318237305 
78.61231994628906 41.09504318237305 
78.61231994628906 41.07164001464844 
78.5838394165039 41.07164001464844 
78.5838394165039 41.09504318237305 
> -Z0.04103631893640475 
78.6135482788086 41.0941162109375 
78.64201354980469 41.0941162109375 
78.64201354980469 41.070701599121094 
78.6135482788086 41.070701599121094 
78.6135482788086 41.0941162109375 
> -Z0.015601171229992154 
77.76375579833984 41.41036605834961 
77.87928771972656 41.41036605834961 
77.87928771972656 41.31747055053711 
77.76375579833984 41.31747055053711 
77.76375579833984 41.41036605834961 
> -Z0.010780734489956124 
77.76758575439453 41.500335693359375 
77.88325500488281 41.500335693359375 
77.88325500488281 41.407432556152344 
77.76758575439453 41.407432556152344 
77.76758575439453 41.500335693359375 
> -Z0.0030900014256298076 
77.77142333984375 41.59030532836914 
77.88724517822266 41.59030532836914 
77.88724517822266 41.49739456176758 
77.77142333984375 41.49739456176758 
77.77142333984375 41.59030532836914 
> -Z0.0018378270932947818 
77.77528381347656 41.68027114868164 
77.8912582397461 41.68027114868164 
77.8912582397461 41.58735275268555 
77.77528381347656 41.58735275268555 
77.77528381347656 41.68027114868164 
> -Z-0.0012102171519947809 
77.77915954589844 41.77023696899414 
77.89527893066406 41.77023696899414 
77.89527893066406 41.677310943603516 
77.77915954589844 41.677310943603516 
77.77915954589844 41.77023696899414 
> -Z0.0121847876029034 
78.24164581298828 41.397884368896484 
78.3564453125 41.397884368896484 
78.3564453125 41.30453109741211 
78.24164581298828 41.30453109741211 
78.24164581298828 41.397884368896484 
> -Z0.010889717263769232 
78.24613189697266 41.487815856933594 
78.36107635498047 41.487815856933594 
78.36107635498047 41.39445495605469 
78.24613189697266 41.39445495605469 
78.24613189697266 41.487815856933594 
> -Z0.004162707938369322 
78.0279541015625 41.944053649902344 
78.14399719238281 41.944053649902344 
78.14399719238281 41.85087966918945 
78.0279541015625 41.85087966918945 
78.0279541015625 41.944053649902344 
> -Z0.0034081711305087217 
78.03221893310547 42.03399658203125 
78.1484146118164 42.03399658203125 
78.1484146118164 41.94081115722656 
78.03221893310547 41.94081115722656 
78.03221893310547 42.03399658203125 
> -Z0.012131077166266116 
78.03651428222656 42.12393569946289 
78.1528549194336 42.12393569946289 
78.1528549194336 42.03074264526367 
78.03651428222656 42.03074264526367 
78.03651428222656 42.12393569946289 
> -Z0.06346069248442479 
78.58751678466797 41.162471771240234 
78.61602020263672 41.162471771240234 
78.61602020263672 41.13906478881836 
78.58751678466797 41.13906478881836 
78.58751678466797 41.162471771240234 
> -Z0.028572504962894138 
78.61725616455078 41.16154098510742 
78.64574432373047 41.16154098510742 
78.64574432373047 41.138126373291016 
78.61725616455078 41.138126373291016 
78.61725616455078 41.16154098510742 
> -Z0.05473185966463773 
78.58628845214844 41.13999557495117 
78.61478424072266 41.13999557495117 
78.61478424072266 41.1165885925293 
78.58628845214844 41.1165885925293 
78.58628845214844 41.13999557495117 
> -Z0.04224728000912201 
78.61602020263672 41.13906478881836 
78.64450073242188 41.13906478881836 
78.64450073242188 41.11565399169922 
78.61602020263672 41.11565399169922 
78.61602020263672 41.13906478881836 
> -Z0.003952040859360004 
78.6469955444336 41.16060256958008 
78.67547607421875 41.16060256958008 
78.67547607421875 41.13718032836914 
78.6469955444336 41.13718032836914 
78.6469955444336 41.16060256958008 
> -Z0.016393194706091074 
78.64574432373047 41.138126373291016 
78.6742172241211 41.138126373291016 
78.6742172241211 41.114707946777344 
78.64574432373047 41.114707946777344 
78.64574432373047 41.138126373291016 
> -Z-0.016800678900221782 
78.21083068847656 40.76831817626953 
78.32463836669922 40.76831817626953 
78.32463836669922 40.67502975463867 
78.21083068847656 40.67502975463867 
78.21083068847656 40.76831817626953 
> -Z-0.011281506111021973 
77.97821044921875 40.864627838134766 
78.09251403808594 40.864627838134766 
78.09251403808594 40.77155303955078 
77.97821044921875 40.77155303955078 
77.97821044921875 40.864627838134766 
> -Z-0.007688603014653298 
77.98224639892578 40.95458984375 
78.09669494628906 40.95458984375 
78.09669494628906 40.861507415771484 
77.98224639892578 40.861507415771484 
77.98224639892578 40.95458984375 
> -Z0.011437377846398561 
77.88325500488281 41.407432556152344 
77.99860382080078 41.407432556152344 
77.99860382080078 41.31441879272461 
77.88325500488281 41.31441879272461 
77.88325500488281 41.407432556152344 
> -Z0.012627412392837569 
77.88724517822266 41.49739456176758 
78.00273895263672 41.49739456176758 
78.00273895263672 41.40437316894531 
77.88724517822266 41.40437316894531 
77.88724517822266 41.49739456176758 
> -Z0.00604197650131875 
77.8912582397461 41.58735275268555 
78.00689697265625 41.58735275268555 
78.00689697265625 41.49432373046875 
77.8912582397461 41.49432373046875 
77.8912582397461 41.58735275268555 
> -Z0.002931256921563345 
77.89527893066406 41.677310943603516 
78.01107025146484 41.677310943603516 
78.01107025146484 41.58427429199219 
77.89527893066406 41.58427429199219 
77.89527893066406 41.677310943603516 
> -Z-4.7840661299325144e-05 
77.89932250976562 41.76726531982422 
78.0152587890625 41.76726531982422 
78.0152587890625 41.67422103881836 
77.89932250976562 41.67422103881836 
77.89932250976562 41.76726531982422 
> -Z0.0023563659729315322 
77.90338897705078 41.85721969604492 
78.01947021484375 41.85721969604492 
78.01947021484375 41.76416778564453 
77.90338897705078 41.76416778564453 
77.90338897705078 41.85721969604492 
> -Z0.003713652597053302 
77.907470703125 41.94717025756836 
78.0237045288086 41.94717025756836 
78.0237045288086 41.85411071777344 
77.907470703125 41.85411071777344 
77.907470703125 41.94717025756836 
> -Z0.004652391928707507 
78.04081726074219 42.213871002197266 
78.15731048583984 42.213871002197266 
78.15731048583984 42.120670318603516 
78.04081726074219 42.120670318603516 
78.04081726074219 42.213871002197266 
> -Z0.00918642232092732 
77.91156768798828 42.0371208190918 
78.0279541015625 42.0371208190918 
78.0279541015625 41.944053649902344 
77.91156768798828 41.944053649902344 
77.91156768798828 42.0371208190918 
> -Z0.010154926582566118 
77.91568756103516 42.127071380615234 
78.03221893310547 42.127071380615234 
78.03221893310547 42.03399658203125 
77.91568756103516 42.03399658203125 
77.91568756103516 42.127071380615234 
> -Z-0.0008601791112536807 
77.9198226928711 42.217018127441406 
78.03651428222656 42.217018127441406 
78.03651428222656 42.12393569946289 
77.9198226928711 42.12393569946289 
77.9198226928711 42.217018127441406 
> -Z0.008976972520809225 
78.2506332397461 41.57774353027344 
78.36572265625 41.57774353027344 
78.36572265625 41.484375 
78.2506332397461 41.484375 
78.2506332397461 41.57774353027344 
> -Z0.005524055102404862 
78.25515747070312 41.66767120361328 
78.37039184570312 41.66767120361328 
78.37039184570312 41.57429122924805 
78.25515747070312 41.57429122924805 
78.25515747070312 41.66767120361328 
> -Z0.008740175737382786 
78.25970458984375 41.75759506225586 
78.37508392333984 41.75759506225586 
78.37508392333984 41.664207458496094 
78.25970458984375 41.664207458496094 
78.25970458984375 41.75759506225586 
> -Z0.011766577652388232 
78.26427459716797 41.84751892089844 
78.37979125976562 41.84751892089844 
78.37979125976562 41.75412368774414 
78.26427459716797 41.75412368774414 
78.26427459716797 41.84751892089844 
> -Z0.010157291347233977 
78.26885986328125 41.937442779541016 
78.38452911376953 41.937442779541016 
78.38452911376953 41.84403610229492 
78.26885986328125 41.84403610229492 
78.26885986328125 41.937442779541016 
> -Z-0.018388622765332402 
77.6120376586914 40.60329055786133 
77.72644805908203 40.60329055786133 
77.72644805908203 40.51057434082031 
77.6120376586914 40.51057434082031 
77.6120376586914 40.60329055786133 
> -Z-0.010327748311580311 
77.61554718017578 40.69328689575195 
77.7301025390625 40.69328689575195 
77.7301025390625 40.60055923461914 
77.61554718017578 40.60055923461914 
77.61554718017578 40.69328689575195 
> -Z-0.007931863453473102 
77.61907958984375 40.78327941894531 
77.73377227783203 40.78327941894531 
77.73377227783203 40.69054412841797 
77.61907958984375 40.69054412841797 
77.61907958984375 40.78327941894531 
> -Z0.0011898370895810986 
77.65157318115234 41.593135833740234 
77.76758575439453 41.593135833740234 
77.76758575439453 41.500335693359375 
77.65157318115234 41.500335693359375 
77.65157318115234 41.593135833740234 
> -Z-0.0006478806920877161 
77.65526580810547 41.683109283447266 
77.77142333984375 41.683109283447266 
77.77142333984375 41.59030532836914 
77.65526580810547 41.59030532836914 
77.65526580810547 41.683109283447266 
> -Z-0.002685131053964668 
77.65898132324219 41.7730827331543 
77.77528381347656 41.7730827331543 
77.77528381347656 41.68027114868164 
77.65898132324219 41.68027114868164 
77.65898132324219 41.7730827331543 
> -Z0.01061675598042691 
78.130859375 41.58106994628906 
78.24613189697266 41.58106994628906 
78.24613189697266 41.487815856933594 
78.130859375 41.487815856933594 
78.130859375 41.58106994628906 
> -Z0.0033274902883043207 
78.13522338867188 41.6710090637207 
78.2506332397461 41.6710090637207 
78.2506332397461 41.57774353027344 
78.13522338867188 41.57774353027344 
78.13522338867188 41.6710090637207 
> -Z0.00668894908961868 
78.13960266113281 41.76094436645508 
78.25515747070312 41.76094436645508 
78.25515747070312 41.66767120361328 
78.13960266113281 41.66767120361328 
78.13960266113281 41.76094436645508 
> -Z-0.03163364390364093 
78.080078125 40.50168228149414 
78.19364929199219 40.50168228149414 
78.19364929199219 40.40852737426758 
78.080078125 40.40852737426758 
78.080078125 40.50168228149414 
> -Z-0.03449285798248206 
78.32017517089844 40.58509063720703 
78.43353271484375 40.58509063720703 
78.43353271484375 40.4917106628418 
78.32017517089844 40.4917106628418 
78.32017517089844 40.58509063720703 
> -Z-0.031654499088418483 
78.32463836669922 40.67502975463867 
78.4381332397461 40.67502975463867 
78.4381332397461 40.58163833618164 
78.32463836669922 40.58163833618164 
78.32463836669922 40.67502975463867 
> -Z-0.024372392540128924 
78.3291244506836 40.76496124267578 
78.44275665283203 40.76496124267578 
78.44275665283203 40.67156219482422 
78.3291244506836 40.67156219482422 
78.3291244506836 40.76496124267578 
> -Z0.006391671980944338 
78.1484146118164 41.94081115722656 
78.26427459716797 41.94081115722656 
78.26427459716797 41.84751892089844 
78.1484146118164 41.84751892089844 
78.1484146118164 41.94081115722656 
> -Z0.005290205718557262 
78.1528549194336 42.03074264526367 
78.26885986328125 42.03074264526367 
78.26885986328125 41.937442779541016 
78.1528549194336 41.937442779541016 
78.1528549194336 42.03074264526367 
> -Z0.012406263445165744 
78.15731048583984 42.120670318603516 
78.27346801757812 42.120670318603516 
78.27346801757812 42.02736282348633 
78.15731048583984 42.02736282348633 
78.15731048583984 42.120670318603516 
> -Z0.006406381661480545 
78.16178894042969 42.21059799194336 
78.27809143066406 42.21059799194336 
78.27809143066406 42.117279052734375 
78.16178894042969 42.117279052734375 
78.16178894042969 42.21059799194336 
> -Z-0.034290687047215926 
78.19791412353516 40.498477935791016 
78.31130981445312 40.498477935791016 
78.31130981445312 40.40521240234375 
78.19791412353516 40.40521240234375 
78.19791412353516 40.498477935791016 
> -Z-0.03232924017619608 
78.20220184326172 40.58842468261719 
78.31573486328125 40.58842468261719 
78.31573486328125 40.495155334472656 
78.20220184326172 40.495155334472656 
78.20220184326172 40.58842468261719 
> -Z-0.02702723555067276 
78.20650482177734 40.67837142944336 
78.32017517089844 40.67837142944336 
78.32017517089844 40.58509063720703 
78.20650482177734 40.58509063720703 
78.20650482177734 40.67837142944336 
> -Z0.030112955562388438 
78.64450073242188 41.11565399169922 
78.67296600341797 41.11565399169922 
78.67296600341797 41.09223175048828 
78.64450073242188 41.09223175048828 
78.64450073242188 41.11565399169922 
> -Z0.03160074022803547 
78.64325714111328 41.093177795410156 
78.67171478271484 41.093177795410156 
78.67171478271484 41.069759368896484 
78.64325714111328 41.069759368896484 
78.64325714111328 41.093177795410156 
> -Z0.03212635736119572 
78.5826187133789 41.072566986083984 
78.611083984375 41.072566986083984 
78.611083984375 41.049163818359375 
78.5826187133789 41.049163818359375 
78.5826187133789 41.072566986083984 
> -Z0.02898371161432356 
78.61231994628906 41.07164001464844 
78.6407699584961 41.07164001464844 
78.6407699584961 41.0482292175293 
78.61231994628906 41.0482292175293 
78.61231994628906 41.07164001464844 
> -Z0.014621676476906126 
78.5813980102539 41.05009078979492 
78.60985565185547 41.05009078979492 
78.60985565185547 41.02668762207031 
78.5813980102539 41.02668762207031 
78.5813980102539 41.05009078979492 
> -Z0.014878328439503152 
78.611083984375 41.049163818359375 
78.63953399658203 41.049163818359375 
78.63953399658203 41.025753021240234 
78.611083984375 41.025753021240234 
78.611083984375 41.049163818359375 
> -Z0.01321992712151572 
77.99449157714844 41.224464416503906 
78.10936737060547 41.224464416503906 
78.10936737060547 41.13135528564453 
77.99449157714844 41.13135528564453 
77.99449157714844 41.224464416503906 
> -Z0.010485318226833795 
77.99860382080078 41.31441879272461 
78.1136245727539 41.31441879272461 
78.1136245727539 41.2213020324707 
77.99860382080078 41.2213020324707 
77.99860382080078 41.31441879272461 
> -Z0.009331441687864334 
78.00273895263672 41.40437316894531 
78.11790466308594 41.40437316894531 
78.11790466308594 41.311248779296875 
78.00273895263672 41.311248779296875 
78.00273895263672 41.40437316894531 
> -Z0.011986888441300927 
78.00689697265625 41.49432373046875 
78.12220764160156 41.49432373046875 
78.12220764160156 41.40119171142578 
78.00689697265625 41.40119171142578 
78.00689697265625 41.49432373046875 
> -Z0.008271788047864426 
78.14399719238281 41.85087966918945 
78.25970458984375 41.85087966918945 
78.25970458984375 41.75759506225586 
78.14399719238281 41.75759506225586 
78.14399719238281 41.85087966918945 
> -Z0.010153273497087058 
78.27346801757812 42.02736282348633 
78.3892822265625 42.02736282348633 
78.3892822265625 41.9339485168457 
78.27346801757812 41.9339485168457 
78.27346801757812 42.02736282348633 
> -Z0.010455443147999163 
78.27809143066406 42.117279052734375 
78.39405822753906 42.117279052734375 
78.39405822753906 42.02385711669922 
78.27809143066406 42.02385711669922 
78.27809143066406 42.117279052734375 
> -Z0.013773127975463624 
78.28274536132812 42.20719528198242 
78.39885711669922 42.20719528198242 
78.39885711669922 42.11376190185547 
78.28274536132812 42.11376190185547 
78.28274536132812 42.20719528198242 
> -Z-0.03584771552256723 
78.31573486328125 40.495155334472656 
78.428955078125 40.495155334472656 
78.428955078125 40.40177917480469 
78.31573486328125 40.40177917480469 
78.31573486328125 40.495155334472656 
> -Z-0.014253024756531577 
78.21517181396484 40.85826110839844 
78.3291244506836 40.85826110839844 
78.3291244506836 40.76496124267578 
78.21517181396484 40.76496124267578 
78.21517181396484 40.85826110839844 
> -Z-0.011861922953995598 
78.21953582763672 40.948204040527344 
78.33362579345703 40.948204040527344 
78.33362579345703 40.854896545410156 
78.21953582763672 40.854896545410156 
78.21953582763672 40.948204040527344 
> -Z0.0103292355588069 
78.22391510009766 41.038143157958984 
78.33815002441406 41.038143157958984 
78.33815002441406 40.944828033447266 
78.22391510009766 40.944828033447266 
78.22391510009766 41.038143157958984 
> -Z0.032532406832208746 
78.22831726074219 41.128082275390625 
78.34268951416016 41.128082275390625 
78.34268951416016 41.03475570678711 
78.22831726074219 41.03475570678711 
78.22831726074219 41.128082275390625 
> -Z0.023061582247572376 
78.23274230957031 41.218017578125 
78.34725952148438 41.218017578125 
78.34725952148438 41.12468338012695 
78.23274230957031 41.12468338012695 
78.23274230957031 41.218017578125 
> -Z0.013824981363251707 
78.2371826171875 41.307952880859375 
78.35183715820312 41.307952880859375 
78.35183715820312 41.21460723876953 
78.2371826171875 41.21460723876953 
78.2371826171875 41.307952880859375 
> -Z0.009682859811907366 
77.87928771972656 41.31747055053711 
77.99449157714844 41.31747055053711 
77.99449157714844 41.224464416503906 
77.87928771972656 41.224464416503906 
77.87928771972656 41.31747055053711 
> -Z-0.01870745337892042 
78.33362579345703 40.854896545410156 
78.44739532470703 40.854896545410156 
78.44739532470703 40.7614860534668 
78.33362579345703 40.7614860534668 
78.33362579345703 40.854896545410156 
> -Z-0.019852821893307473 
78.33815002441406 40.944828033447266 
78.45205688476562 40.944828033447266 
78.45205688476562 40.851409912109375 
78.33815002441406 40.851409912109375 
78.33815002441406 40.944828033447266 
> -Z0.009468077236004058 
77.64059448242188 41.32319641113281 
77.75615692138672 41.32319641113281 
77.75615692138672 41.23042297363281 
77.64059448242188 41.23042297363281 
77.64059448242188 41.32319641113281 
> -Z0.01344745017088423 
77.64424133300781 41.413177490234375 
77.75994873046875 41.413177490234375 
77.75994873046875 41.320396423339844 
77.64424133300781 41.320396423339844 
77.64424133300781 41.413177490234375 
> -Z0.009185600823538042 
77.64789581298828 41.50315856933594 
77.76375579833984 41.50315856933594 
77.76375579833984 41.41036605834961 
77.64789581298828 41.41036605834961 
77.64789581298828 41.50315856933594 
> -Z0.004029590591618013 
77.7830581665039 41.860198974609375 
77.89932250976562 41.860198974609375 
77.89932250976562 41.76726531982422 
77.7830581665039 41.76726531982422 
77.7830581665039 41.860198974609375 
> -Z0.0007584112178533721 
77.78697204589844 41.95016098022461 
77.90338897705078 41.95016098022461 
77.90338897705078 41.85721969604492 
77.78697204589844 41.85721969604492 
77.78697204589844 41.95016098022461 
> -Z0.009482541124651571 
77.79090118408203 42.040122985839844 
77.907470703125 42.040122985839844 
77.907470703125 41.94717025756836 
77.79090118408203 41.94717025756836 
77.79090118408203 42.040122985839844 
> -Z0.010982003576897426 
77.79484558105469 42.13008117675781 
77.91156768798828 42.13008117675781 
77.91156768798828 42.0371208190918 
77.79484558105469 42.0371208190918 
77.79484558105469 42.13008117675781 
> -Z0.003079811219190154 
77.79881286621094 42.220035552978516 
77.91568756103516 42.220035552978516 
77.91568756103516 42.127071380615234 
77.79881286621094 42.127071380615234 
77.79881286621094 42.220035552978516 
> -Z0.010932561469600914 
77.98631286621094 41.044551849365234 
78.10089874267578 41.044551849365234 
78.10089874267578 40.95145797729492 
77.98631286621094 40.95145797729492 
77.98631286621094 41.044551849365234 
> -Z0.016280735865757276 
77.99039459228516 41.1345100402832 
78.1051254272461 41.1345100402832 
78.1051254272461 41.04140853881836 
77.99039459228516 41.04140853881836 
77.99039459228516 41.1345100402832 
> -Z0.011249574270435481 
78.34268951416016 41.03475570678711 
78.45674133300781 41.03475570678711 
78.45674133300781 40.94132995605469 
78.34268951416016 40.94132995605469 
78.34268951416016 41.03475570678711 
> -Z0.07679671785859819 
78.34725952148438 41.12468338012695 
78.40438842773438 41.12468338012695 
78.40438842773438 41.07797622680664 
78.34725952148438 41.07797622680664 
78.34725952148438 41.12468338012695 
> -Z0.10641978102672808 
78.4067153930664 41.12294006347656 
78.43527221679688 41.12294006347656 
78.43527221679688 41.09957504272461 
78.4067153930664 41.09957504272461 
78.4067153930664 41.12294006347656 
> -Z0.11614478339547972 
78.43644714355469 41.12205505371094 
78.4649887084961 41.12205505371094 
78.4649887084961 41.09868240356445 
78.43644714355469 41.09868240356445 
78.43644714355469 41.12205505371094 
> -Z0.10630435693685653 
78.40555572509766 41.10045623779297 
78.43409729003906 41.10045623779297 
78.43409729003906 41.07709503173828 
78.40555572509766 41.07709503173828 
78.40555572509766 41.10045623779297 
> -Z0.10773589052497212 
78.43527221679688 41.09957504272461 
78.46380615234375 41.09957504272461 
78.46380615234375 41.07620620727539 
78.43527221679688 41.07620620727539 
78.43527221679688 41.09957504272461 
> -Z0.06409059152356883 
78.344970703125 41.07971954345703 
78.40206909179688 41.07971954345703 
78.40206909179688 41.033016204833984 
78.344970703125 41.033016204833984 
78.344970703125 41.07971954345703 
> -Z0.07037316678526076 
78.40438842773438 41.07797622680664 
78.46144104003906 41.07797622680664 
78.46144104003906 41.031246185302734 
78.40438842773438 41.031246185302734 
78.40438842773438 41.07797622680664 
> -Z0.007961897447980867 
78.35183715820312 41.21460723876953 
78.40904235839844 41.21460723876953 
78.40904235839844 41.16790008544922 
78.35183715820312 41.16790008544922 
78.35183715820312 41.21460723876953 
> -Z0.014943960195847168 
78.41138458251953 41.212860107421875 
78.43997192382812 41.212860107421875 
78.43997192382812 41.189491271972656 
78.41138458251953 41.189491271972656 
78.41138458251953 41.212860107421875 
> -Z0.022233573876992152 
78.44114685058594 41.211971282958984 
78.4697265625 41.211971282958984 
78.4697265625 41.1885986328125 
78.44114685058594 41.1885986328125 
78.44114685058594 41.211971282958984 
> -Z0.010343930431928466 
78.41020965576172 41.19038009643555 
78.43879699707031 41.19038009643555 
78.43879699707031 41.167015075683594 
78.41020965576172 41.167015075683594 
78.41020965576172 41.19038009643555 
> -Z0.011220711102910438 
78.43997192382812 41.189491271972656 
78.46854400634766 41.189491271972656 
78.46854400634766 41.16611862182617 
78.43997192382812 41.16611862182617 
78.43997192382812 41.189491271972656 
> -Z0.03643848908078663 
78.34954833984375 41.169647216796875 
78.4067153930664 41.169647216796875 
78.4067153930664 41.12294006347656 
78.34954833984375 41.12294006347656 
78.34954833984375 41.169647216796875 
> -Z0.034391661669116 
78.40904235839844 41.16790008544922 
78.4376220703125 41.16790008544922 
78.4376220703125 41.144535064697266 
78.40904235839844 41.144535064697266 
78.40904235839844 41.16790008544922 
> -Z0.03052685757429728 
78.43879699707031 41.167015075683594 
78.46735382080078 41.167015075683594 
78.46735382080078 41.14364242553711 
78.43879699707031 41.14364242553711 
78.43879699707031 41.167015075683594 
> -Z0.068830060575221 
78.40788269042969 41.14542007446289 
78.43644714355469 41.14542007446289 
78.43644714355469 41.12205505371094 
78.40788269042969 41.12205505371094 
78.40788269042969 41.14542007446289 
> -Z0.09631866409296679 
78.4376220703125 41.144535064697266 
78.46617126464844 41.144535064697266 
78.46617126464844 41.12116241455078 
78.4376220703125 41.12116241455078 
78.4376220703125 41.144535064697266 
> -Z0.018718791034210803 
78.4137191772461 41.257816314697266 
78.47091674804688 41.257816314697266 
78.47091674804688 41.21107864379883 
78.4137191772461 41.21107864379883 
78.4137191772461 41.257816314697266 
> -Z0.011764807611257283 
78.36107635498047 41.39445495605469 
78.4756851196289 41.39445495605469 
78.4756851196289 41.30099105834961 
78.36107635498047 41.30099105834961 
78.36107635498047 41.39445495605469 
> -Z0.011047458542740767 
78.36572265625 41.484375 
78.48047637939453 41.484375 
78.48047637939453 41.390899658203125 
78.36572265625 41.390899658203125 
78.36572265625 41.484375 
> -Z0.004367223305520716 
78.5047607421875 41.84042739868164 
78.61990356445312 41.84042739868164 
78.61990356445312 41.74679946899414 
78.5047607421875 41.74679946899414 
78.5047607421875 41.84042739868164 
> -Z0.006426953457936118 
78.50968170166016 41.93032455444336 
78.62496948242188 41.93032455444336 
78.62496948242188 41.83668899536133 
78.50968170166016 41.83668899536133 
78.50968170166016 41.93032455444336 
> -Z0.00872781914736535 
78.5146255493164 42.02022171020508 
78.63005828857422 42.02022171020508 
78.63005828857422 41.926578521728516 
78.5146255493164 41.926578521728516 
78.5146255493164 42.02022171020508 
> -Z0.009129410367364452 
78.51959228515625 42.1101188659668 
78.63516998291016 42.1101188659668 
78.63516998291016 42.01646423339844 
78.51959228515625 42.01646423339844 
78.51959228515625 42.1101188659668 
> -Z0.006113909017633496 
78.37979125976562 41.75412368774414 
78.49497985839844 41.75412368774414 
78.49497985839844 41.660621643066406 
78.37979125976562 41.660621643066406 
78.37979125976562 41.75412368774414 
> -Z0.007963449643620751 
78.38452911376953 41.84403610229492 
78.4998550415039 41.84403610229492 
78.4998550415039 41.75052261352539 
78.38452911376953 41.75052261352539 
78.38452911376953 41.84403610229492 
> -Z0.005584113051716787 
78.75569915771484 42.012577056884766 
78.87074279785156 42.012577056884766 
78.87074279785156 41.918704986572266 
78.75569915771484 41.918704986572266 
78.75569915771484 42.012577056884766 
> -Z0.008750286413105716 
78.76100158691406 42.10245132446289 
78.8761978149414 42.10245132446289 
78.8761978149414 42.008567810058594 
78.76100158691406 42.008567810058594 
78.76100158691406 42.10245132446289 
> -Z0.03785773831255439 
78.5353012084961 41.299171447753906 
78.59243774414062 41.299171447753906 
78.59243774414062 41.25237274169922 
78.5353012084961 41.25237274169922 
78.5353012084961 41.299171447753906 
> -Z0.035971006262252886 
78.47329711914062 41.25603485107422 
78.50188446044922 41.25603485107422 
78.50188446044922 41.23265075683594 
78.47329711914062 41.23265075683594 
78.47329711914062 41.25603485107422 
> -Z0.03548963257355735 
78.50308227539062 41.255130767822266 
78.53166198730469 41.255130767822266 
78.53166198730469 41.23174285888672 
78.50308227539062 41.23174285888672 
78.50308227539062 41.255130767822266 
> -Z0.040724795425543886 
78.47210693359375 41.23355484008789 
78.50068664550781 41.23355484008789 
78.50068664550781 41.210174560546875 
78.47210693359375 41.210174560546875 
78.47210693359375 41.23355484008789 
> -Z0.05015997112827428 
78.50188446044922 41.23265075683594 
78.53044891357422 41.23265075683594 
78.53044891357422 41.209266662597656 
78.50188446044922 41.209266662597656 
78.50188446044922 41.23265075683594 
> -Z0.028800803828178928 
78.53286743164062 41.25421905517578 
78.56143188476562 41.25421905517578 
78.56143188476562 41.2308235168457 
78.53286743164062 41.2308235168457 
78.53286743164062 41.25421905517578 
> -Z0.02701239503567865 
78.56265258789062 41.253299713134766 
78.59120178222656 41.253299713134766 
78.59120178222656 41.229896545410156 
78.56265258789062 41.229896545410156 
78.56265258789062 41.253299713134766 
> -Z0.011472365308849852 
78.3892822265625 41.9339485168457 
78.5047607421875 41.9339485168457 
78.5047607421875 41.84042739868164 
78.3892822265625 41.84042739868164 
78.3892822265625 41.9339485168457 
> -Z0.010450901685811746 
78.39405822753906 42.02385711669922 
78.50968170166016 42.02385711669922 
78.50968170166016 41.93032455444336 
78.39405822753906 41.93032455444336 
78.39405822753906 42.02385711669922 
> -Z0.0070912733712035075 
78.39885711669922 42.11376190185547 
78.5146255493164 42.11376190185547 
78.5146255493164 42.02022171020508 
78.39885711669922 42.02022171020508 
78.39885711669922 42.11376190185547 
> -Z0.006252524683131802 
78.40367889404297 42.20366668701172 
78.51959228515625 42.20366668701172 
78.51959228515625 42.1101188659668 
78.40367889404297 42.1101188659668 
78.40367889404297 42.20366668701172 
> -Z0.10655757462322804 
78.46617126464844 41.12116241455078 
78.49470520019531 41.12116241455078 
78.49470520019531 41.09778594970703 
78.46617126464844 41.09778594970703 
78.46617126464844 41.12116241455078 
> -Z0.08065692848859611 
78.49589538574219 41.120262145996094 
78.5244140625 41.120262145996094 
78.5244140625 41.09687805175781 
78.49589538574219 41.09687805175781 
78.49589538574219 41.120262145996094 
> -Z0.08751767979127498 
78.4649887084961 41.09868240356445 
78.4935073852539 41.09868240356445 
78.4935073852539 41.0753059387207 
78.4649887084961 41.0753059387207 
78.4649887084961 41.09868240356445 
> -Z0.05694860276125366 
78.49470520019531 41.09778594970703 
78.5232162475586 41.09778594970703 
78.5232162475586 41.07440185546875 
78.49470520019531 41.07440185546875 
78.49470520019531 41.09778594970703 
> -Z-0.0013638670193791783 
78.46144104003906 41.031246185302734 
78.51841735839844 41.031246185302734 
78.51841735839844 40.98448944091797 
78.46144104003906 40.98448944091797 
78.46144104003906 41.031246185302734 
> -Z-0.008599744377273566 
78.52081298828125 41.02944564819336 
78.57774353027344 41.02944564819336 
78.57774353027344 40.982662200927734 
78.52081298828125 40.982662200927734 
78.52081298828125 41.02944564819336 
> -Z-0.02164929253226704 
78.45909118652344 40.98628616333008 
78.51602935791016 40.98628616333008 
78.51602935791016 40.93953323364258 
78.45909118652344 40.93953323364258 
78.45909118652344 40.98628616333008 
> -Z-0.024366895157867243 
78.51841735839844 40.98448944091797 
78.57530975341797 40.98448944091797 
78.57530975341797 40.93770980834961 
78.51841735839844 40.93770980834961 
78.51841735839844 40.98448944091797 
> -Z0.010145215376251761 
78.72435760498047 41.47330856323242 
78.83855438232422 41.47330856323242 
78.83855438232422 41.37949752807617 
78.72435760498047 41.37949752807617 
78.72435760498047 41.47330856323242 
> -Z0.007554122884090432 
78.37039184570312 41.57429122924805 
78.48529052734375 41.57429122924805 
78.48529052734375 41.48080825805664 
78.37039184570312 41.48080825805664 
78.37039184570312 41.57429122924805 
> -Z0.006085297443215903 
78.37508392333984 41.664207458496094 
78.49011993408203 41.664207458496094 
78.49011993408203 41.570716857910156 
78.37508392333984 41.570716857910156 
78.37508392333984 41.664207458496094 
> -Z0.008831648576038253 
78.48529052734375 41.48080825805664 
78.59986114501953 41.48080825805664 
78.59986114501953 41.38722229003906 
78.48529052734375 41.38722229003906 
78.48529052734375 41.48080825805664 
> -Z0.00866403049282708 
78.49011993408203 41.570716857910156 
78.6048355102539 41.570716857910156 
78.6048355102539 41.47711944580078 
78.49011993408203 41.47711944580078 
78.49011993408203 41.570716857910156 
> -Z0.007273758074454585 
78.49497985839844 41.660621643066406 
78.60983276367188 41.660621643066406 
78.60983276367188 41.5670166015625 
78.49497985839844 41.5670166015625 
78.49497985839844 41.660621643066406 
> -Z0.005012781758846525 
78.4998550415039 41.75052261352539 
78.61485290527344 41.75052261352539 
78.61485290527344 41.65690994262695 
78.4998550415039 41.65690994262695 
78.4998550415039 41.75052261352539 
> -Z0.010221104559601159 
78.63516998291016 42.01646423339844 
78.75041198730469 42.01646423339844 
78.75041198730469 41.92270278930664 
78.63516998291016 41.92270278930664 
78.63516998291016 42.01646423339844 
> -Z0.012713564132949858 
78.64031219482422 42.106346130371094 
78.75569915771484 42.106346130371094 
78.75569915771484 42.012577056884766 
78.64031219482422 42.012577056884766 
78.64031219482422 42.106346130371094 
> -Z0.0102651961952829 
78.64546966552734 42.19622802734375 
78.76100158691406 42.19622802734375 
78.76100158691406 42.10245132446289 
78.64546966552734 42.10245132446289 
78.64546966552734 42.19622802734375 
> -Z0.014489808794949554 
78.72952270507812 41.56319046020508 
78.84385681152344 41.56319046020508 
78.84385681152344 41.4693717956543 
78.72952270507812 41.4693717956543 
78.72952270507812 41.56319046020508 
> -Z0.00938983093067689 
78.73471069335938 41.653072357177734 
78.84918212890625 41.653072357177734 
78.84918212890625 41.559242248535156 
78.73471069335938 41.559242248535156 
78.73471069335938 41.653072357177734 
> -Z0.00901765489509061 
78.73992156982422 41.742950439453125 
78.85453796386719 41.742950439453125 
78.85453796386719 41.64910888671875 
78.73992156982422 41.64910888671875 
78.73992156982422 41.742950439453125 
> -Z0.005969844721689561 
78.74515533447266 41.832828521728516 
78.85991668701172 41.832828521728516 
78.85991668701172 41.738975524902344 
78.74515533447266 41.738975524902344 
78.74515533447266 41.832828521728516 
> -Z0.006355674183045489 
78.75041198730469 41.92270278930664 
78.86531829833984 41.92270278930664 
78.86531829833984 41.82884216308594 
78.75041198730469 41.82884216308594 
78.75041198730469 41.92270278930664 
> -Z0.011312357643262938 
78.3564453125 41.30453109741211 
78.4137191772461 41.30453109741211 
78.4137191772461 41.257816314697266 
78.3564453125 41.257816314697266 
78.3564453125 41.30453109741211 
> -Z0.01040971292320517 
78.41606903076172 41.30277633666992 
78.47329711914062 41.30277633666992 
78.47329711914062 41.25603485107422 
78.41606903076172 41.25603485107422 
78.41606903076172 41.30277633666992 
> -Z0.00796377827253662 
78.35414123535156 41.25957107543945 
78.41138458251953 41.25957107543945 
78.41138458251953 41.212860107421875 
78.35414123535156 41.212860107421875 
78.35414123535156 41.25957107543945 
> -Z0.006662335253158955 
78.52458190917969 42.20001220703125 
78.64031219482422 42.20001220703125 
78.64031219482422 42.106346130371094 
78.52458190917969 42.106346130371094 
78.52458190917969 42.20001220703125 
> -Z-0.037535492435011135 
78.43353271484375 40.4917106628418 
78.54657745361328 40.4917106628418 
78.54657745361328 40.39822769165039 
78.43353271484375 40.39822769165039 
78.43353271484375 40.4917106628418 
> -Z-0.037126716544977914 
78.4381332397461 40.58163833618164 
78.55131530761719 40.58163833618164 
78.55131530761719 40.4881477355957 
78.4381332397461 40.4881477355957 
78.4381332397461 40.58163833618164 
> -Z-0.034897464331765424 
78.44275665283203 40.67156219482422 
78.55606842041016 40.67156219482422 
78.55606842041016 40.57806396484375 
78.44275665283203 40.57806396484375 
78.44275665283203 40.67156219482422 
> -Z-0.027642218876172804 
78.44739532470703 40.7614860534668 
78.56084442138672 40.7614860534668 
78.56084442138672 40.66797637939453 
78.44739532470703 40.66797637939453 
78.44739532470703 40.7614860534668 
> -Z-0.022962079589302076 
78.45205688476562 40.851409912109375 
78.56564331054688 40.851409912109375 
78.56564331054688 40.75788879394531 
78.45205688476562 40.75788879394531 
78.45205688476562 40.851409912109375 
> -Z-0.02888152345470406 
78.45674133300781 40.94132995605469 
78.57046508789062 40.94132995605469 
78.57046508789062 40.847801208496094 
78.45674133300781 40.847801208496094 
78.45674133300781 40.94132995605469 
> -Z0.005808478001651074 
78.65702056884766 41.34039306640625 
78.71409606933594 41.34039306640625 
78.71409606933594 41.29353332519531 
78.65702056884766 41.29353332519531 
78.65702056884766 41.34039306640625 
> -Z0.010891961365430077 
78.6048355102539 41.47711944580078 
78.7192153930664 41.47711944580078 
78.7192153930664 41.3834228515625 
78.6048355102539 41.3834228515625 
78.6048355102539 41.47711944580078 
> -Z0.01274672974485059 
78.60983276367188 41.5670166015625 
78.72435760498047 41.5670166015625 
78.72435760498047 41.47330856323242 
78.60983276367188 41.47330856323242 
78.60983276367188 41.5670166015625 
> -Z0.010857333576336661 
78.61485290527344 41.65690994262695 
78.72952270507812 41.65690994262695 
78.72952270507812 41.56319046020508 
78.61485290527344 41.56319046020508 
78.61485290527344 41.65690994262695 
> -Z0.007608651153328257 
78.61990356445312 41.74679946899414 
78.73471069335938 41.74679946899414 
78.73471069335938 41.653072357177734 
78.61990356445312 41.653072357177734 
78.61990356445312 41.74679946899414 
> -Z0.0033044261606414976 
78.62496948242188 41.83668899536133 
78.73992156982422 41.83668899536133 
78.73992156982422 41.742950439453125 
78.62496948242188 41.742950439453125 
78.62496948242188 41.83668899536133 
> -Z0.006827775151235098 
78.63005828857422 41.926578521728516 
78.74515533447266 41.926578521728516 
78.74515533447266 41.832828521728516 
78.63005828857422 41.832828521728516 
78.63005828857422 41.926578521728516 
> -Z0.062198139102265335 
78.52561950683594 41.11935806274414 
78.55413055419922 41.11935806274414 
78.55413055419922 41.09596633911133 
78.52561950683594 41.09596633911133 
78.52561950683594 41.11935806274414 
> -Z0.07477643740493808 
78.55534362792969 41.11844253540039 
78.5838394165039 41.11844253540039 
78.5838394165039 41.09504318237305 
78.55534362792969 41.09504318237305 
78.55534362792969 41.11844253540039 
> -Z0.016865547329610486 
78.53166198730469 41.23174285888672 
78.56021118164062 41.23174285888672 
78.56021118164062 41.20834732055664 
78.53166198730469 41.20834732055664 
78.53166198730469 41.23174285888672 
> -Z0.012671474189396736 
78.56143188476562 41.2308235168457 
78.58997344970703 41.2308235168457 
78.58997344970703 41.20742416381836 
78.56143188476562 41.20742416381836 
78.56143188476562 41.2308235168457 
> -Z0.009603463253490829 
78.48047637939453 41.390899658203125 
78.53773498535156 41.390899658203125 
78.53773498535156 41.34412384033203 
78.48047637939453 41.34412384033203 
78.48047637939453 41.390899658203125 
> -Z0.013613812663745017 
78.54016876220703 41.389076232910156 
78.59738159179688 41.389076232910156 
78.59738159179688 41.3422737121582 
78.54016876220703 41.3422737121582 
78.54016876220703 41.389076232910156 
> -Z0.018252568344944726 
78.47808074951172 41.345943450927734 
78.5353012084961 41.345943450927734 
78.5353012084961 41.299171447753906 
78.47808074951172 41.299171447753906 
78.47808074951172 41.345943450927734 
> -Z0.032411876308498386 
78.53773498535156 41.34412384033203 
78.59490203857422 41.34412384033203 
78.59490203857422 41.297325134277344 
78.53773498535156 41.297325134277344 
78.53773498535156 41.34412384033203 
> -Z0.019250752726850562 
78.59490203857422 41.297325134277344 
78.65199279785156 41.297325134277344 
78.65199279785156 41.25049591064453 
78.59490203857422 41.25049591064453 
78.59490203857422 41.297325134277344 
> -Z-0.04110134368143545 
78.65450286865234 41.29544448852539 
78.7115478515625 41.29544448852539 
78.7115478515625 41.24858856201172 
78.65450286865234 41.24858856201172 
78.65450286865234 41.29544448852539 
> -Z0.018919840649391506 
78.59243774414062 41.25237274169922 
78.6209716796875 41.25237274169922 
78.6209716796875 41.228965759277344 
78.59243774414062 41.228965759277344 
78.59243774414062 41.25237274169922 
> -Z0.009809752918128939 
78.55170440673828 41.05101013183594 
78.5801773071289 41.05101013183594 
78.5801773071289 41.02761459350586 
78.55170440673828 41.02761459350586 
78.55170440673828 41.05101013183594 
> -Z0.020761311227254456 
78.47091674804688 41.21107864379883 
78.49948120117188 41.21107864379883 
78.49948120117188 41.18769836425781 
78.47091674804688 41.18769836425781 
78.47091674804688 41.21107864379883 
> -Z0.03698767502977826 
78.50068664550781 41.210174560546875 
78.52923583984375 41.210174560546875 
78.52923583984375 41.18678665161133 
78.50068664550781 41.18678665161133 
78.50068664550781 41.210174560546875 
> -Z0.004804772619865866 
78.4697265625 41.1885986328125 
78.49828338623047 41.1885986328125 
78.49828338623047 41.165218353271484 
78.4697265625 41.165218353271484 
78.4697265625 41.1885986328125 
> -Z-0.010547674586944639 
78.49948120117188 41.18769836425781 
78.52803039550781 41.18769836425781 
78.52803039550781 41.164310455322266 
78.49948120117188 41.164310455322266 
78.49948120117188 41.18769836425781 
> -Z-0.004418708913901198 
78.53044891357422 41.209266662597656 
78.55899047851562 41.209266662597656 
78.55899047851562 41.18587112426758 
78.53044891357422 41.18587112426758 
78.53044891357422 41.209266662597656 
> -Z-0.011741299887825518 
78.56021118164062 41.20834732055664 
78.5887451171875 41.20834732055664 
78.5887451171875 41.1849479675293 
78.56021118164062 41.1849479675293 
78.56021118164062 41.20834732055664 
> -Z-0.0258560058560528 
78.52923583984375 41.18678665161133 
78.55777740478516 41.18678665161133 
78.55777740478516 41.163394927978516 
78.52923583984375 41.163394927978516 
78.52923583984375 41.18678665161133 
> -Z-0.014692819160194992 
78.55899047851562 41.18587112426758 
78.58751678466797 41.18587112426758 
78.58751678466797 41.162471771240234 
78.55899047851562 41.162471771240234 
78.55899047851562 41.18587112426758 
> -Z0.020620432057561672 
78.46854400634766 41.16611862182617 
78.4970932006836 41.16611862182617 
78.4970932006836 41.14274215698242 
78.46854400634766 41.14274215698242 
78.46854400634766 41.16611862182617 
> -Z0.007299264299658825 
78.49828338623047 41.165218353271484 
78.52682495117188 41.165218353271484 
78.52682495117188 41.1418342590332 
78.49828338623047 41.1418342590332 
78.49828338623047 41.165218353271484 
> -Z0.09786131031839501 
78.46735382080078 41.14364242553711 
78.49589538574219 41.14364242553711 
78.49589538574219 41.120262145996094 
78.46735382080078 41.120262145996094 
78.46735382080078 41.14364242553711 
> -Z0.08934818212820239 
78.4970932006836 41.14274215698242 
78.52561950683594 41.14274215698242 
78.52561950683594 41.11935806274414 
78.4970932006836 41.11935806274414 
78.4970932006836 41.14274215698242 
> -Z0.01169193460010387 
78.52803039550781 41.164310455322266 
78.55655670166016 41.164310455322266 
78.55655670166016 41.14091873168945 
78.52803039550781 41.14091873168945 
78.52803039550781 41.164310455322266 
> -Z0.03330103811208954 
78.55777740478516 41.163394927978516 
78.58628845214844 41.163394927978516 
78.58628845214844 41.13999557495117 
78.55777740478516 41.13999557495117 
78.55777740478516 41.163394927978516 
> -Z0.05645962719014985 
78.52682495117188 41.1418342590332 
78.55534362792969 41.1418342590332 
78.55534362792969 41.11844253540039 
78.52682495117188 41.11844253540039 
78.52682495117188 41.1418342590332 
> -Z0.052547837186251584 
78.55655670166016 41.14091873168945 
78.5850601196289 41.14091873168945 
78.5850601196289 41.11751937866211 
78.55655670166016 41.11751937866211 
78.55655670166016 41.14091873168945 
> -Z0.026357161040487992 
78.4756851196289 41.30099105834961 
78.53286743164062 41.30099105834961 
78.53286743164062 41.25421905517578 
78.4756851196289 41.25421905517578 
78.4756851196289 41.30099105834961 
> -Z0.04500189538849936 
78.5244140625 41.09687805175781 
78.55291748046875 41.09687805175781 
78.55291748046875 41.073490142822266 
78.5244140625 41.073490142822266 
78.5244140625 41.09687805175781 
> -Z0.052516010425751145 
78.55413055419922 41.09596633911133 
78.5826187133789 41.09596633911133 
78.5826187133789 41.072566986083984 
78.55413055419922 41.072566986083984 
78.55413055419922 41.09596633911133 
> -Z0.05452277845229027 
78.46380615234375 41.07620620727539 
78.49231719970703 41.07620620727539 
78.49231719970703 41.05282974243164 
78.46380615234375 41.05282974243164 
78.46380615234375 41.07620620727539 
> -Z0.034271661621678856 
78.4935073852539 41.0753059387207 
78.52201080322266 41.0753059387207 
78.52201080322266 41.05192565917969 
78.4935073852539 41.05192565917969 
78.4935073852539 41.0753059387207 
> -Z0.028687627568270434 
78.4626235961914 41.05372619628906 
78.49112701416016 41.05372619628906 
78.49112701416016 41.03034973144531 
78.4626235961914 41.03034973144531 
78.4626235961914 41.05372619628906 
> -Z0.013867034900124853 
78.49231719970703 41.05282974243164 
78.52081298828125 41.05282974243164 
78.52081298828125 41.02944564819336 
78.49231719970703 41.02944564819336 
78.49231719970703 41.05282974243164 
> -Z0.024394983293618187 
78.5232162475586 41.07440185546875 
78.55170440673828 41.07440185546875 
78.55170440673828 41.05101013183594 
78.5232162475586 41.05101013183594 
78.5232162475586 41.07440185546875 
> -Z0.026650578065628927 
78.55291748046875 41.073490142822266 
78.5813980102539 41.073490142822266 
78.5813980102539 41.05009078979492 
78.55291748046875 41.05009078979492 
78.55291748046875 41.073490142822266 
> -Z0.009648154155713004 
78.52201080322266 41.05192565917969 
78.55049896240234 41.05192565917969 
78.55049896240234 41.028533935546875 
78.52201080322266 41.028533935546875 
78.52201080322266 41.05192565917969 
> -Z-0.0077317055155291525 
78.6222152709961 41.25143814086914 
78.65074157714844 41.25143814086914 
78.65074157714844 41.228023529052734 
78.6222152709961 41.228023529052734 
78.6222152709961 41.25143814086914 
> -Z0.02393085263992417 
78.59120178222656 41.229896545410156 
78.61973571777344 41.229896545410156 
78.61973571777344 41.20648956298828 
78.59120178222656 41.20648956298828 
78.59120178222656 41.229896545410156 
> -Z0.004440031705258696 
78.6209716796875 41.228965759277344 
78.64949035644531 41.228965759277344 
78.64949035644531 41.20555114746094 
78.6209716796875 41.20555114746094 
78.6209716796875 41.228965759277344 
> -Z-0.049142739680929026 
78.65199279785156 41.25049591064453 
78.68051147460938 41.25049591064453 
78.68051147460938 41.227073669433594 
78.65199279785156 41.227073669433594 
78.65199279785156 41.25049591064453 
> -Z-0.0641299739258796 
78.68177032470703 41.24954605102539 
78.71027374267578 41.24954605102539 
78.71027374267578 41.22611618041992 
78.68177032470703 41.22611618041992 
78.68177032470703 41.24954605102539 
> -Z-0.014911067897830088 
78.65074157714844 41.228023529052734 
78.67925262451172 41.228023529052734 
78.67925262451172 41.2046012878418 
78.65074157714844 41.2046012878418 
78.65074157714844 41.228023529052734 
> -Z-0.010099795397292194 
78.68051147460938 41.227073669433594 
78.7090072631836 41.227073669433594 
78.7090072631836 41.203643798828125 
78.68051147460938 41.203643798828125 
78.68051147460938 41.227073669433594 
> -Z0.013111536401898785 
78.59986114501953 41.38722229003906 
78.65702056884766 41.38722229003906 
78.65702056884766 41.34039306640625 
78.59986114501953 41.34039306640625 
78.59986114501953 41.38722229003906 
> -Z0.01939174566096505 
78.65953826904297 41.385337829589844 
78.7166519165039 41.385337829589844 
78.7166519165039 41.338478088378906 
78.65953826904297 41.338478088378906 
78.65953826904297 41.385337829589844 
> -Z0.029209700899017463 
78.59738159179688 41.3422737121582 
78.65450286865234 41.3422737121582 
78.65450286865234 41.29544448852539 
78.59738159179688 41.29544448852539 
78.59738159179688 41.3422737121582 
