> -Z-0.01744039979927558 
87.29681396484375 28.674861907958984 
87.34783935546875 28.674861907958984 
87.34783935546875 28.629608154296875 
87.29681396484375 28.629608154296875 
87.29681396484375 28.674861907958984 
> -Z-0.01913746519571641 
87.34799194335938 28.674739837646484 
87.3543701171875 28.674739837646484 
87.3543701171875 28.669082641601562 
87.34799194335938 28.669082641601562 
87.34799194335938 28.674739837646484 
> -Z-0.019439408207911332 
87.35438537597656 28.67472267150879 
87.36076354980469 28.67472267150879 
87.36076354980469 28.669065475463867 
87.35438537597656 28.669065475463867 
87.35438537597656 28.67472267150879 
> -Z-0.019438378699089133 
87.34796905517578 28.669097900390625 
87.3543472290039 28.669097900390625 
87.3543472290039 28.663440704345703 
87.34796905517578 28.663440704345703 
87.34796905517578 28.669097900390625 
> -Z-0.019815950839340877 
87.3543701171875 28.669082641601562 
87.36074829101562 28.669082641601562 
87.36074829101562 28.663423538208008 
87.3543701171875 28.663423538208008 
87.3543701171875 28.669082641601562 
> -Z-0.02067514577581034 
87.36078643798828 28.674705505371094 
87.3671646118164 28.674705505371094 
87.3671646118164 28.669048309326172 
87.36078643798828 28.669048309326172 
87.36078643798828 28.674705505371094 
> -Z-0.020839330201233696 
87.36717987060547 28.6746883392334 
87.37036895751953 28.6746883392334 
87.37036895751953 28.671859741210938 
87.36717987060547 28.671859741210938 
87.36717987060547 28.6746883392334 
> -Z-0.022296510147349225 
87.37037658691406 28.674680709838867 
87.37356567382812 28.674680709838867 
87.37356567382812 28.671850204467773 
87.37037658691406 28.671850204467773 
87.37037658691406 28.674680709838867 
> -Z-0.01751440337220249 
87.29656219482422 28.584598541259766 
87.39848327636719 28.584598541259766 
87.39848327636719 28.49407196044922 
87.29656219482422 28.49407196044922 
87.29656219482422 28.584598541259766 
> -Z-0.020545926780709805 
87.36074829101562 28.663423538208008 
87.36711883544922 28.663423538208008 
87.36711883544922 28.657764434814453 
87.36074829101562 28.657764434814453 
87.36074829101562 28.663423538208008 
> -Z-0.021576543807190752 
87.36714172363281 28.663406372070312 
87.37351989746094 28.663406372070312 
87.37351989746094 28.657747268676758 
87.36714172363281 28.657747268676758 
87.36714172363281 28.663406372070312 
> -Z-0.020236279939510146 
87.36072540283203 28.65778160095215 
87.36710357666016 28.65778160095215 
87.36710357666016 28.652124404907227 
87.36072540283203 28.652124404907227 
87.36072540283203 28.65778160095215 
> -Z-0.02086868685270963 
87.36711883544922 28.657764434814453 
87.37349700927734 28.657764434814453 
87.37349700927734 28.6521053314209 
87.36711883544922 28.6521053314209 
87.36711883544922 28.657764434814453 
> -Z-0.023872467876516226 
87.37358093261719 28.674671173095703 
87.37677001953125 28.674671173095703 
87.37677001953125 28.671842575073242 
87.37358093261719 28.671842575073242 
87.37358093261719 28.674671173095703 
> -Z-0.024896684646177995 
87.37677764892578 28.674663543701172 
87.37996673583984 28.674663543701172 
87.37996673583984 28.671833038330078 
87.37677764892578 28.671833038330078 
87.37677764892578 28.674663543701172 
> -Z-0.023628311456832026 
87.37356567382812 28.671850204467773 
87.37675476074219 28.671850204467773 
87.37675476074219 28.669021606445312 
87.37356567382812 28.669021606445312 
87.37356567382812 28.671850204467773 
> -Z-0.021098713989362156 
87.36717224121094 28.6718692779541 
87.370361328125 28.6718692779541 
87.370361328125 28.669038772583008 
87.36717224121094 28.669038772583008 
87.36717224121094 28.6718692779541 
> -Z-0.022192403554076468 
87.37036895751953 28.671859741210938 
87.3735580444336 28.671859741210938 
87.3735580444336 28.669031143188477 
87.37036895751953 28.669031143188477 
87.37036895751953 28.671859741210938 
> -Z-0.020719251239867082 
87.36076354980469 28.669065475463867 
87.36714172363281 28.669065475463867 
87.36714172363281 28.663406372070312 
87.36076354980469 28.663406372070312 
87.36076354980469 28.669065475463867 
> -Z-0.021803440904630888 
87.3671646118164 28.669048309326172 
87.37353515625 28.669048309326172 
87.37353515625 28.663389205932617 
87.3671646118164 28.663389205932617 
87.3671646118164 28.669048309326172 
> -Z-0.019397482738430574 
87.34795379638672 28.6634578704834 
87.36071014404297 28.6634578704834 
87.36071014404297 28.652141571044922 
87.34795379638672 28.652141571044922 
87.34795379638672 28.6634578704834 
> -Z-0.01332687375639646 
87.19429779052734 28.58478355407715 
87.29631042480469 28.58478355407715 
87.29631042480469 28.494333267211914 
87.19429779052734 28.494333267211914 
87.19429779052734 28.58478355407715 
> -Z-0.013920918852201317 
87.19446563720703 28.675046920776367 
87.29656219482422 28.675046920776367 
87.29656219482422 28.584598541259766 
87.19446563720703 28.584598541259766 
87.19446563720703 28.675046920776367 
> -Z-0.014886919644413162 
87.19463348388672 28.765310287475586 
87.29681396484375 28.765310287475586 
87.29681396484375 28.674861907958984 
87.19463348388672 28.674861907958984 
87.19463348388672 28.765310287475586 
> -Z-0.015448250290864642 
87.1948013305664 28.855571746826172 
87.29707336425781 28.855571746826172 
87.29707336425781 28.76512336730957 
87.1948013305664 28.76512336730957 
87.1948013305664 28.855571746826172 
> -Z-0.024165259533683182 
87.37677001953125 28.671842575073242 
87.37995147705078 28.671842575073242 
87.37995147705078 28.66901206970215 
87.37677001953125 28.66901206970215 
87.37677001953125 28.671842575073242 
> -Z-0.02340869822042226 
87.37997436523438 28.674654006958008 
87.38316345214844 28.674654006958008 
87.38316345214844 28.671823501586914 
87.37997436523438 28.671823501586914 
87.37997436523438 28.674654006958008 
> -Z-0.02252206631113758 
87.38317108154297 28.674644470214844 
87.38636016845703 28.674644470214844 
87.38636016845703 28.671815872192383 
87.38317108154297 28.671815872192383 
87.38317108154297 28.674644470214844 
> -Z-0.024777000663192397 
87.37996673583984 28.671833038330078 
87.3831558227539 28.671833038330078 
87.3831558227539 28.669004440307617 
87.37996673583984 28.669004440307617 
87.37996673583984 28.671833038330078 
> -Z-0.016739243768735725 
87.38316345214844 28.671823501586914 
87.3863525390625 28.671823501586914 
87.3863525390625 28.668994903564453 
87.38316345214844 28.668994903564453 
87.38316345214844 28.671823501586914 
> -Z-0.022806370801801926 
87.3735580444336 28.669031143188477 
87.37674713134766 28.669031143188477 
87.37674713134766 28.666200637817383 
87.3735580444336 28.666200637817383 
87.3735580444336 28.669031143188477 
> -Z-0.023140287555627918 
87.37675476074219 28.669021606445312 
87.37994384765625 28.669021606445312 
87.37994384765625 28.66619110107422 
87.37675476074219 28.66619110107422 
87.37675476074219 28.669021606445312 
> -Z-0.021420359177819454 
87.37355041503906 28.666210174560547 
87.37673950195312 28.666210174560547 
87.37673950195312 28.663379669189453 
87.37355041503906 28.663379669189453 
87.37355041503906 28.666210174560547 
> -Z-0.0209359343013663 
87.37674713134766 28.666200637817383 
87.37993621826172 28.666200637817383 
87.37993621826172 28.663372039794922 
87.37674713134766 28.663372039794922 
87.37674713134766 28.666200637817383 
> -Z-0.026126704108993697 
87.37995147705078 28.66901206970215 
87.38314056396484 28.66901206970215 
87.38314056396484 28.666183471679688 
87.37995147705078 28.666183471679688 
87.37995147705078 28.66901206970215 
> -Z-0.013283080892918707 
87.3831558227539 28.669004440307617 
87.38633728027344 28.669004440307617 
87.38633728027344 28.666173934936523 
87.3831558227539 28.666173934936523 
87.3831558227539 28.669004440307617 
> -Z-0.023972970882168994 
87.37994384765625 28.66619110107422 
87.38313293457031 28.66619110107422 
87.38313293457031 28.663362503051758 
87.37994384765625 28.663362503051758 
87.37994384765625 28.66619110107422 
> -Z-0.031094420682404873 
87.38314056396484 28.666183471679688 
87.3863296508789 28.666183471679688 
87.3863296508789 28.663352966308594 
87.38314056396484 28.663352966308594 
87.38314056396484 28.666183471679688 
> -Z-0.03181237869426959 
87.3863754272461 28.67463493347168 
87.38955688476562 28.67463493347168 
87.38955688476562 28.67180633544922 
87.3863754272461 28.67180633544922 
87.3863754272461 28.67463493347168 
> -Z-0.027971276697269606 
87.38957214355469 28.67462730407715 
87.39276123046875 28.67462730407715 
87.39276123046875 28.671796798706055 
87.38957214355469 28.671796798706055 
87.38957214355469 28.67462730407715 
> -Z-0.0244683381091607 
87.38636016845703 28.671815872192383 
87.3895492553711 28.671815872192383 
87.3895492553711 28.66898536682129 
87.38636016845703 28.66898536682129 
87.38636016845703 28.671815872192383 
> -Z-0.028870469911405988 
87.38955688476562 28.67180633544922 
87.39274597167969 28.67180633544922 
87.39274597167969 28.668975830078125 
87.38955688476562 28.668975830078125 
87.38955688476562 28.67180633544922 
> -Z-0.023162040592147506 
87.39276885986328 28.674617767333984 
87.39595794677734 28.674617767333984 
87.39595794677734 28.67178726196289 
87.39276885986328 28.67178726196289 
87.39276885986328 28.674617767333984 
> -Z-0.023715899047395614 
87.39596557617188 28.67460823059082 
87.39915466308594 28.67460823059082 
87.39915466308594 28.671777725219727 
87.39596557617188 28.671777725219727 
87.39596557617188 28.67460823059082 
> -Z-0.026754435242528643 
87.39276123046875 28.671796798706055 
87.39594268798828 28.671796798706055 
87.39594268798828 28.66896629333496 
87.39276123046875 28.66896629333496 
87.39276123046875 28.671796798706055 
> -Z-0.023987528852598833 
87.39595794677734 28.67178726196289 
87.3991470336914 28.67178726196289 
87.3991470336914 28.668956756591797 
87.39595794677734 28.668956756591797 
87.39595794677734 28.67178726196289 
> -Z-0.015204965117307942 
87.3863525390625 28.668994903564453 
87.38954162597656 28.668994903564453 
87.38954162597656 28.66616439819336 
87.3863525390625 28.66616439819336 
87.3863525390625 28.668994903564453 
> -Z-0.027003462366239392 
87.3895492553711 28.66898536682129 
87.39273834228516 28.66898536682129 
87.39273834228516 28.666154861450195 
87.3895492553711 28.666154861450195 
87.3895492553711 28.66898536682129 
> -Z-0.016813988722651205 
87.38633728027344 28.666173934936523 
87.3895263671875 28.666173934936523 
87.3895263671875 28.66334342956543 
87.38633728027344 28.66334342956543 
87.38633728027344 28.666173934936523 
> -Z-0.01977934669964021 
87.38954162597656 28.66616439819336 
87.3927230834961 28.66616439819336 
87.3927230834961 28.663333892822266 
87.38954162597656 28.663333892822266 
87.38954162597656 28.66616439819336 
> -Z-0.027673416884856722 
87.39274597167969 28.668975830078125 
87.39593505859375 28.668975830078125 
87.39593505859375 28.66614532470703 
87.39274597167969 28.66614532470703 
87.39274597167969 28.668975830078125 
> -Z-0.0270779967671526 
87.39594268798828 28.66896629333496 
87.39913177490234 28.66896629333496 
87.39913177490234 28.666135787963867 
87.39594268798828 28.666135787963867 
87.39594268798828 28.66896629333496 
> -Z-0.021969198396815118 
87.39273834228516 28.666154861450195 
87.39592742919922 28.666154861450195 
87.39592742919922 28.663326263427734 
87.39273834228516 28.663326263427734 
87.39273834228516 28.666154861450195 
> -Z-0.02830768361852455 
87.39593505859375 28.66614532470703 
87.39912414550781 28.66614532470703 
87.39912414550781 28.66331672668457 
87.39593505859375 28.66331672668457 
87.39593505859375 28.66614532470703 
> -Z-0.02111056183239228 
87.37353515625 28.663389205932617 
87.37672424316406 28.663389205932617 
87.37672424316406 28.660558700561523 
87.37353515625 28.660558700561523 
87.37353515625 28.663389205932617 
> -Z-0.01941259978989796 
87.37673950195312 28.663379669189453 
87.37992095947266 28.663379669189453 
87.37992095947266 28.660551071166992 
87.37673950195312 28.660551071166992 
87.37673950195312 28.663379669189453 
> -Z-0.020825122719985805 
87.37352752685547 28.660568237304688 
87.37671661376953 28.660568237304688 
87.37671661376953 28.657739639282227 
87.37352752685547 28.657739639282227 
87.37352752685547 28.660568237304688 
> -Z-0.019416671552595754 
87.37672424316406 28.660558700561523 
87.37991333007812 28.660558700561523 
87.37991333007812 28.657730102539062 
87.37672424316406 28.657730102539062 
87.37672424316406 28.660558700561523 
> -Z-0.020445533988790714 
87.37993621826172 28.663372039794922 
87.38312530517578 28.663372039794922 
87.38312530517578 28.660541534423828 
87.37993621826172 28.660541534423828 
87.37993621826172 28.663372039794922 
> -Z-0.0250685265049965 
87.38313293457031 28.663362503051758 
87.38632202148438 28.663362503051758 
87.38632202148438 28.660531997680664 
87.38313293457031 28.660531997680664 
87.38313293457031 28.663362503051758 
> -Z-0.018567768654680687 
87.37992095947266 28.660551071166992 
87.38311004638672 28.660551071166992 
87.38311004638672 28.6577205657959 
87.37992095947266 28.6577205657959 
87.37992095947266 28.660551071166992 
> -Z-0.01940842748893365 
87.38312530517578 28.660541534423828 
87.38630676269531 28.660541534423828 
87.38630676269531 28.657711029052734 
87.38312530517578 28.657711029052734 
87.38312530517578 28.660541534423828 
> -Z-0.020083132517249285 
87.37351989746094 28.657747268676758 
87.37989044189453 28.657747268676758 
87.37989044189453 28.652088165283203 
87.37351989746094 28.652088165283203 
87.37351989746094 28.657747268676758 
> -Z-0.018072352236830874 
87.37991333007812 28.657730102539062 
87.38310241699219 28.657730102539062 
87.38310241699219 28.65489959716797 
87.37991333007812 28.65489959716797 
87.37991333007812 28.657730102539062 
> -Z-0.01720174497170867 
87.38311004638672 28.6577205657959 
87.38629913330078 28.6577205657959 
87.38629913330078 28.654890060424805 
87.38311004638672 28.654890060424805 
87.38311004638672 28.6577205657959 
> -Z-0.018451127857358907 
87.3799057006836 28.654909133911133 
87.38309478759766 28.654909133911133 
87.38309478759766 28.65207862854004 
87.3799057006836 28.65207862854004 
87.3799057006836 28.654909133911133 
> -Z-0.01748483904505179 
87.38310241699219 28.65489959716797 
87.38629150390625 28.65489959716797 
87.38629150390625 28.652070999145508 
87.38310241699219 28.652070999145508 
87.38310241699219 28.65489959716797 
> -Z-0.020679148672892354 
87.3863296508789 28.663352966308594 
87.38951873779297 28.663352966308594 
87.38951873779297 28.6605224609375 
87.3863296508789 28.6605224609375 
87.3863296508789 28.663352966308594 
> -Z-0.018315195830641465 
87.3895263671875 28.66334342956543 
87.39271545410156 28.66334342956543 
87.39271545410156 28.66051483154297 
87.3895263671875 28.66051483154297 
87.3895263671875 28.66334342956543 
> -Z-0.023442253440735784 
87.38632202148438 28.660531997680664 
87.38951110839844 28.660531997680664 
87.38951110839844 28.657703399658203 
87.38632202148438 28.657703399658203 
87.38632202148438 28.660531997680664 
> -Z-0.017920587021576964 
87.38951873779297 28.6605224609375 
87.39270782470703 28.6605224609375 
87.39270782470703 28.65769386291504 
87.38951873779297 28.65769386291504 
87.38951873779297 28.6605224609375 
> -Z-0.017336633634641385 
87.3927230834961 28.663333892822266 
87.39591217041016 28.663333892822266 
87.39591217041016 28.660505294799805 
87.3927230834961 28.660505294799805 
87.3927230834961 28.663333892822266 
> -Z-0.021875350846244368 
87.39592742919922 28.663326263427734 
87.39910888671875 28.663326263427734 
87.39910888671875 28.66049575805664 
87.39592742919922 28.66049575805664 
87.39592742919922 28.663326263427734 
> -Z-0.017642249381317532 
87.39271545410156 28.66051483154297 
87.39590454101562 28.66051483154297 
87.39590454101562 28.657684326171875 
87.39271545410156 28.657684326171875 
87.39271545410156 28.66051483154297 
> -Z-0.014077798297893102 
87.39591217041016 28.660505294799805 
87.39910125732422 28.660505294799805 
87.39910125732422 28.65767478942871 
87.39591217041016 28.65767478942871 
87.39591217041016 28.660505294799805 
> -Z-0.016966412528542307 
87.38630676269531 28.657711029052734 
87.38949584960938 28.657711029052734 
87.38949584960938 28.654882431030273 
87.38630676269531 28.654882431030273 
87.38630676269531 28.657711029052734 
> -Z-0.009534743595080462 
87.38951110839844 28.657703399658203 
87.39269256591797 28.657703399658203 
87.39269256591797 28.65487289428711 
87.38951110839844 28.65487289428711 
87.38951110839844 28.657703399658203 
> -Z-0.01596135900433379 
87.38629913330078 28.654890060424805 
87.38948822021484 28.654890060424805 
87.38948822021484 28.652061462402344 
87.38629913330078 28.652061462402344 
87.38629913330078 28.654890060424805 
> -Z-0.01613462392858168 
87.38949584960938 28.654882431030273 
87.39268493652344 28.654882431030273 
87.39268493652344 28.65205192565918 
87.38949584960938 28.65205192565918 
87.38949584960938 28.654882431030273 
> -Z-0.016488858368366936 
87.39270782470703 28.65769386291504 
87.39588928222656 28.65769386291504 
87.39588928222656 28.654863357543945 
87.39270782470703 28.654863357543945 
87.39270782470703 28.65769386291504 
> -Z-0.014355758068965732 
87.39590454101562 28.657684326171875 
87.39909362792969 28.657684326171875 
87.39909362792969 28.65485382080078 
87.39590454101562 28.65485382080078 
87.39590454101562 28.657684326171875 
> -Z-0.016050347527646572 
87.39269256591797 28.65487289428711 
87.39588165283203 28.65487289428711 
87.39588165283203 28.652042388916016 
87.39269256591797 28.652042388916016 
87.39269256591797 28.65487289428711 
> -Z-0.015100673480473413 
87.39588928222656 28.654863357543945 
87.39907836914062 28.654863357543945 
87.39907836914062 28.65203285217285 
87.39588928222656 28.65203285217285 
87.39588928222656 28.654863357543945 
> -Z-0.019691597650417742 
87.34791564941406 28.65217399597168 
87.36067199707031 28.65217399597168 
87.36067199707031 28.640857696533203 
87.34791564941406 28.640857696533203 
87.34791564941406 28.65217399597168 
> -Z-0.02051231607004642 
87.36071014404297 28.652141571044922 
87.37345886230469 28.652141571044922 
87.37345886230469 28.640823364257812 
87.36071014404297 28.640823364257812 
87.36071014404297 28.652141571044922 
> -Z-0.018845664691399307 
87.3478775024414 28.640892028808594 
87.36063385009766 28.640892028808594 
87.36063385009766 28.629575729370117 
87.3478775024414 28.629575729370117 
87.3478775024414 28.640892028808594 
> -Z-0.019346616305305986 
87.36067199707031 28.640857696533203 
87.37342071533203 28.640857696533203 
87.37342071533203 28.629541397094727 
87.36067199707031 28.629541397094727 
87.36067199707031 28.640857696533203 
> -Z-0.019599096546395415 
87.37349700927734 28.6521053314209 
87.37987518310547 28.6521053314209 
87.37987518310547 28.646446228027344 
87.37349700927734 28.646446228027344 
87.37349700927734 28.6521053314209 
> -Z-0.018112767410714825 
87.37989044189453 28.652088165283203 
87.38626861572266 28.652088165283203 
87.38626861572266 28.64642906188965 
87.37989044189453 28.64642906188965 
87.37989044189453 28.652088165283203 
> -Z-0.019383372109396713 
87.37348175048828 28.646465301513672 
87.37985229492188 28.646465301513672 
87.37985229492188 28.640806198120117 
87.37348175048828 28.640806198120117 
87.37348175048828 28.646465301513672 
> -Z-0.01845903552207699 
87.37987518310547 28.646446228027344 
87.38624572753906 28.646446228027344 
87.38624572753906 28.64078712463379 
87.37987518310547 28.64078712463379 
87.37987518310547 28.646446228027344 
> -Z-0.017035656908202454 
87.38629150390625 28.652070999145508 
87.38947296142578 28.652070999145508 
87.38947296142578 28.649240493774414 
87.38629150390625 28.649240493774414 
87.38629150390625 28.652070999145508 
> -Z-0.01899357755741066 
87.38948822021484 28.652061462402344 
87.3926773071289 28.652061462402344 
87.3926773071289 28.64923095703125 
87.38948822021484 28.64923095703125 
87.38948822021484 28.652061462402344 
> -Z-0.017713652357390322 
87.38627624511719 28.649250030517578 
87.38946533203125 28.649250030517578 
87.38946533203125 28.646419525146484 
87.38627624511719 28.646419525146484 
87.38627624511719 28.649250030517578 
> -Z-0.018355290458002535 
87.38947296142578 28.649240493774414 
87.39266204833984 28.649240493774414 
87.39266204833984 28.64640998840332 
87.38947296142578 28.64640998840332 
87.38947296142578 28.649240493774414 
> -Z-0.01896251811727521 
87.39268493652344 28.65205192565918 
87.3958740234375 28.65205192565918 
87.3958740234375 28.649221420288086 
87.39268493652344 28.649221420288086 
87.39268493652344 28.65205192565918 
> -Z-0.017424794635787767 
87.39588165283203 28.652042388916016 
87.3990707397461 28.652042388916016 
87.3990707397461 28.649211883544922 
87.39588165283203 28.649211883544922 
87.39588165283203 28.652042388916016 
> -Z-0.01839944608277976 
87.3926773071289 28.64923095703125 
87.39585876464844 28.64923095703125 
87.39585876464844 28.646400451660156 
87.3926773071289 28.646400451660156 
87.3926773071289 28.64923095703125 
> -Z-0.01874785263816583 
87.3958740234375 28.649221420288086 
87.39905548095703 28.649221420288086 
87.39905548095703 28.646390914916992 
87.3958740234375 28.646390914916992 
87.3958740234375 28.649221420288086 
> -Z-0.018706122456597554 
87.38626861572266 28.64642906188965 
87.39263916015625 28.64642906188965 
87.39263916015625 28.640769958496094 
87.38626861572266 28.640769958496094 
87.38626861572266 28.64642906188965 
> -Z-0.02114443879794776 
87.39266204833984 28.64640998840332 
87.39904022216797 28.64640998840332 
87.39904022216797 28.640750885009766 
87.39266204833984 28.640750885009766 
87.39266204833984 28.64640998840332 
> -Z-0.018466972497787622 
87.37345886230469 28.640823364257812 
87.3862075805664 28.640823364257812 
87.3862075805664 28.629505157470703 
87.37345886230469 28.629505157470703 
87.37345886230469 28.640823364257812 
> -Z-0.01874788753181595 
87.38624572753906 28.64078712463379 
87.39262390136719 28.64078712463379 
87.39262390136719 28.635128021240234 
87.38624572753906 28.635128021240234 
87.38624572753906 28.64078712463379 
> -Z-0.020425501166864764 
87.39263916015625 28.640769958496094 
87.39901733398438 28.640769958496094 
87.39901733398438 28.635108947753906 
87.39263916015625 28.635108947753906 
87.39263916015625 28.640769958496094 
> -Z-0.018868201888218576 
87.38623046875 28.63514518737793 
87.3926010131836 28.63514518737793 
87.3926010131836 28.629486083984375 
87.38623046875 28.629486083984375 
87.38623046875 28.63514518737793 
> -Z-0.019476757895654607 
87.39262390136719 28.635128021240234 
87.39899444580078 28.635128021240234 
87.39899444580078 28.629467010498047 
87.39262390136719 28.629467010498047 
87.39262390136719 28.635128021240234 
> -Z-0.017435693957194805 
87.29669189453125 28.629730224609375 
87.34769439697266 28.629730224609375 
87.34769439697266 28.584476470947266 
87.29669189453125 28.584476470947266 
87.29669189453125 28.629730224609375 
> -Z-0.018636399481781668 
87.34783935546875 28.629608154296875 
87.37333679199219 28.629608154296875 
87.37333679199219 28.606975555419922 
87.34783935546875 28.606975555419922 
87.34783935546875 28.629608154296875 
> -Z-0.018964662863525678 
87.37342071533203 28.629541397094727 
87.38616180419922 28.629541397094727 
87.38616180419922 28.618221282958984 
87.37342071533203 28.618221282958984 
87.37342071533203 28.629541397094727 
> -Z-0.019525936731926336 
87.3862075805664 28.629505157470703 
87.3989486694336 28.629505157470703 
87.3989486694336 28.61818504333496 
87.3862075805664 28.61818504333496 
87.3862075805664 28.629505157470703 
> -Z-0.01980734818627594 
87.37337493896484 28.618257522583008 
87.38612365722656 28.618257522583008 
87.38612365722656 28.6069393157959 
87.37337493896484 28.6069393157959 
87.37337493896484 28.618257522583008 
> -Z-0.020330087017066838 
87.38616180419922 28.618221282958984 
87.39891052246094 28.618221282958984 
87.39891052246094 28.606901168823242 
87.38616180419922 28.606901168823242 
87.38616180419922 28.618221282958984 
> -Z-0.020791543862938956 
87.34777069091797 28.60704231262207 
87.37326049804688 28.60704231262207 
87.37326049804688 28.584409713745117 
87.34777069091797 28.584409713745117 
87.34777069091797 28.60704231262207 
> -Z-0.021592312685917114 
87.37333679199219 28.606975555419922 
87.3988265991211 28.606975555419922 
87.3988265991211 28.584335327148438 
87.37333679199219 28.584335327148438 
87.37333679199219 28.606975555419922 
> -Z-0.014514945028849435 
87.29707336425781 28.76512336730957 
87.34813690185547 28.76512336730957 
87.34813690185547 28.719871520996094 
87.29707336425781 28.719871520996094 
87.29707336425781 28.76512336730957 
> -Z-0.015730401811705954 
87.3482894897461 28.76500129699707 
87.39933776855469 28.76500129699707 
87.39933776855469 28.719730377197266 
87.3482894897461 28.719730377197266 
87.3482894897461 28.76500129699707 
> -Z-0.015596384978089706 
87.29694366455078 28.719993591308594 
87.34799194335938 28.719993591308594 
87.34799194335938 28.674739837646484 
87.29694366455078 28.674739837646484 
87.29694366455078 28.719993591308594 
> -Z-0.015076820687641362 
87.34813690185547 28.719871520996094 
87.36090087890625 28.719871520996094 
87.36090087890625 28.708555221557617 
87.34813690185547 28.708555221557617 
87.34813690185547 28.719871520996094 
> -Z-0.015342886778419645 
87.3609390258789 28.719837188720703 
87.36731719970703 28.719837188720703 
87.36731719970703 28.71417808532715 
87.3609390258789 28.71417808532715 
87.3609390258789 28.719837188720703 
> -Z-0.01671118186506365 
87.36734008789062 28.719820022583008 
87.37371826171875 28.719820022583008 
87.37371826171875 28.714160919189453 
87.36734008789062 28.714160919189453 
87.36734008789062 28.719820022583008 
> -Z-0.015501948785579103 
87.36092376708984 28.714195251464844 
87.36730194091797 28.714195251464844 
87.36730194091797 28.708538055419922 
87.36092376708984 28.708538055419922 
87.36092376708984 28.714195251464844 
> -Z-0.016289400126346245 
87.36731719970703 28.71417808532715 
87.37369537353516 28.71417808532715 
87.37369537353516 28.708520889282227 
87.36731719970703 28.708520889282227 
87.36731719970703 28.71417808532715 
> -Z-0.014807589355251036 
87.34810638427734 28.708587646484375 
87.3608627319336 28.708587646484375 
87.3608627319336 28.6972713470459 
87.34810638427734 28.6972713470459 
87.34810638427734 28.708587646484375 
> -Z-0.014520429279853515 
87.36090087890625 28.708555221557617 
87.36727905273438 28.708555221557617 
87.36727905273438 28.702896118164062 
87.36090087890625 28.702896118164062 
87.36090087890625 28.708555221557617 
> -Z-0.014704261782833464 
87.36730194091797 28.708538055419922 
87.3736801147461 28.708538055419922 
87.3736801147461 28.702878952026367 
87.36730194091797 28.702878952026367 
87.36730194091797 28.708538055419922 
> -Z-0.019610489647304788 
87.36087799072266 28.702913284301758 
87.36726379394531 28.702913284301758 
87.36726379394531 28.697254180908203 
87.36087799072266 28.697254180908203 
87.36087799072266 28.702913284301758 
> -Z-0.012389621659353499 
87.36727905273438 28.702896118164062 
87.3736572265625 28.702896118164062 
87.3736572265625 28.697237014770508 
87.36727905273438 28.697237014770508 
87.36727905273438 28.702896118164062 
> -Z-0.018233874339310868 
87.37374114990234 28.719802856445312 
87.38011932373047 28.719802856445312 
87.38011932373047 28.714143753051758 
87.37374114990234 28.714143753051758 
87.37374114990234 28.719802856445312 
> -Z-0.019033237174215387 
87.38013458251953 28.719785690307617 
87.38652038574219 28.719785690307617 
87.38652038574219 28.71412467956543 
87.38013458251953 28.71412467956543 
87.38013458251953 28.719785690307617 
> -Z-0.01948992466946814 
87.37371826171875 28.714160919189453 
87.38009643554688 28.714160919189453 
87.38009643554688 28.7085018157959 
87.37371826171875 28.7085018157959 
87.37371826171875 28.714160919189453 
> -Z-0.021530092491129027 
87.38011932373047 28.714143753051758 
87.3864974975586 28.714143753051758 
87.3864974975586 28.708484649658203 
87.38011932373047 28.708484649658203 
87.38011932373047 28.714143753051758 
> -Z-0.02007710612975054 
87.38653564453125 28.71976661682129 
87.39291381835938 28.71976661682129 
87.39291381835938 28.714107513427734 
87.38653564453125 28.714107513427734 
87.38653564453125 28.71976661682129 
> -Z-0.020263380290969704 
87.39293670654297 28.71974754333496 
87.3993148803711 28.71974754333496 
87.3993148803711 28.714088439941406 
87.39293670654297 28.714088439941406 
87.39293670654297 28.71974754333496 
> -Z-0.022422266070697607 
87.38652038574219 28.71412467956543 
87.39289855957031 28.71412467956543 
87.39289855957031 28.708465576171875 
87.38652038574219 28.708465576171875 
87.38652038574219 28.71412467956543 
> -Z-0.021834441992724964 
87.39291381835938 28.714107513427734 
87.3992919921875 28.714107513427734 
87.3992919921875 28.708446502685547 
87.39291381835938 28.708446502685547 
87.39291381835938 28.714107513427734 
> -Z-0.019547385899067092 
87.37369537353516 28.708520889282227 
87.38007354736328 28.708520889282227 
87.38007354736328 28.70285987854004 
87.37369537353516 28.70285987854004 
87.37369537353516 28.708520889282227 
> -Z-0.022892712335778533 
87.38009643554688 28.7085018157959 
87.386474609375 28.7085018157959 
87.386474609375 28.702842712402344 
87.38009643554688 28.702842712402344 
87.38009643554688 28.7085018157959 
> -Z-0.01706213561362951 
87.3736801147461 28.702878952026367 
87.38005828857422 28.702878952026367 
87.38005828857422 28.697219848632812 
87.3736801147461 28.697219848632812 
87.3736801147461 28.702878952026367 
> -Z-0.024488734539082273 
87.38007354736328 28.70285987854004 
87.3864517211914 28.70285987854004 
87.3864517211914 28.697200775146484 
87.38007354736328 28.697200775146484 
87.38007354736328 28.70285987854004 
> -Z-0.024555809625038855 
87.3864974975586 28.708484649658203 
87.39287567138672 28.708484649658203 
87.39287567138672 28.702823638916016 
87.3864974975586 28.702823638916016 
87.3864974975586 28.708484649658203 
> -Z-0.0230110245481793 
87.39289855957031 28.708465576171875 
87.3992691040039 28.708465576171875 
87.3992691040039 28.702804565429688 
87.39289855957031 28.702804565429688 
87.39289855957031 28.708465576171875 
> -Z-0.025413731913943874 
87.386474609375 28.702842712402344 
87.39285278320312 28.702842712402344 
87.39285278320312 28.69718360900879 
87.386474609375 28.69718360900879 
87.386474609375 28.702842712402344 
> -Z-0.02228029699469894 
87.39287567138672 28.702823638916016 
87.39925384521484 28.702823638916016 
87.39925384521484 28.69716453552246 
87.39287567138672 28.69716453552246 
87.39287567138672 28.702823638916016 
> -Z-0.015207169076492121 
87.34806823730469 28.69730567932129 
87.35444641113281 28.69730567932129 
87.35444641113281 28.691646575927734 
87.34806823730469 28.691646575927734 
87.34806823730469 28.69730567932129 
> -Z-0.01640600446019526 
87.35446166992188 28.697288513183594 
87.36083984375 28.697288513183594 
87.36083984375 28.691631317138672 
87.35446166992188 28.691631317138672 
87.35446166992188 28.697288513183594 
> -Z-0.01625098866363678 
87.3480453491211 28.69166374206543 
87.35442352294922 28.69166374206543 
87.35442352294922 28.686006546020508 
87.3480453491211 28.686006546020508 
87.3480453491211 28.69166374206543 
> -Z-0.017037986010057977 
87.35444641113281 28.691646575927734 
87.36082458496094 28.691646575927734 
87.36082458496094 28.685989379882812 
87.35444641113281 28.685989379882812 
87.35444641113281 28.691646575927734 
> -Z-0.0168297332503025 
87.3608627319336 28.6972713470459 
87.36724090576172 28.6972713470459 
87.36724090576172 28.691614151000977 
87.3608627319336 28.691614151000977 
87.3608627319336 28.6972713470459 
> -Z-0.010161722024264427 
87.36726379394531 28.697254180908203 
87.37364196777344 28.697254180908203 
87.37364196777344 28.69159507751465 
87.36726379394531 28.69159507751465 
87.36726379394531 28.697254180908203 
> -Z-0.01666590808287127 
87.36083984375 28.691631317138672 
87.36721801757812 28.691631317138672 
87.36721801757812 28.685972213745117 
87.36083984375 28.685972213745117 
87.36083984375 28.691631317138672 
> -Z-0.022320607807143608 
87.36724090576172 28.691614151000977 
87.37361907958984 28.691614151000977 
87.37361907958984 28.685955047607422 
87.36724090576172 28.685955047607422 
87.36724090576172 28.691614151000977 
> -Z-0.017838230297234848 
87.34803009033203 28.68602180480957 
87.35440826416016 28.68602180480957 
87.35440826416016 28.68036460876465 
87.34803009033203 28.68036460876465 
87.34803009033203 28.68602180480957 
> -Z-0.01834155517127289 
87.35442352294922 28.686006546020508 
87.36080169677734 28.686006546020508 
87.36080169677734 28.680347442626953 
87.35442352294922 28.680347442626953 
87.35442352294922 28.686006546020508 
> -Z-0.018556904542626415 
87.34800720214844 28.680381774902344 
87.35438537597656 28.680381774902344 
87.35438537597656 28.67472267150879 
87.34800720214844 28.67472267150879 
87.34800720214844 28.680381774902344 
> -Z-0.018833914401686858 
87.35440826416016 28.68036460876465 
87.36078643798828 28.68036460876465 
87.36078643798828 28.674705505371094 
87.35440826416016 28.674705505371094 
87.35440826416016 28.68036460876465 
> -Z-0.017857634707217195 
87.36082458496094 28.685989379882812 
87.36720275878906 28.685989379882812 
87.36720275878906 28.680330276489258 
87.36082458496094 28.680330276489258 
87.36082458496094 28.685989379882812 
> -Z-0.019461306352330822 
87.36721801757812 28.685972213745117 
87.37359619140625 28.685972213745117 
87.37359619140625 28.680313110351562 
87.36721801757812 28.680313110351562 
87.36721801757812 28.685972213745117 
> -Z-0.01967016086863974 
87.36080169677734 28.680347442626953 
87.36717987060547 28.680347442626953 
87.36717987060547 28.6746883392334 
87.36080169677734 28.6746883392334 
87.36080169677734 28.680347442626953 
> -Z-0.018960368653488095 
87.36720275878906 28.680330276489258 
87.37039184570312 28.680330276489258 
87.37039184570312 28.677501678466797 
87.36720275878906 28.677501678466797 
87.36720275878906 28.680330276489258 
> -Z-0.020594440677387776 
87.37039947509766 28.680322647094727 
87.37358856201172 28.680322647094727 
87.37358856201172 28.677492141723633 
87.37039947509766 28.677492141723633 
87.37039947509766 28.680322647094727 
> -Z-0.01979706553317096 
87.36719512939453 28.677509307861328 
87.37037658691406 28.677509307861328 
87.37037658691406 28.674680709838867 
87.36719512939453 28.674680709838867 
87.36719512939453 28.677509307861328 
> -Z-0.02044588674212356 
87.37039184570312 28.677501678466797 
87.37358093261719 28.677501678466797 
87.37358093261719 28.674671173095703 
87.37039184570312 28.674671173095703 
87.37039184570312 28.677501678466797 
> -Z-0.01622449464140132 
87.3736572265625 28.697237014770508 
87.38003540039062 28.697237014770508 
87.38003540039062 28.691577911376953 
87.3736572265625 28.691577911376953 
87.3736572265625 28.697237014770508 
> -Z-0.021191721604427553 
87.38005828857422 28.697219848632812 
87.38324737548828 28.697219848632812 
87.38324737548828 28.69438934326172 
87.38005828857422 28.69438934326172 
87.38005828857422 28.697219848632812 
> -Z-0.024088569900876246 
87.38325500488281 28.69721031188965 
87.38644409179688 28.69721031188965 
87.38644409179688 28.694379806518555 
87.38325500488281 28.694379806518555 
87.38325500488281 28.69721031188965 
> -Z-0.020291615878965323 
87.38004302978516 28.694398880004883 
87.38323211669922 28.694398880004883 
87.38323211669922 28.69156837463379 
87.38004302978516 28.69156837463379 
87.38004302978516 28.694398880004883 
> -Z-0.021524811708657117 
87.38324737548828 28.69438934326172 
87.38643646240234 28.69438934326172 
87.38643646240234 28.691560745239258 
87.38324737548828 28.691560745239258 
87.38324737548828 28.69438934326172 
> -Z-0.0134616432665309 
87.37364196777344 28.69159507751465 
87.3768310546875 28.69159507751465 
87.3768310546875 28.688766479492188 
87.37364196777344 28.688766479492188 
87.37364196777344 28.69159507751465 
> -Z-0.017161446752491018 
87.37683868408203 28.691587448120117 
87.3800277709961 28.691587448120117 
87.3800277709961 28.688756942749023 
87.37683868408203 28.688756942749023 
87.37683868408203 28.691587448120117 
> -Z-0.014802953222247554 
87.37362670898438 28.68877601623535 
87.37681579589844 28.68877601623535 
87.37681579589844 28.685945510864258 
87.37362670898438 28.685945510864258 
87.37362670898438 28.68877601623535 
> -Z-0.01703875241024983 
87.3768310546875 28.688766479492188 
87.38001251220703 28.688766479492188 
87.38001251220703 28.685935974121094 
87.3768310546875 28.685935974121094 
87.3768310546875 28.688766479492188 
> -Z-0.018161495164647726 
87.38003540039062 28.691577911376953 
87.38322448730469 28.691577911376953 
87.38322448730469 28.68874740600586 
87.38003540039062 28.68874740600586 
87.38003540039062 28.691577911376953 
> -Z-0.0193257029597831 
87.38323211669922 28.69156837463379 
87.38642120361328 28.69156837463379 
87.38642120361328 28.688739776611328 
87.38323211669922 28.688739776611328 
87.38323211669922 28.69156837463379 
> -Z-0.01739285112340546 
87.3800277709961 28.688756942749023 
87.38321685791016 28.688756942749023 
87.38321685791016 28.685928344726562 
87.3800277709961 28.685928344726562 
87.3800277709961 28.688756942749023 
> -Z-0.01840533625540429 
87.38322448730469 28.68874740600586 
87.38641357421875 28.68874740600586 
87.38641357421875 28.6859188079834 
87.38322448730469 28.6859188079834 
87.38322448730469 28.68874740600586 
> -Z-0.024757184999191578 
87.3864517211914 28.697200775146484 
87.38964080810547 28.697200775146484 
87.38964080810547 28.694372177124023 
87.3864517211914 28.694372177124023 
87.3864517211914 28.697200775146484 
> -Z-0.023758534450375672 
87.38965606689453 28.69719123840332 
87.3928451538086 28.69719123840332 
87.3928451538086 28.69436264038086 
87.38965606689453 28.69436264038086 
87.38965606689453 28.69719123840332 
> -Z-0.02400882121182058 
87.38644409179688 28.694379806518555 
87.38963317871094 28.694379806518555 
87.38963317871094 28.691551208496094 
87.38644409179688 28.691551208496094 
87.38644409179688 28.694379806518555 
> -Z-0.022441040476433964 
87.38964080810547 28.694372177124023 
87.39282989501953 28.694372177124023 
87.39282989501953 28.69154167175293 
87.38964080810547 28.69154167175293 
87.38964080810547 28.694372177124023 
> -Z-0.020962758283279793 
87.39285278320312 28.69718360900879 
87.39604187011719 28.69718360900879 
87.39604187011719 28.694353103637695 
87.39285278320312 28.694353103637695 
87.39285278320312 28.69718360900879 
> -Z-0.01863503152346517 
87.39604949951172 28.697174072265625 
87.39923858642578 28.697174072265625 
87.39923858642578 28.69434356689453 
87.39604949951172 28.69434356689453 
87.39604949951172 28.697174072265625 
> -Z-0.018946707390027073 
87.3928451538086 28.69436264038086 
87.39603424072266 28.69436264038086 
87.39603424072266 28.691532135009766 
87.3928451538086 28.691532135009766 
87.3928451538086 28.69436264038086 
> -Z-0.017314029083214888 
87.39604187011719 28.694353103637695 
87.39923095703125 28.694353103637695 
87.39923095703125 28.6915225982666 
87.39604187011719 28.6915225982666 
87.39604187011719 28.694353103637695 
> -Z-0.02165109758191619 
87.38643646240234 28.691560745239258 
87.3896255493164 28.691560745239258 
87.3896255493164 28.688730239868164 
87.38643646240234 28.688730239868164 
87.38643646240234 28.691560745239258 
> -Z-0.02137353292546472 
87.38963317871094 28.691551208496094 
87.392822265625 28.691551208496094 
87.392822265625 28.688720703125 
87.38963317871094 28.688720703125 
87.38963317871094 28.691551208496094 
> -Z-0.023595815545300464 
87.38642120361328 28.688739776611328 
87.38961029052734 28.688739776611328 
87.38961029052734 28.685909271240234 
87.38642120361328 28.685909271240234 
87.38642120361328 28.688739776611328 
> -Z-0.027257704977270744 
87.3896255493164 28.688730239868164 
87.39280700683594 28.688730239868164 
87.39280700683594 28.68589973449707 
87.3896255493164 28.68589973449707 
87.3896255493164 28.688730239868164 
> -Z-0.019469090144977205 
87.39282989501953 28.69154167175293 
87.3960189819336 28.69154167175293 
87.3960189819336 28.688711166381836 
87.39282989501953 28.688711166381836 
87.39282989501953 28.69154167175293 
> -Z-0.019866344322101298 
87.39603424072266 28.691532135009766 
87.39921569824219 28.691532135009766 
87.39921569824219 28.688701629638672 
87.39603424072266 28.688701629638672 
87.39603424072266 28.691532135009766 
> -Z-0.025234726692721587 
87.392822265625 28.688720703125 
87.39601135253906 28.688720703125 
87.39601135253906 28.685890197753906 
87.392822265625 28.685890197753906 
87.392822265625 28.688720703125 
> -Z-0.023249454008961057 
87.3960189819336 28.688711166381836 
87.39920806884766 28.688711166381836 
87.39920806884766 28.685880661010742 
87.3960189819336 28.685880661010742 
87.3960189819336 28.688711166381836 
> -Z-0.020470209771998604 
87.37361907958984 28.685955047607422 
87.3768081665039 28.685955047607422 
87.3768081665039 28.683124542236328 
87.37361907958984 28.683124542236328 
87.37361907958984 28.685955047607422 
> -Z-0.019763697122240863 
87.37681579589844 28.685945510864258 
87.3800048828125 28.685945510864258 
87.3800048828125 28.683116912841797 
87.37681579589844 28.683116912841797 
87.37681579589844 28.685945510864258 
> -Z-0.02862553467292254 
87.37361145019531 28.683134078979492 
87.37680053710938 28.683134078979492 
87.37680053710938 28.6803035736084 
87.37361145019531 28.6803035736084 
87.37361145019531 28.683134078979492 
> -Z-0.022949025308236757 
87.3768081665039 28.683124542236328 
87.37999725341797 28.683124542236328 
87.37999725341797 28.680295944213867 
87.3768081665039 28.680295944213867 
87.3768081665039 28.683124542236328 
> -Z-0.021029879038428255 
87.38001251220703 28.685935974121094 
87.3832015991211 28.685935974121094 
87.3832015991211 28.683107376098633 
87.38001251220703 28.683107376098633 
87.38001251220703 28.685935974121094 
> -Z-0.023028922037064414 
87.38321685791016 28.685928344726562 
87.38640594482422 28.685928344726562 
87.38640594482422 28.68309783935547 
87.38321685791016 28.68309783935547 
87.38321685791016 28.685928344726562 
> -Z-0.0166500405176839 
87.3800048828125 28.683116912841797 
87.38319396972656 28.683116912841797 
87.38319396972656 28.680286407470703 
87.3800048828125 28.680286407470703 
87.3800048828125 28.683116912841797 
> -Z-0.010724995001883744 
87.3832015991211 28.683107376098633 
87.38639068603516 28.683107376098633 
87.38639068603516 28.68027687072754 
87.3832015991211 28.68027687072754 
87.3832015991211 28.683107376098633 
> -Z-0.027544563507481825 
87.37359619140625 28.680313110351562 
87.37678527832031 28.680313110351562 
87.37678527832031 28.67748260498047 
87.37359619140625 28.67748260498047 
87.37359619140625 28.680313110351562 
> -Z-0.023914838729534902 
87.37680053710938 28.6803035736084 
87.3799819946289 28.6803035736084 
87.3799819946289 28.677474975585938 
87.37680053710938 28.677474975585938 
87.37680053710938 28.6803035736084 
> -Z-0.023009575074011895 
87.37358856201172 28.677492141723633 
87.37677764892578 28.677492141723633 
87.37677764892578 28.674663543701172 
87.37358856201172 28.674663543701172 
87.37358856201172 28.677492141723633 
> -Z-0.025268729150752588 
87.37678527832031 28.67748260498047 
87.37997436523438 28.67748260498047 
87.37997436523438 28.674654006958008 
87.37678527832031 28.674654006958008 
87.37678527832031 28.67748260498047 
> -Z-0.013705155497850882 
87.37999725341797 28.680295944213867 
87.38318634033203 28.680295944213867 
87.38318634033203 28.677465438842773 
87.37999725341797 28.677465438842773 
87.37999725341797 28.680295944213867 
> -Z-0.01705931677363029 
87.38319396972656 28.680286407470703 
87.38638305664062 28.680286407470703 
87.38638305664062 28.67745590209961 
87.38319396972656 28.67745590209961 
87.38319396972656 28.680286407470703 
> -Z-0.020591812242895087 
87.3799819946289 28.677474975585938 
87.38317108154297 28.677474975585938 
87.38317108154297 28.674644470214844 
87.3799819946289 28.674644470214844 
87.3799819946289 28.677474975585938 
> -Z-0.029122291418686296 
87.38318634033203 28.677465438842773 
87.3863754272461 28.677465438842773 
87.3863754272461 28.67463493347168 
87.38318634033203 28.67463493347168 
87.38318634033203 28.677465438842773 
> -Z-0.029945311034307615 
87.38641357421875 28.6859188079834 
87.38960266113281 28.6859188079834 
87.38960266113281 28.683088302612305 
87.38641357421875 28.683088302612305 
87.38641357421875 28.6859188079834 
> -Z-0.031031157936184717 
87.38961029052734 28.685909271240234 
87.3927993774414 28.685909271240234 
87.3927993774414 28.68307876586914 
87.38961029052734 28.68307876586914 
87.38961029052734 28.685909271240234 
> -Z-0.034716985465289465 
87.38640594482422 28.68309783935547 
87.38958740234375 28.68309783935547 
87.38958740234375 28.680267333984375 
87.38640594482422 28.680267333984375 
87.38640594482422 28.68309783935547 
> -Z-0.0294978753950354 
87.38960266113281 28.683088302612305 
87.39279174804688 28.683088302612305 
87.39279174804688 28.680259704589844 
87.38960266113281 28.680259704589844 
87.38960266113281 28.683088302612305 
> -Z-0.0266722430880708 
87.39280700683594 28.68589973449707 
87.39599609375 28.68589973449707 
87.39599609375 28.683069229125977 
87.39280700683594 28.683069229125977 
87.39280700683594 28.68589973449707 
> -Z-0.0216391598821202 
87.39601135253906 28.685890197753906 
87.39920043945312 28.685890197753906 
87.39920043945312 28.683061599731445 
87.39601135253906 28.683061599731445 
87.39601135253906 28.685890197753906 
> -Z-0.024844517840526298 
87.3927993774414 28.68307876586914 
87.39598846435547 28.68307876586914 
87.39598846435547 28.68025016784668 
87.3927993774414 28.68025016784668 
87.3927993774414 28.68307876586914 
> -Z-0.020830392990423288 
87.39599609375 28.683069229125977 
87.39918518066406 28.683069229125977 
87.39918518066406 28.680240631103516 
87.39599609375 28.680240631103516 
87.39599609375 28.683069229125977 
> -Z-0.035636435311715384 
87.38639068603516 28.68027687072754 
87.38957977294922 28.68027687072754 
87.38957977294922 28.677448272705078 
87.38639068603516 28.677448272705078 
87.38639068603516 28.68027687072754 
> -Z-0.030884384627826833 
87.38958740234375 28.680267333984375 
87.39277648925781 28.680267333984375 
87.39277648925781 28.677438735961914 
87.38958740234375 28.677438735961914 
87.38958740234375 28.680267333984375 
> -Z-0.035755928673606 
87.38638305664062 28.67745590209961 
87.38957214355469 28.67745590209961 
87.38957214355469 28.67462730407715 
87.38638305664062 28.67462730407715 
87.38638305664062 28.67745590209961 
> -Z-0.028170769031335405 
87.38957977294922 28.677448272705078 
87.39276885986328 28.677448272705078 
87.39276885986328 28.674617767333984 
87.38957977294922 28.674617767333984 
87.38957977294922 28.677448272705078 
> -Z-0.025525196933277927 
87.39279174804688 28.680259704589844 
87.39598083496094 28.680259704589844 
87.39598083496094 28.67742919921875 
87.39279174804688 28.67742919921875 
87.39279174804688 28.680259704589844 
> -Z-0.021754635412999962 
87.39598846435547 28.68025016784668 
87.39917755126953 28.68025016784668 
87.39917755126953 28.677419662475586 
87.39598846435547 28.677419662475586 
87.39598846435547 28.68025016784668 
> -Z-0.02415702607753603 
87.39277648925781 28.677438735961914 
87.39596557617188 28.677438735961914 
87.39596557617188 28.67460823059082 
87.39277648925781 28.67460823059082 
87.39277648925781 28.677438735961914 
> -Z-0.026064078617945977 
87.39598083496094 28.67742919921875 
87.39916229248047 28.67742919921875 
87.39916229248047 28.674598693847656 
87.39598083496094 28.674598693847656 
87.39598083496094 28.67742919921875 
> -Z-0.01619176926523024 
87.29732513427734 28.855384826660156 
87.39950561523438 28.855384826660156 
87.39950561523438 28.764860153198242 
87.29732513427734 28.764860153198242 
87.29732513427734 28.855384826660156 
> -Z-0.02748720712493598 
87.3988265991211 28.584335327148438 
87.50065612792969 28.584335327148438 
87.50065612792969 28.49373435974121 
87.3988265991211 28.49373435974121 
87.3988265991211 28.584335327148438 
> -Z-0.01952850941866316 
87.39916229248047 28.674598693847656 
87.40235137939453 28.674598693847656 
87.40235137939453 28.671768188476562 
87.39916229248047 28.671768188476562 
87.39916229248047 28.674598693847656 
> -Z-0.01712767508578561 
87.4023666381836 28.674589157104492 
87.40554809570312 28.674589157104492 
87.40554809570312 28.6717586517334 
87.4023666381836 28.6717586517334 
87.4023666381836 28.674589157104492 
> -Z-0.021446638056803635 
87.39915466308594 28.671777725219727 
87.40234375 28.671777725219727 
87.40234375 28.668947219848633 
87.39915466308594 28.668947219848633 
87.39915466308594 28.671777725219727 
> -Z-0.018466690174442024 
87.40235137939453 28.671768188476562 
87.4055404663086 28.671768188476562 
87.4055404663086 28.66893768310547 
87.40235137939453 28.66893768310547 
87.40235137939453 28.671768188476562 
> -Z-0.017543876093072702 
87.40556335449219 28.674579620361328 
87.40875244140625 28.674579620361328 
87.40875244140625 28.671749114990234 
87.40556335449219 28.671749114990234 
87.40556335449219 28.674579620361328 
> -Z-0.01794464228752378 
87.40876007080078 28.674570083618164 
87.41194915771484 28.674570083618164 
87.41194915771484 28.67173957824707 
87.40876007080078 28.67173957824707 
87.40876007080078 28.674570083618164 
> -Z-0.017960519355568944 
87.40554809570312 28.6717586517334 
87.40873718261719 28.6717586517334 
87.40873718261719 28.668928146362305 
87.40554809570312 28.668928146362305 
87.40554809570312 28.6717586517334 
> -Z-0.019230396306848765 
87.40875244140625 28.671749114990234 
87.41193389892578 28.671749114990234 
87.41193389892578 28.66891860961914 
87.40875244140625 28.66891860961914 
87.40875244140625 28.671749114990234 
> -Z-0.02364268632939967 
87.3991470336914 28.668956756591797 
87.40232849121094 28.668956756591797 
87.40232849121094 28.666126251220703 
87.3991470336914 28.666126251220703 
87.3991470336914 28.668956756591797 
> -Z-0.021279337550287658 
87.40234375 28.668947219848633 
87.40553283691406 28.668947219848633 
87.40553283691406 28.66611671447754 
87.40234375 28.66611671447754 
87.40234375 28.668947219848633 
> -Z-0.024332377282403284 
87.39913177490234 28.666135787963867 
87.4023208618164 28.666135787963867 
87.4023208618164 28.663307189941406 
87.39913177490234 28.663307189941406 
87.39913177490234 28.666135787963867 
> -Z-0.02167201712454596 
87.40232849121094 28.666126251220703 
87.405517578125 28.666126251220703 
87.405517578125 28.663297653198242 
87.40232849121094 28.663297653198242 
87.40232849121094 28.666126251220703 
> -Z-0.022451902567227316 
87.4055404663086 28.66893768310547 
87.40872955322266 28.66893768310547 
87.40872955322266 28.666107177734375 
87.4055404663086 28.666107177734375 
87.4055404663086 28.66893768310547 
> -Z-0.02045561651117915 
87.40873718261719 28.668928146362305 
87.41192626953125 28.668928146362305 
87.41192626953125 28.66609764099121 
87.40873718261719 28.66609764099121 
87.40873718261719 28.668928146362305 
> -Z-0.02339261737756962 
87.40553283691406 28.66611671447754 
87.4087142944336 28.66611671447754 
87.4087142944336 28.663288116455078 
87.40553283691406 28.663288116455078 
87.40553283691406 28.66611671447754 
> -Z-0.022979095682931924 
87.40872955322266 28.666107177734375 
87.41191864013672 28.666107177734375 
87.41191864013672 28.663278579711914 
87.40872955322266 28.663278579711914 
87.40872955322266 28.666107177734375 
> -Z-0.020052253658639774 
87.41195678710938 28.674560546875 
87.41514587402344 28.674560546875 
87.41514587402344 28.671730041503906 
87.41195678710938 28.671730041503906 
87.41195678710938 28.674560546875 
> -Z-0.011563633185540781 
87.4151611328125 28.674551010131836 
87.41834259033203 28.674551010131836 
87.41834259033203 28.671720504760742 
87.4151611328125 28.671720504760742 
87.4151611328125 28.674551010131836 
> -Z-0.012777032414585082 
87.41194915771484 28.67173957824707 
87.4151382446289 28.67173957824707 
87.4151382446289 28.668909072875977 
87.41194915771484 28.668909072875977 
87.41194915771484 28.67173957824707 
> -Z-0.01533946299420652 
87.41514587402344 28.671730041503906 
87.4183349609375 28.671730041503906 
87.4183349609375 28.668899536132812 
87.41514587402344 28.668899536132812 
87.41514587402344 28.671730041503906 
> -Z-0.014926607270507264 
87.4183578491211 28.674541473388672 
87.42153930664062 28.674541473388672 
87.42153930664062 28.671710968017578 
87.4183578491211 28.671710968017578 
87.4183578491211 28.674541473388672 
> -Z-0.019120544817781568 
87.42155456542969 28.674530029296875 
87.42474365234375 28.674530029296875 
87.42474365234375 28.67169952392578 
87.42155456542969 28.67169952392578 
87.42155456542969 28.674530029296875 
> -Z-0.019197458992158842 
87.41834259033203 28.671720504760742 
87.4215316772461 28.671720504760742 
87.4215316772461 28.66888999938965 
87.41834259033203 28.66888999938965 
87.41834259033203 28.671720504760742 
> -Z-0.02142766997601446 
87.42153930664062 28.671710968017578 
87.42472839355469 28.671710968017578 
87.42472839355469 28.66887855529785 
87.42153930664062 28.66887855529785 
87.42153930664062 28.671710968017578 
> -Z-0.01862299022640322 
87.41193389892578 28.66891860961914 
87.41512298583984 28.66891860961914 
87.41512298583984 28.666088104248047 
87.41193389892578 28.666088104248047 
87.41193389892578 28.66891860961914 
> -Z-0.021003110910675526 
87.4151382446289 28.668909072875977 
87.41831970214844 28.668909072875977 
87.41831970214844 28.666078567504883 
87.4151382446289 28.666078567504883 
87.4151382446289 28.668909072875977 
> -Z-0.02264900294659815 
87.41192626953125 28.66609764099121 
87.41511535644531 28.66609764099121 
87.41511535644531 28.663267135620117 
87.41192626953125 28.663267135620117 
87.41192626953125 28.66609764099121 
> -Z-0.02282839070035976 
87.41512298583984 28.666088104248047 
87.4183120727539 28.666088104248047 
87.4183120727539 28.663257598876953 
87.41512298583984 28.663257598876953 
87.41512298583984 28.666088104248047 
> -Z-0.022863045621288894 
87.4183349609375 28.668899536132812 
87.42151641845703 28.668899536132812 
87.42151641845703 28.66606903076172 
87.4183349609375 28.66606903076172 
87.4183349609375 28.668899536132812 
> -Z-0.023088662215366602 
87.4215316772461 28.66888999938965 
87.42472076416016 28.66888999938965 
87.42472076416016 28.666059494018555 
87.4215316772461 28.666059494018555 
87.4215316772461 28.66888999938965 
> -Z-0.022548299534702776 
87.41831970214844 28.666078567504883 
87.4215087890625 28.666078567504883 
87.4215087890625 28.66324806213379 
87.41831970214844 28.66324806213379 
87.41831970214844 28.666078567504883 
> -Z-0.023257976585195947 
87.42151641845703 28.66606903076172 
87.4247055053711 28.66606903076172 
87.4247055053711 28.663238525390625 
87.42151641845703 28.663238525390625 
87.42151641845703 28.66606903076172 
> -Z-0.023350482913428658 
87.39912414550781 28.66331672668457 
87.40231323242188 28.66331672668457 
87.40231323242188 28.660486221313477 
87.39912414550781 28.660486221313477 
87.39912414550781 28.66331672668457 
> -Z-0.021460984072881245 
87.4023208618164 28.663307189941406 
87.40550994873047 28.663307189941406 
87.40550994873047 28.660476684570312 
87.4023208618164 28.660476684570312 
87.4023208618164 28.663307189941406 
> -Z-0.01495797046471993 
87.39910888671875 28.66049575805664 
87.40229797363281 28.66049575805664 
87.40229797363281 28.657665252685547 
87.39910888671875 28.657665252685547 
87.39910888671875 28.66049575805664 
> -Z-0.013255989132015297 
87.40231323242188 28.660486221313477 
87.4054946899414 28.660486221313477 
87.4054946899414 28.657655715942383 
87.40231323242188 28.657655715942383 
87.40231323242188 28.660486221313477 
> -Z-0.021467093009396615 
87.405517578125 28.663297653198242 
87.40870666503906 28.663297653198242 
87.40870666503906 28.66046714782715 
87.405517578125 28.66046714782715 
87.405517578125 28.663297653198242 
> -Z-0.020731639503825464 
87.4087142944336 28.663288116455078 
87.41190338134766 28.663288116455078 
87.41190338134766 28.660457611083984 
87.4087142944336 28.660457611083984 
87.4087142944336 28.663288116455078 
> -Z-0.011726076177028838 
87.40550994873047 28.660476684570312 
87.40869140625 28.660476684570312 
87.40869140625 28.65764617919922 
87.40550994873047 28.65764617919922 
87.40550994873047 28.660476684570312 
> -Z-0.014088615823660292 
87.40870666503906 28.66046714782715 
87.41189575195312 28.66046714782715 
87.41189575195312 28.657636642456055 
87.40870666503906 28.657636642456055 
87.40870666503906 28.66046714782715 
> -Z-0.014111562183520526 
87.39910125732422 28.65767478942871 
87.40229034423828 28.65767478942871 
87.40229034423828 28.654844284057617 
87.39910125732422 28.654844284057617 
87.39910125732422 28.65767478942871 
> -Z-0.011897150998161778 
87.40229797363281 28.657665252685547 
87.40548706054688 28.657665252685547 
87.40548706054688 28.654834747314453 
87.40229797363281 28.654834747314453 
87.40229797363281 28.657665252685547 
> -Z-0.01597898911612835 
87.39909362792969 28.65485382080078 
87.40227508544922 28.65485382080078 
87.40227508544922 28.652023315429688 
87.39909362792969 28.652023315429688 
87.39909362792969 28.65485382080078 
> -Z-0.015219547969805035 
87.40229034423828 28.654844284057617 
87.40547180175781 28.654844284057617 
87.40547180175781 28.652013778686523 
87.40229034423828 28.652013778686523 
87.40229034423828 28.654844284057617 
> -Z-0.010625958285906525 
87.4054946899414 28.657655715942383 
87.40868377685547 28.657655715942383 
87.40868377685547 28.65482521057129 
87.4054946899414 28.65482521057129 
87.4054946899414 28.657655715942383 
> -Z-0.012337739369737491 
87.40869140625 28.65764617919922 
87.41188049316406 28.65764617919922 
87.41188049316406 28.654815673828125 
87.40869140625 28.654815673828125 
87.40869140625 28.65764617919922 
> -Z-0.014902570669966544 
87.40548706054688 28.654834747314453 
87.40867614746094 28.654834747314453 
87.40867614746094 28.65200424194336 
87.40548706054688 28.65200424194336 
87.40548706054688 28.654834747314453 
> -Z-0.015805522753045295 
87.40868377685547 28.65482521057129 
87.41187286376953 28.65482521057129 
87.41187286376953 28.651994705200195 
87.40868377685547 28.651994705200195 
87.40868377685547 28.65482521057129 
> -Z-0.02062906221599184 
87.41191864013672 28.663278579711914 
87.41510009765625 28.663278579711914 
87.41510009765625 28.66044807434082 
87.41191864013672 28.66044807434082 
87.41191864013672 28.663278579711914 
> -Z-0.020774354123192562 
87.41511535644531 28.663267135620117 
87.41829681396484 28.663267135620117 
87.41829681396484 28.660436630249023 
87.41511535644531 28.660436630249023 
87.41511535644531 28.663267135620117 
> -Z-0.016918207985830755 
87.41190338134766 28.660457611083984 
87.41509246826172 28.660457611083984 
87.41509246826172 28.65762710571289 
87.41190338134766 28.65762710571289 
87.41190338134766 28.660457611083984 
> -Z-0.018766236167601466 
87.41510009765625 28.66044807434082 
87.41828918457031 28.66044807434082 
87.41828918457031 28.657617568969727 
87.41510009765625 28.657617568969727 
87.41510009765625 28.66044807434082 
> -Z-0.021556104303872628 
87.4183120727539 28.663257598876953 
87.4246826171875 28.663257598876953 
87.4246826171875 28.657596588134766 
87.4183120727539 28.657596588134766 
87.4183120727539 28.663257598876953 
> -Z-0.014853777017117466 
87.41189575195312 28.657636642456055 
87.41507720947266 28.657636642456055 
87.41507720947266 28.65480613708496 
87.41189575195312 28.65480613708496 
87.41189575195312 28.657636642456055 
> -Z-0.017121775845360683 
87.41509246826172 28.65762710571289 
87.41827392578125 28.65762710571289 
87.41827392578125 28.654796600341797 
87.41509246826172 28.654796600341797 
87.41509246826172 28.65762710571289 
> -Z-0.01671447439962573 
87.41188049316406 28.654815673828125 
87.41506958007812 28.654815673828125 
87.41506958007812 28.65198516845703 
87.41188049316406 28.65198516845703 
87.41188049316406 28.654815673828125 
> -Z-0.018102108384413187 
87.41507720947266 28.65480613708496 
87.41826629638672 28.65480613708496 
87.41826629638672 28.651975631713867 
87.41507720947266 28.651975631713867 
87.41507720947266 28.65480613708496 
> -Z-0.01959895501377807 
87.41828918457031 28.657617568969727 
87.4246597290039 28.657617568969727 
87.4246597290039 28.651954650878906 
87.41828918457031 28.651954650878906 
87.41828918457031 28.657617568969727 
> -Z-0.022200989011083652 
87.42475128173828 28.67452049255371 
87.4311294555664 28.67452049255371 
87.4311294555664 28.668859481811523 
87.42475128173828 28.668859481811523 
87.42475128173828 28.67452049255371 
> -Z-0.021828142131365892 
87.43115234375 28.674501419067383 
87.4375228881836 28.674501419067383 
87.4375228881836 28.668838500976562 
87.43115234375 28.668838500976562 
87.43115234375 28.674501419067383 
> -Z-0.022709637133874812 
87.42472839355469 28.66887855529785 
87.43110656738281 28.66887855529785 
87.43110656738281 28.663217544555664 
87.42472839355469 28.663217544555664 
87.42472839355469 28.66887855529785 
> -Z-0.019346847846535842 
87.4311294555664 28.668859481811523 
87.4375 28.668859481811523 
87.4375 28.663196563720703 
87.4311294555664 28.663196563720703 
87.4311294555664 28.668859481811523 
> -Z-0.0206447296129179 
87.43754577636719 28.674480438232422 
87.44391632080078 28.674480438232422 
87.44391632080078 28.6688175201416 
87.43754577636719 28.6688175201416 
87.43754577636719 28.674480438232422 
> -Z-0.020529389553824634 
87.44393920898438 28.67445945739746 
87.4503173828125 28.67445945739746 
87.4503173828125 28.66879653930664 
87.44393920898438 28.66879653930664 
87.44393920898438 28.67445945739746 
> -Z-0.018351523676037165 
87.4375228881836 28.668838500976562 
87.44389343261719 28.668838500976562 
87.44389343261719 28.663177490234375 
87.4375228881836 28.663177490234375 
87.4375228881836 28.668838500976562 
> -Z-0.01990279851566747 
87.44391632080078 28.6688175201416 
87.4502944946289 28.6688175201416 
87.4502944946289 28.66315460205078 
87.44391632080078 28.66315460205078 
87.44391632080078 28.6688175201416 
> -Z-0.02218378091915297 
87.4247055053711 28.663238525390625 
87.43108367919922 28.663238525390625 
87.43108367919922 28.657577514648438 
87.4247055053711 28.657577514648438 
87.4247055053711 28.663238525390625 
> -Z-0.017823379342372055 
87.43110656738281 28.663217544555664 
87.4374771118164 28.663217544555664 
87.4374771118164 28.657556533813477 
87.43110656738281 28.657556533813477 
87.43110656738281 28.663217544555664 
> -Z-0.020464814215723385 
87.4246826171875 28.657596588134766 
87.4310531616211 28.657596588134766 
87.4310531616211 28.651935577392578 
87.4246826171875 28.651935577392578 
87.4246826171875 28.657596588134766 
> -Z-0.021125369523309585 
87.43108367919922 28.657577514648438 
87.43745422363281 28.657577514648438 
87.43745422363281 28.651914596557617 
87.43108367919922 28.651914596557617 
87.43108367919922 28.657577514648438 
> -Z-0.018739704196412715 
87.4375 28.663196563720703 
87.4438705444336 28.663196563720703 
87.4438705444336 28.657535552978516 
87.4375 28.657535552978516 
87.4375 28.663196563720703 
> -Z-0.020349764800061537 
87.44389343261719 28.663177490234375 
87.45026397705078 28.663177490234375 
87.45026397705078 28.657514572143555 
87.44389343261719 28.657514572143555 
87.44389343261719 28.663177490234375 
> -Z-0.02160534799588297 
87.4374771118164 28.657556533813477 
87.44384765625 28.657556533813477 
87.44384765625 28.651893615722656 
87.4374771118164 28.651893615722656 
87.4374771118164 28.657556533813477 
> -Z-0.02274436794864503 
87.4438705444336 28.657535552978516 
87.45024108886719 28.657535552978516 
87.45024108886719 28.651872634887695 
87.4438705444336 28.651872634887695 
87.4438705444336 28.657535552978516 
> -Z-0.017665998283042317 
87.39907836914062 28.65203285217285 
87.40226745605469 28.65203285217285 
87.40226745605469 28.649202346801758 
87.39907836914062 28.649202346801758 
87.39907836914062 28.65203285217285 
> -Z-0.01768021345984864 
87.40227508544922 28.652023315429688 
87.40546417236328 28.652023315429688 
87.40546417236328 28.649192810058594 
87.40227508544922 28.649192810058594 
87.40227508544922 28.652023315429688 
> -Z-0.019135762403017877 
87.3990707397461 28.649211883544922 
87.40225982666016 28.649211883544922 
87.40225982666016 28.64638328552246 
87.3990707397461 28.64638328552246 
87.3990707397461 28.649211883544922 
> -Z-0.01944289320394899 
87.40226745605469 28.649202346801758 
87.40545654296875 28.649202346801758 
87.40545654296875 28.646373748779297 
87.40226745605469 28.646373748779297 
87.40226745605469 28.649202346801758 
> -Z-0.017706590684031617 
87.40547180175781 28.652013778686523 
87.40866088867188 28.652013778686523 
87.40866088867188 28.64918327331543 
87.40547180175781 28.64918327331543 
87.40547180175781 28.652013778686523 
> -Z-0.01788076232897598 
87.40867614746094 28.65200424194336 
87.41185760498047 28.65200424194336 
87.41185760498047 28.649173736572266 
87.40867614746094 28.649173736572266 
87.40867614746094 28.65200424194336 
> -Z-0.019638595055875722 
87.40546417236328 28.649192810058594 
87.40865325927734 28.649192810058594 
87.40865325927734 28.6463623046875 
87.40546417236328 28.6463623046875 
87.40546417236328 28.649192810058594 
> -Z-0.019267905806170244 
87.40866088867188 28.64918327331543 
87.41184997558594 28.64918327331543 
87.41184997558594 28.646352767944336 
87.40866088867188 28.646352767944336 
87.40866088867188 28.64918327331543 
> -Z-0.019307862004980938 
87.39905548095703 28.646390914916992 
87.40543365478516 28.646390914916992 
87.40543365478516 28.640731811523438 
87.39905548095703 28.640731811523438 
87.39905548095703 28.646390914916992 
> -Z-0.020137149898223863 
87.40545654296875 28.646373748779297 
87.41182708740234 28.646373748779297 
87.41182708740234 28.64071273803711 
87.40545654296875 28.64071273803711 
87.40545654296875 28.646373748779297 
> -Z-0.018810894585461237 
87.41187286376953 28.651994705200195 
87.41824340820312 28.651994705200195 
87.41824340820312 28.646333694458008 
87.41187286376953 28.646333694458008 
87.41187286376953 28.651994705200195 
> -Z-0.0203870038192462 
87.41826629638672 28.651975631713867 
87.42463684082031 28.651975631713867 
87.42463684082031 28.64631462097168 
87.41826629638672 28.64631462097168 
87.41826629638672 28.651975631713867 
> -Z-0.019664713237535658 
87.41184997558594 28.646352767944336 
87.41822052001953 28.646352767944336 
87.41822052001953 28.64069175720215 
87.41184997558594 28.64069175720215 
87.41184997558594 28.646352767944336 
> -Z-0.02057546515362379 
87.41824340820312 28.646333694458008 
87.42461395263672 28.646333694458008 
87.42461395263672 28.64067268371582 
87.41824340820312 28.64067268371582 
87.41824340820312 28.646333694458008 
> -Z-0.02010790928585466 
87.39904022216797 28.640750885009766 
87.40541076660156 28.640750885009766 
87.40541076660156 28.635089874267578 
87.39904022216797 28.635089874267578 
87.39904022216797 28.640750885009766 
> -Z-0.019716257579431778 
87.40543365478516 28.640731811523438 
87.41180419921875 28.640731811523438 
87.41180419921875 28.63507080078125 
87.40543365478516 28.63507080078125 
87.40543365478516 28.640731811523438 
> -Z-0.01990920380826936 
87.39901733398438 28.635108947753906 
87.40538787841797 28.635108947753906 
87.40538787841797 28.62944793701172 
87.39901733398438 28.62944793701172 
87.39901733398438 28.635108947753906 
> -Z-0.019011727501068852 
87.40541076660156 28.635089874267578 
87.41178131103516 28.635089874267578 
87.41178131103516 28.62942886352539 
87.40541076660156 28.62942886352539 
87.40541076660156 28.635089874267578 
> -Z-0.019455354684213114 
87.41182708740234 28.64071273803711 
87.41819763183594 28.64071273803711 
87.41819763183594 28.635051727294922 
87.41182708740234 28.635051727294922 
87.41182708740234 28.64071273803711 
> -Z-0.020420122100559858 
87.41822052001953 28.64069175720215 
87.42459106445312 28.64069175720215 
87.42459106445312 28.63503074645996 
87.41822052001953 28.63503074645996 
87.41822052001953 28.64069175720215 
> -Z-0.018615747263267323 
87.41180419921875 28.63507080078125 
87.41817474365234 28.63507080078125 
87.41817474365234 28.629409790039062 
87.41180419921875 28.629409790039062 
87.41180419921875 28.63507080078125 
> -Z-0.019278618942697556 
87.41819763183594 28.635051727294922 
87.42456817626953 28.635051727294922 
87.42456817626953 28.629390716552734 
87.41819763183594 28.629390716552734 
87.41819763183594 28.635051727294922 
> -Z-0.022299811504561187 
87.4246597290039 28.651954650878906 
87.4310302734375 28.651954650878906 
87.4310302734375 28.64629364013672 
87.4246597290039 28.64629364013672 
87.4246597290039 28.651954650878906 
> -Z-0.023053549526700794 
87.4310531616211 28.651935577392578 
87.43743133544922 28.651935577392578 
87.43743133544922 28.646272659301758 
87.4310531616211 28.646272659301758 
87.4310531616211 28.651935577392578 
> -Z-0.02168133601928178 
87.42463684082031 28.64631462097168 
87.4310073852539 28.64631462097168 
87.4310073852539 28.64065170288086 
87.42463684082031 28.64065170288086 
87.42463684082031 28.64631462097168 
> -Z-0.021962721835537664 
87.4310302734375 28.64629364013672 
87.43740844726562 28.64629364013672 
87.43740844726562 28.64063262939453 
87.4310302734375 28.64063262939453 
87.4310302734375 28.64629364013672 
> -Z-0.022311715998280218 
87.43745422363281 28.651914596557617 
87.4438247680664 28.651914596557617 
87.4438247680664 28.646251678466797 
87.43745422363281 28.646251678466797 
87.43745422363281 28.651914596557617 
> -Z-0.022835708652858153 
87.44384765625 28.651893615722656 
87.4502182006836 28.651893615722656 
87.4502182006836 28.646230697631836 
87.44384765625 28.646230697631836 
87.44384765625 28.651893615722656 
> -Z-0.0219459384878678 
87.43743133544922 28.646272659301758 
87.44380187988281 28.646272659301758 
87.44380187988281 28.64061164855957 
87.43743133544922 28.64061164855957 
87.43743133544922 28.646272659301758 
> -Z-0.022416546893141726 
87.4438247680664 28.646251678466797 
87.4501953125 28.646251678466797 
87.4501953125 28.64059066772461 
87.4438247680664 28.64059066772461 
87.4438247680664 28.646251678466797 
> -Z-0.020936593815445475 
87.42461395263672 28.64067268371582 
87.43098449707031 28.64067268371582 
87.43098449707031 28.635011672973633 
87.42461395263672 28.635011672973633 
87.42461395263672 28.64067268371582 
> -Z-0.021536036669193154 
87.4310073852539 28.64065170288086 
87.43738555908203 28.64065170288086 
87.43738555908203 28.634990692138672 
87.4310073852539 28.634990692138672 
87.4310073852539 28.64065170288086 
> -Z-0.021048711793083055 
87.42459106445312 28.63503074645996 
87.43096160888672 28.63503074645996 
87.43096160888672 28.629369735717773 
87.42459106445312 28.629369735717773 
87.42459106445312 28.63503074645996 
> -Z-0.02222743413125027 
87.43098449707031 28.635011672973633 
87.4373550415039 28.635011672973633 
87.4373550415039 28.629348754882812 
87.43098449707031 28.629348754882812 
87.43098449707031 28.635011672973633 
> -Z-0.02324027449366995 
87.43740844726562 28.64063262939453 
87.45014953613281 28.64063262939453 
87.45014953613281 28.62930679321289 
87.43740844726562 28.62930679321289 
87.43740844726562 28.64063262939453 
> -Z-0.03052745574615963 
87.4503402709961 28.6744384765625 
87.50129699707031 28.6744384765625 
87.50129699707031 28.629127502441406 
87.4503402709961 28.629127502441406 
87.4503402709961 28.6744384765625 
> -Z-0.022077352773807745 
87.39899444580078 28.629467010498047 
87.449951171875 28.629467010498047 
87.449951171875 28.584177017211914 
87.39899444580078 28.584177017211914 
87.39899444580078 28.629467010498047 
> -Z-0.030080402251555134 
87.45014953613281 28.62930679321289 
87.50108337402344 28.62930679321289 
87.50108337402344 28.58399772644043 
87.45014953613281 28.58399772644043 
87.45014953613281 28.62930679321289 
> -Z-0.01724249148723775 
87.39950561523438 28.764860153198242 
87.45053100585938 28.764860153198242 
87.45053100585938 28.719568252563477 
87.39950561523438 28.719568252563477 
87.39950561523438 28.764860153198242 
> -Z-0.01938754269482859 
87.45072937011719 28.764698028564453 
87.50172424316406 28.764698028564453 
87.50172424316406 28.719388961791992 
87.45072937011719 28.719388961791992 
87.45072937011719 28.764698028564453 
> -Z-0.017465743442618215 
87.39933776855469 28.719730377197266 
87.40571594238281 28.719730377197266 
87.40571594238281 28.714069366455078 
87.39933776855469 28.714069366455078 
87.39933776855469 28.719730377197266 
> -Z-0.015701189028589153 
87.4057388305664 28.719711303710938 
87.41211700439453 28.719711303710938 
87.41211700439453 28.71405029296875 
87.4057388305664 28.71405029296875 
87.4057388305664 28.719711303710938 
> -Z-0.01755790451877501 
87.3993148803711 28.714088439941406 
87.40569305419922 28.714088439941406 
87.40569305419922 28.70842742919922 
87.3993148803711 28.70842742919922 
87.3993148803711 28.714088439941406 
> -Z-0.016979446080999536 
87.40571594238281 28.714069366455078 
87.41209411621094 28.714069366455078 
87.41209411621094 28.70840835571289 
87.40571594238281 28.70840835571289 
87.40571594238281 28.714069366455078 
> -Z-0.015772249203015246 
87.4121322631836 28.719690322875977 
87.41851043701172 28.719690322875977 
87.41851043701172 28.71402931213379 
87.4121322631836 28.71402931213379 
87.4121322631836 28.719690322875977 
> -Z-0.017613288376564288 
87.41853332519531 28.71967124938965 
87.42491149902344 28.71967124938965 
87.42491149902344 28.71401023864746 
87.41853332519531 28.71401023864746 
87.41853332519531 28.71967124938965 
> -Z-0.016196202440227587 
87.41211700439453 28.71405029296875 
87.41848754882812 28.71405029296875 
87.41848754882812 28.708389282226562 
87.41211700439453 28.708389282226562 
87.41211700439453 28.71405029296875 
> -Z-0.01749538555149831 
87.41851043701172 28.71402931213379 
87.42488861083984 28.71402931213379 
87.42488861083984 28.7083683013916 
87.41851043701172 28.7083683013916 
87.41851043701172 28.71402931213379 
> -Z-0.01919253354349782 
87.3992919921875 28.708446502685547 
87.40567016601562 28.708446502685547 
87.40567016601562 28.702787399291992 
87.3992919921875 28.702787399291992 
87.3992919921875 28.708446502685547 
> -Z-0.01780032217852061 
87.40569305419922 28.70842742919922 
87.41207122802734 28.70842742919922 
87.41207122802734 28.70276641845703 
87.40569305419922 28.70276641845703 
87.40569305419922 28.70842742919922 
> -Z-0.018503588447446637 
87.3992691040039 28.702804565429688 
87.40564727783203 28.702804565429688 
87.40564727783203 28.697145462036133 
87.3992691040039 28.697145462036133 
87.3992691040039 28.702804565429688 
> -Z-0.01658387652727321 
87.40567016601562 28.702787399291992 
87.41204833984375 28.702787399291992 
87.41204833984375 28.697126388549805 
87.40567016601562 28.697126388549805 
87.40567016601562 28.702787399291992 
> -Z-0.01643751544931349 
87.41209411621094 28.70840835571289 
87.41846466064453 28.70840835571289 
87.41846466064453 28.702747344970703 
87.41209411621094 28.702747344970703 
87.41209411621094 28.70840835571289 
> -Z-0.017377179357443154 
87.41848754882812 28.708389282226562 
87.42486572265625 28.708389282226562 
87.42486572265625 28.702728271484375 
87.41848754882812 28.702728271484375 
87.41848754882812 28.708389282226562 
> -Z-0.014972183014022838 
87.41207122802734 28.70276641845703 
87.41844177246094 28.70276641845703 
87.41844177246094 28.697105407714844 
87.41207122802734 28.697105407714844 
87.41207122802734 28.70276641845703 
> -Z-0.01516655870084873 
87.41846466064453 28.702747344970703 
87.42484283447266 28.702747344970703 
87.42484283447266 28.697086334228516 
87.41846466064453 28.697086334228516 
87.41846466064453 28.702747344970703 
> -Z-0.017974748731554174 
87.42493438720703 28.71965217590332 
87.43768310546875 28.71965217590332 
87.43768310546875 28.708328247070312 
87.42493438720703 28.708328247070312 
87.42493438720703 28.71965217590332 
> -Z-0.01811339149626998 
87.43773651123047 28.7196102142334 
87.45048522949219 28.7196102142334 
87.45048522949219 28.70828628540039 
87.43773651123047 28.70828628540039 
87.43773651123047 28.7196102142334 
> -Z-0.017616348198163066 
87.42488861083984 28.7083683013916 
87.43126678466797 28.7083683013916 
87.43126678466797 28.702707290649414 
87.42488861083984 28.702707290649414 
87.42488861083984 28.7083683013916 
> -Z-0.017868637691869114 
87.43128967285156 28.708349227905273 
87.43766021728516 28.708349227905273 
87.43766021728516 28.702686309814453 
87.43128967285156 28.702686309814453 
87.43128967285156 28.708349227905273 
> -Z-0.01667012953677121 
87.42486572265625 28.702728271484375 
87.43124389648438 28.702728271484375 
87.43124389648438 28.697065353393555 
87.42486572265625 28.697065353393555 
87.42486572265625 28.702728271484375 
> -Z-0.018129077979917158 
87.43126678466797 28.702707290649414 
87.43763732910156 28.702707290649414 
87.43763732910156 28.697046279907227 
87.43126678466797 28.697046279907227 
87.43126678466797 28.702707290649414 
> -Z-0.019642961522495027 
87.43768310546875 28.708328247070312 
87.450439453125 28.708328247070312 
87.450439453125 28.697004318237305 
87.43768310546875 28.697004318237305 
87.43768310546875 28.708328247070312 
> -Z-0.01759165685889969 
87.39925384521484 28.69716453552246 
87.4024429321289 28.69716453552246 
87.4024429321289 28.694334030151367 
87.39925384521484 28.694334030151367 
87.39925384521484 28.69716453552246 
> -Z-0.01739234317565054 
87.40245056152344 28.697154998779297 
87.4056396484375 28.697154998779297 
87.4056396484375 28.694324493408203 
87.40245056152344 28.694324493408203 
87.40245056152344 28.697154998779297 
> -Z-0.01800866411781883 
87.39923858642578 28.69434356689453 
87.40242767333984 28.69434356689453 
87.40242767333984 28.691513061523438 
87.39923858642578 28.691513061523438 
87.39923858642578 28.69434356689453 
> -Z-0.0181954276696511 
87.4024429321289 28.694334030151367 
87.40562438964844 28.694334030151367 
87.40562438964844 28.691503524780273 
87.4024429321289 28.691503524780273 
87.4024429321289 28.694334030151367 
> -Z-0.018395960932388822 
87.40564727783203 28.697145462036133 
87.41202545166016 28.697145462036133 
87.41202545166016 28.691484451293945 
87.40564727783203 28.691484451293945 
87.40564727783203 28.697145462036133 
> -Z-0.019563765354083662 
87.39923095703125 28.6915225982666 
87.40242004394531 28.6915225982666 
87.40242004394531 28.688692092895508 
87.39923095703125 28.688692092895508 
87.39923095703125 28.6915225982666 
> -Z-0.018468783816847786 
87.40242767333984 28.691513061523438 
87.4056167602539 28.691513061523438 
87.4056167602539 28.688682556152344 
87.40242767333984 28.688682556152344 
87.40242767333984 28.691513061523438 
> -Z-0.02010383688620279 
87.39921569824219 28.688701629638672 
87.40240478515625 28.688701629638672 
87.40240478515625 28.685871124267578 
87.39921569824219 28.685871124267578 
87.39921569824219 28.688701629638672 
> -Z-0.02061059528707765 
87.40242004394531 28.688692092895508 
87.40560913085938 28.688692092895508 
87.40560913085938 28.685861587524414 
87.40242004394531 28.685861587524414 
87.40242004394531 28.688692092895508 
> -Z-0.01933202416396418 
87.40562438964844 28.691503524780273 
87.4088134765625 28.691503524780273 
87.4088134765625 28.68867301940918 
87.40562438964844 28.68867301940918 
87.40562438964844 28.691503524780273 
> -Z-0.02208719092659847 
87.40882873535156 28.69149398803711 
87.41201782226562 28.69149398803711 
87.41201782226562 28.688663482666016 
87.40882873535156 28.688663482666016 
87.40882873535156 28.69149398803711 
> -Z-0.020797305152849485 
87.4056167602539 28.688682556152344 
87.40880584716797 28.688682556152344 
87.40880584716797 28.68585205078125 
87.4056167602539 28.68585205078125 
87.4056167602539 28.688682556152344 
> -Z-0.02375596205271012 
87.4088134765625 28.68867301940918 
87.41200256347656 28.68867301940918 
87.41200256347656 28.685842514038086 
87.4088134765625 28.685842514038086 
87.4088134765625 28.68867301940918 
> -Z-0.017305993131232357 
87.41204833984375 28.697126388549805 
87.41842651367188 28.697126388549805 
87.41842651367188 28.691465377807617 
87.41204833984375 28.691465377807617 
87.41204833984375 28.697126388549805 
> -Z-0.013164695475938917 
87.41844177246094 28.697105407714844 
87.42481994628906 28.697105407714844 
87.42481994628906 28.691444396972656 
87.41844177246094 28.691444396972656 
87.41844177246094 28.697105407714844 
> -Z-0.020169736055615006 
87.41202545166016 28.691484451293945 
87.41840362548828 28.691484451293945 
87.41840362548828 28.685823440551758 
87.41202545166016 28.685823440551758 
87.41202545166016 28.691484451293945 
> -Z-0.012665595991141539 
87.41842651367188 28.691465377807617 
87.42479705810547 28.691465377807617 
87.42479705810547 28.68580436706543 
87.41842651367188 28.68580436706543 
87.41842651367188 28.691465377807617 
> -Z-0.01960172423324888 
87.39920806884766 28.685880661010742 
87.40239715576172 28.685880661010742 
87.40239715576172 28.68305206298828 
87.39920806884766 28.68305206298828 
87.39920806884766 28.685880661010742 
> -Z-0.021142915512756197 
87.40240478515625 28.685871124267578 
87.40559387207031 28.685871124267578 
87.40559387207031 28.683042526245117 
87.40240478515625 28.683042526245117 
87.40240478515625 28.685871124267578 
> -Z-0.019059770323072767 
87.39920043945312 28.683061599731445 
87.40238189697266 28.683061599731445 
87.40238189697266 28.68023109436035 
87.39920043945312 28.68023109436035 
87.39920043945312 28.683061599731445 
> -Z-0.020157744232497443 
87.40239715576172 28.68305206298828 
87.40558624267578 28.68305206298828 
87.40558624267578 28.680221557617188 
87.40239715576172 28.680221557617188 
87.40239715576172 28.68305206298828 
> -Z-0.021405385391337614 
87.40560913085938 28.685861587524414 
87.4087905883789 28.685861587524414 
87.4087905883789 28.683032989501953 
87.40560913085938 28.683032989501953 
87.40560913085938 28.685861587524414 
> -Z-0.025679840478706195 
87.40880584716797 28.68585205078125 
87.41199493408203 28.68585205078125 
87.41199493408203 28.683021545410156 
87.40880584716797 28.683021545410156 
87.40880584716797 28.68585205078125 
> -Z-0.021949392709355017 
87.40559387207031 28.683042526245117 
87.40878295898438 28.683042526245117 
87.40878295898438 28.680212020874023 
87.40559387207031 28.680212020874023 
87.40559387207031 28.683042526245117 
> -Z-0.027420979652617153 
87.4087905883789 28.683032989501953 
87.41197967529297 28.683032989501953 
87.41197967529297 28.68020248413086 
87.4087905883789 28.68020248413086 
87.4087905883789 28.683032989501953 
> -Z-0.020602419270244435 
87.39918518066406 28.680240631103516 
87.40237426757812 28.680240631103516 
87.40237426757812 28.677410125732422 
87.39918518066406 28.677410125732422 
87.39918518066406 28.680240631103516 
> -Z-0.019497792790453244 
87.40238189697266 28.68023109436035 
87.40557098388672 28.68023109436035 
87.40557098388672 28.677400588989258 
87.40238189697266 28.677400588989258 
87.40238189697266 28.68023109436035 
> -Z-0.0212247187213859 
87.39917755126953 28.677419662475586 
87.4023666381836 28.677419662475586 
87.4023666381836 28.674589157104492 
87.39917755126953 28.674589157104492 
87.39917755126953 28.677419662475586 
> -Z-0.018033466467520617 
87.40237426757812 28.677410125732422 
87.40556335449219 28.677410125732422 
87.40556335449219 28.674579620361328 
87.40237426757812 28.674579620361328 
87.40237426757812 28.677410125732422 
> -Z-0.023408973556956814 
87.40558624267578 28.680221557617188 
87.40877532958984 28.680221557617188 
87.40877532958984 28.677391052246094 
87.40558624267578 28.677391052246094 
87.40558624267578 28.680221557617188 
> -Z-0.02842554001446862 
87.40878295898438 28.680212020874023 
87.41197204589844 28.680212020874023 
87.41197204589844 28.67738151550293 
87.40878295898438 28.67738151550293 
87.40878295898438 28.680212020874023 
> -Z-0.022265313144620158 
87.40557098388672 28.677400588989258 
87.40876007080078 28.677400588989258 
87.40876007080078 28.674570083618164 
87.40557098388672 28.674570083618164 
87.40557098388672 28.677400588989258 
> -Z-0.02503964125658828 
87.40877532958984 28.677391052246094 
87.41195678710938 28.677391052246094 
87.41195678710938 28.674560546875 
87.40877532958984 28.674560546875 
87.40877532958984 28.677391052246094 
> -Z-0.02082847047067872 
87.41200256347656 28.685842514038086 
87.41519165039062 28.685842514038086 
87.41519165039062 28.683012008666992 
87.41200256347656 28.683012008666992 
87.41200256347656 28.685842514038086 
> -Z-0.018981153583912773 
87.41519927978516 28.685832977294922 
87.41838836669922 28.685832977294922 
87.41838836669922 28.683002471923828 
87.41519927978516 28.683002471923828 
87.41519927978516 28.685832977294922 
> -Z-0.024554827429134896 
87.41199493408203 28.683021545410156 
87.41517639160156 28.683021545410156 
87.41517639160156 28.680191040039062 
87.41199493408203 28.680191040039062 
87.41199493408203 28.683021545410156 
> -Z-0.022094237584552187 
87.41519165039062 28.683012008666992 
87.41838073730469 28.683012008666992 
87.41838073730469 28.6801815032959 
87.41519165039062 28.6801815032959 
87.41519165039062 28.683012008666992 
> -Z-0.011259048249468724 
87.41840362548828 28.685823440551758 
87.42477416992188 28.685823440551758 
87.42477416992188 28.68016242980957 
87.41840362548828 28.68016242980957 
87.41840362548828 28.685823440551758 
> -Z-0.020993184893490974 
87.41197967529297 28.68020248413086 
87.41516876220703 28.68020248413086 
87.41516876220703 28.677371978759766 
87.41197967529297 28.677371978759766 
87.41197967529297 28.68020248413086 
> -Z-0.023155046995051665 
87.41517639160156 28.680191040039062 
87.41836547851562 28.680191040039062 
87.41836547851562 28.67736053466797 
87.41517639160156 28.67736053466797 
87.41517639160156 28.680191040039062 
> -Z-0.018630506099101093 
87.41197204589844 28.67738151550293 
87.4151611328125 28.67738151550293 
87.4151611328125 28.674551010131836 
87.41197204589844 28.674551010131836 
87.41197204589844 28.67738151550293 
> -Z-0.019073993541216694 
87.41516876220703 28.677371978759766 
87.4183578491211 28.677371978759766 
87.4183578491211 28.674541473388672 
87.41516876220703 28.674541473388672 
87.41516876220703 28.677371978759766 
> -Z-0.011355083290018289 
87.41838073730469 28.6801815032959 
87.42156219482422 28.6801815032959 
87.42156219482422 28.677350997924805 
87.41838073730469 28.677350997924805 
87.41838073730469 28.6801815032959 
> -Z-0.012700067708649468 
87.42157745361328 28.680171966552734 
87.42476654052734 28.680171966552734 
87.42476654052734 28.67734146118164 
87.42157745361328 28.67734146118164 
87.42157745361328 28.680171966552734 
> -Z-0.010886134947763568 
87.41836547851562 28.67736053466797 
87.42155456542969 28.67736053466797 
87.42155456542969 28.674530029296875 
87.41836547851562 28.674530029296875 
87.41836547851562 28.67736053466797 
> -Z-0.014467945074080307 
87.42156219482422 28.677350997924805 
87.42475128173828 28.677350997924805 
87.42475128173828 28.67452049255371 
87.42156219482422 28.67452049255371 
87.42156219482422 28.677350997924805 
> -Z-0.015508821259261063 
87.42484283447266 28.697086334228516 
87.43122100830078 28.697086334228516 
87.43122100830078 28.691425323486328 
87.42484283447266 28.691425323486328 
87.42484283447266 28.697086334228516 
> -Z-0.018073640166352406 
87.43124389648438 28.697065353393555 
87.43761444091797 28.697065353393555 
87.43761444091797 28.691404342651367 
87.43124389648438 28.691404342651367 
87.43124389648438 28.697065353393555 
> -Z-0.0165659866515045 
87.42481994628906 28.691444396972656 
87.43119812011719 28.691444396972656 
87.43119812011719 28.68578338623047 
87.42481994628906 28.68578338623047 
87.42481994628906 28.691444396972656 
> -Z-0.019472813991156468 
87.43122100830078 28.691425323486328 
87.43759155273438 28.691425323486328 
87.43759155273438 28.685762405395508 
87.43122100830078 28.685762405395508 
87.43122100830078 28.691425323486328 
> -Z-0.020070441293957957 
87.43763732910156 28.697046279907227 
87.44401550292969 28.697046279907227 
87.44401550292969 28.691383361816406 
87.43763732910156 28.691383361816406 
87.43763732910156 28.697046279907227 
> -Z-0.02116504285908262 
87.44403839111328 28.697025299072266 
87.45040893554688 28.697025299072266 
87.45040893554688 28.691362380981445 
87.44403839111328 28.691362380981445 
87.44403839111328 28.697025299072266 
> -Z-0.021431757063517902 
87.43761444091797 28.691404342651367 
87.4439926147461 28.691404342651367 
87.4439926147461 28.685741424560547 
87.43761444091797 28.685741424560547 
87.43761444091797 28.691404342651367 
> -Z-0.022315530026419592 
87.44401550292969 28.691383361816406 
87.45038604736328 28.691383361816406 
87.45038604736328 28.685720443725586 
87.44401550292969 28.685720443725586 
87.44401550292969 28.691383361816406 
> -Z-0.016310551352059742 
87.42479705810547 28.68580436706543 
87.4311752319336 28.68580436706543 
87.4311752319336 28.68014144897461 
87.42479705810547 28.68014144897461 
87.42479705810547 28.68580436706543 
> -Z-0.02022455483568458 
87.43119812011719 28.68578338623047 
87.43756866455078 28.68578338623047 
87.43756866455078 28.68012237548828 
87.43119812011719 28.68012237548828 
87.43119812011719 28.68578338623047 
> -Z-0.019379652632835108 
87.42477416992188 28.68016242980957 
87.43115234375 28.68016242980957 
87.43115234375 28.674501419067383 
87.42477416992188 28.674501419067383 
87.42477416992188 28.68016242980957 
> -Z-0.02166706906120236 
87.4311752319336 28.68014144897461 
87.43754577636719 28.68014144897461 
87.43754577636719 28.674480438232422 
87.4311752319336 28.674480438232422 
87.4311752319336 28.68014144897461 
> -Z-0.022069743407757213 
87.43759155273438 28.685762405395508 
87.4439697265625 28.685762405395508 
87.4439697265625 28.68010139465332 
87.43759155273438 28.68010139465332 
87.43759155273438 28.685762405395508 
> -Z-0.022750435530206434 
87.4439926147461 28.685741424560547 
87.45036315917969 28.685741424560547 
87.45036315917969 28.68008041381836 
87.4439926147461 28.68008041381836 
87.4439926147461 28.685741424560547 
> -Z-0.02186557866448314 
87.43756866455078 28.68012237548828 
87.44393920898438 28.68012237548828 
87.44393920898438 28.67445945739746 
87.43756866455078 28.67445945739746 
87.43756866455078 28.68012237548828 
> -Z-0.021733150129392424 
87.4439697265625 28.68010139465332 
87.4503402709961 28.68010139465332 
87.4503402709961 28.6744384765625 
87.4439697265625 28.6744384765625 
87.4439697265625 28.68010139465332 
> -Z-0.023194705062108713 
87.45053100585938 28.719568252563477 
87.50151062011719 28.719568252563477 
87.50151062011719 28.674259185791016 
87.45053100585938 28.674259185791016 
87.45053100585938 28.719568252563477 
> -Z-0.016613515276146944 
87.39985656738281 28.855119705200195 
87.50194549560547 28.855119705200195 
87.50194549560547 28.76451873779297 
87.39985656738281 28.76451873779297 
87.39985656738281 28.855119705200195 
> -Z-0.027792832264802732 
87.50108337402344 28.58399772644043 
87.60282897949219 28.58399772644043 
87.60282897949219 28.49332046508789 
87.50108337402344 28.49332046508789 
87.50108337402344 28.58399772644043 
> -Z-0.03394075549576707 
87.50151062011719 28.674259185791016 
87.55245208740234 28.674259185791016 
87.55245208740234 28.628929138183594 
87.50151062011719 28.628929138183594 
87.50151062011719 28.674259185791016 
> -Z-0.02660883524786485 
87.55268859863281 28.67405891418457 
87.60359954833984 28.67405891418457 
87.60359954833984 28.628711700439453 
87.55268859863281 28.628711700439453 
87.55268859863281 28.67405891418457 
> -Z-0.0384403070783495 
87.50129699707031 28.629127502441406 
87.55221557617188 28.629127502441406 
87.55221557617188 28.583799362182617 
87.50129699707031 28.583799362182617 
87.50129699707031 28.629127502441406 
> -Z-0.031217644306930047 
87.55245208740234 28.628929138183594 
87.60334014892578 28.628929138183594 
87.60334014892578 28.583580017089844 
87.55245208740234 28.583580017089844 
87.55245208740234 28.628929138183594 
> -Z-0.022422597706864486 
87.50194549560547 28.76451873779297 
87.6038589477539 28.76451873779297 
87.6038589477539 28.673839569091797 
87.50194549560547 28.673839569091797 
87.50194549560547 28.76451873779297 
> -Z-0.019387950356007527 
87.50237274169922 28.85477638244629 
87.60437774658203 28.85477638244629 
87.60437774658203 28.76409912109375 
87.50237274169922 28.76409912109375 
87.50237274169922 28.85477638244629 
