> -Z-0.0029974947683513165 
87.29681396484375 28.674861907958984 
87.34783935546875 28.674861907958984 
87.34783935546875 28.629608154296875 
87.29681396484375 28.629608154296875 
87.29681396484375 28.674861907958984 
> -Z0.003260746831074357 
87.34799194335938 28.674739837646484 
87.3543701171875 28.674739837646484 
87.3543701171875 28.669082641601562 
87.34799194335938 28.669082641601562 
87.34799194335938 28.674739837646484 
> -Z0.0045537096448242664 
87.35438537597656 28.67472267150879 
87.36076354980469 28.67472267150879 
87.36076354980469 28.669065475463867 
87.35438537597656 28.669065475463867 
87.35438537597656 28.67472267150879 
> -Z0.004991977941244841 
87.34796905517578 28.669097900390625 
87.3543472290039 28.669097900390625 
87.3543472290039 28.663440704345703 
87.34796905517578 28.663440704345703 
87.34796905517578 28.669097900390625 
> -Z0.006969220004975796 
87.3543701171875 28.669082641601562 
87.36074829101562 28.669082641601562 
87.36074829101562 28.663423538208008 
87.3543701171875 28.663423538208008 
87.3543701171875 28.669082641601562 
> -Z0.0036318451166152954 
87.36078643798828 28.674705505371094 
87.3671646118164 28.674705505371094 
87.3671646118164 28.669048309326172 
87.36078643798828 28.669048309326172 
87.36078643798828 28.674705505371094 
> -Z-0.00020541867706924677 
87.36717987060547 28.6746883392334 
87.37036895751953 28.6746883392334 
87.37036895751953 28.671859741210938 
87.36717987060547 28.671859741210938 
87.36717987060547 28.6746883392334 
> -Z-0.0055697886273264885 
87.37037658691406 28.674680709838867 
87.37356567382812 28.674680709838867 
87.37356567382812 28.671850204467773 
87.37037658691406 28.671850204467773 
87.37037658691406 28.674680709838867 
> -Z-0.015341195277869701 
87.29656219482422 28.584598541259766 
87.39848327636719 28.584598541259766 
87.39848327636719 28.49407196044922 
87.29656219482422 28.49407196044922 
87.29656219482422 28.584598541259766 
> -Z0.00931857991963625 
87.36074829101562 28.663423538208008 
87.36711883544922 28.663423538208008 
87.36711883544922 28.657764434814453 
87.36074829101562 28.657764434814453 
87.36074829101562 28.663423538208008 
> -Z0.008417055942118168 
87.36714172363281 28.663406372070312 
87.37351989746094 28.663406372070312 
87.37351989746094 28.657747268676758 
87.36714172363281 28.657747268676758 
87.36714172363281 28.663406372070312 
> -Z0.009190536104142666 
87.36072540283203 28.65778160095215 
87.36710357666016 28.65778160095215 
87.36710357666016 28.652124404907227 
87.36072540283203 28.652124404907227 
87.36072540283203 28.65778160095215 
> -Z0.008943854831159115 
87.36711883544922 28.657764434814453 
87.37349700927734 28.657764434814453 
87.37349700927734 28.6521053314209 
87.36711883544922 28.6521053314209 
87.36711883544922 28.657764434814453 
> -Z-0.013943946920335293 
87.37358093261719 28.674671173095703 
87.37677001953125 28.674671173095703 
87.37677001953125 28.671842575073242 
87.37358093261719 28.671842575073242 
87.37358093261719 28.674671173095703 
> -Z-0.026018407195806503 
87.37677764892578 28.674663543701172 
87.37996673583984 28.674663543701172 
87.37996673583984 28.671833038330078 
87.37677764892578 28.671833038330078 
87.37677764892578 28.674663543701172 
> -Z-0.007972191087901592 
87.37356567382812 28.671850204467773 
87.37675476074219 28.671850204467773 
87.37675476074219 28.669021606445312 
87.37356567382812 28.669021606445312 
87.37356567382812 28.671850204467773 
> -Z0.002952718874439597 
87.36717224121094 28.6718692779541 
87.370361328125 28.6718692779541 
87.370361328125 28.669038772583008 
87.36717224121094 28.669038772583008 
87.36717224121094 28.6718692779541 
> -Z-0.0010942289372906089 
87.37036895751953 28.671859741210938 
87.3735580444336 28.671859741210938 
87.3735580444336 28.669031143188477 
87.37036895751953 28.669031143188477 
87.37036895751953 28.671859741210938 
> -Z0.0075196800753474236 
87.36076354980469 28.669065475463867 
87.36714172363281 28.669065475463867 
87.36714172363281 28.663406372070312 
87.36076354980469 28.663406372070312 
87.36076354980469 28.669065475463867 
> -Z0.005294679198414087 
87.3671646118164 28.669048309326172 
87.37353515625 28.669048309326172 
87.37353515625 28.663389205932617 
87.3671646118164 28.663389205932617 
87.3671646118164 28.669048309326172 
> -Z0.007072370033711195 
87.34795379638672 28.6634578704834 
87.36071014404297 28.6634578704834 
87.36071014404297 28.652141571044922 
87.34795379638672 28.652141571044922 
87.34795379638672 28.6634578704834 
> -Z-0.011314745992422104 
87.19429779052734 28.58478355407715 
87.29631042480469 28.58478355407715 
87.29631042480469 28.494333267211914 
87.19429779052734 28.494333267211914 
87.19429779052734 28.58478355407715 
> -Z-0.009586825035512447 
87.19446563720703 28.675046920776367 
87.29656219482422 28.675046920776367 
87.29656219482422 28.584598541259766 
87.19446563720703 28.584598541259766 
87.19446563720703 28.675046920776367 
> -Z-0.012208639644086361 
87.19463348388672 28.765310287475586 
87.29681396484375 28.765310287475586 
87.29681396484375 28.674861907958984 
87.19463348388672 28.674861907958984 
87.19463348388672 28.765310287475586 
> -Z-0.014417854137718678 
87.1948013305664 28.855571746826172 
87.29707336425781 28.855571746826172 
87.29707336425781 28.76512336730957 
87.1948013305664 28.76512336730957 
87.1948013305664 28.855571746826172 
> -Z-0.017586175352334976 
87.37677001953125 28.671842575073242 
87.37995147705078 28.671842575073242 
87.37995147705078 28.66901206970215 
87.37677001953125 28.66901206970215 
87.37677001953125 28.671842575073242 
> -Z-0.03930399566888809 
87.37997436523438 28.674654006958008 
87.38316345214844 28.674654006958008 
87.38316345214844 28.671823501586914 
87.37997436523438 28.671823501586914 
87.37997436523438 28.674654006958008 
> -Z-0.05833665281534195 
87.38317108154297 28.674644470214844 
87.38636016845703 28.674644470214844 
87.38636016845703 28.671815872192383 
87.38317108154297 28.671815872192383 
87.38317108154297 28.674644470214844 
> -Z-0.030644496902823448 
87.37996673583984 28.671833038330078 
87.3831558227539 28.671833038330078 
87.3831558227539 28.669004440307617 
87.37996673583984 28.669004440307617 
87.37996673583984 28.671833038330078 
> -Z-0.04475761950016022 
87.38316345214844 28.671823501586914 
87.3863525390625 28.671823501586914 
87.3863525390625 28.668994903564453 
87.38316345214844 28.668994903564453 
87.38316345214844 28.671823501586914 
> -Z-0.00220401119440794 
87.3735580444336 28.669031143188477 
87.37674713134766 28.669031143188477 
87.37674713134766 28.666200637817383 
87.3735580444336 28.666200637817383 
87.3735580444336 28.669031143188477 
> -Z-0.009458376094698906 
87.37675476074219 28.669021606445312 
87.37994384765625 28.669021606445312 
87.37994384765625 28.66619110107422 
87.37675476074219 28.66619110107422 
87.37675476074219 28.669021606445312 
> -Z0.002831612480804324 
87.37355041503906 28.666210174560547 
87.37673950195312 28.666210174560547 
87.37673950195312 28.663379669189453 
87.37355041503906 28.663379669189453 
87.37355041503906 28.666210174560547 
> -Z-0.0021990174427628517 
87.37674713134766 28.666200637817383 
87.37993621826172 28.666200637817383 
87.37993621826172 28.663372039794922 
87.37674713134766 28.663372039794922 
87.37674713134766 28.666200637817383 
> -Z-0.021010970696806908 
87.37995147705078 28.66901206970215 
87.38314056396484 28.66901206970215 
87.38314056396484 28.666183471679688 
87.37995147705078 28.666183471679688 
87.37995147705078 28.66901206970215 
> -Z-0.03872392326593399 
87.3831558227539 28.669004440307617 
87.38633728027344 28.669004440307617 
87.38633728027344 28.666173934936523 
87.3831558227539 28.666173934936523 
87.3831558227539 28.669004440307617 
> -Z-0.012580537237226963 
87.37994384765625 28.66619110107422 
87.38313293457031 28.66619110107422 
87.38313293457031 28.663362503051758 
87.37994384765625 28.663362503051758 
87.37994384765625 28.66619110107422 
> -Z-0.0295774657279253 
87.38314056396484 28.666183471679688 
87.3863296508789 28.666183471679688 
87.3863296508789 28.663352966308594 
87.38314056396484 28.663352966308594 
87.38314056396484 28.666183471679688 
> -Z-0.094626784324646 
87.3863754272461 28.67463493347168 
87.38955688476562 28.67463493347168 
87.38955688476562 28.67180633544922 
87.3863754272461 28.67180633544922 
87.3863754272461 28.67463493347168 
> -Z-0.11615660786628723 
87.38957214355469 28.67462730407715 
87.39276123046875 28.67462730407715 
87.39276123046875 28.671796798706055 
87.38957214355469 28.671796798706055 
87.38957214355469 28.67462730407715 
> -Z-0.07543812692165375 
87.38636016845703 28.671815872192383 
87.3895492553711 28.671815872192383 
87.3895492553711 28.66898536682129 
87.38636016845703 28.66898536682129 
87.38636016845703 28.671815872192383 
> -Z-0.10798993706703186 
87.38955688476562 28.67180633544922 
87.39274597167969 28.67180633544922 
87.39274597167969 28.668975830078125 
87.38955688476562 28.668975830078125 
87.38955688476562 28.67180633544922 
> -Z-0.13290385901927948 
87.39276885986328 28.674617767333984 
87.39595794677734 28.674617767333984 
87.39595794677734 28.67178726196289 
87.39276885986328 28.67178726196289 
87.39276885986328 28.674617767333984 
> -Z-0.14634396135807037 
87.39596557617188 28.67460823059082 
87.39915466308594 28.67460823059082 
87.39915466308594 28.671777725219727 
87.39596557617188 28.671777725219727 
87.39596557617188 28.67460823059082 
> -Z-0.12857088446617126 
87.39276123046875 28.671796798706055 
87.39594268798828 28.671796798706055 
87.39594268798828 28.66896629333496 
87.39276123046875 28.66896629333496 
87.39276123046875 28.671796798706055 
> -Z-0.14079509675502777 
87.39595794677734 28.67178726196289 
87.3991470336914 28.67178726196289 
87.3991470336914 28.668956756591797 
87.39595794677734 28.668956756591797 
87.39595794677734 28.67178726196289 
> -Z-0.05513577535748482 
87.3863525390625 28.668994903564453 
87.38954162597656 28.668994903564453 
87.38954162597656 28.66616439819336 
87.3863525390625 28.66616439819336 
87.3863525390625 28.668994903564453 
> -Z-0.09652368724346161 
87.3895492553711 28.66898536682129 
87.39273834228516 28.66898536682129 
87.39273834228516 28.666154861450195 
87.3895492553711 28.666154861450195 
87.3895492553711 28.66898536682129 
> -Z-0.04630044475197792 
87.38633728027344 28.666173934936523 
87.3895263671875 28.666173934936523 
87.3895263671875 28.66334342956543 
87.38633728027344 28.66334342956543 
87.38633728027344 28.666173934936523 
> -Z-0.06639548391103745 
87.38954162597656 28.66616439819336 
87.3927230834961 28.66616439819336 
87.3927230834961 28.663333892822266 
87.38954162597656 28.663333892822266 
87.38954162597656 28.66616439819336 
> -Z-0.11539951711893082 
87.39274597167969 28.668975830078125 
87.39593505859375 28.668975830078125 
87.39593505859375 28.66614532470703 
87.39274597167969 28.66614532470703 
87.39274597167969 28.668975830078125 
> -Z-0.131754070520401 
87.39594268798828 28.66896629333496 
87.39913177490234 28.66896629333496 
87.39913177490234 28.666135787963867 
87.39594268798828 28.666135787963867 
87.39594268798828 28.66896629333496 
> -Z-0.09235964715480804 
87.39273834228516 28.666154861450195 
87.39592742919922 28.666154861450195 
87.39592742919922 28.663326263427734 
87.39273834228516 28.663326263427734 
87.39273834228516 28.666154861450195 
> -Z-0.1183343306183815 
87.39593505859375 28.66614532470703 
87.39912414550781 28.66614532470703 
87.39912414550781 28.66331672668457 
87.39593505859375 28.66331672668457 
87.39593505859375 28.66614532470703 
> -Z0.005203166510909796 
87.37353515625 28.663389205932617 
87.37672424316406 28.663389205932617 
87.37672424316406 28.660558700561523 
87.37353515625 28.660558700561523 
87.37353515625 28.663389205932617 
> -Z0.0022433402482420206 
87.37673950195312 28.663379669189453 
87.37992095947266 28.663379669189453 
87.37992095947266 28.660551071166992 
87.37673950195312 28.660551071166992 
87.37673950195312 28.663379669189453 
> -Z0.006829896941781044 
87.37352752685547 28.660568237304688 
87.37671661376953 28.660568237304688 
87.37671661376953 28.657739639282227 
87.37352752685547 28.657739639282227 
87.37352752685547 28.660568237304688 
> -Z0.004398083779960871 
87.37672424316406 28.660558700561523 
87.37991333007812 28.660558700561523 
87.37991333007812 28.657730102539062 
87.37672424316406 28.657730102539062 
87.37672424316406 28.660558700561523 
> -Z-0.005215913522988558 
87.37993621826172 28.663372039794922 
87.38312530517578 28.663372039794922 
87.38312530517578 28.660541534423828 
87.37993621826172 28.660541534423828 
87.37993621826172 28.663372039794922 
> -Z-0.018946606665849686 
87.38313293457031 28.663362503051758 
87.38632202148438 28.663362503051758 
87.38632202148438 28.660531997680664 
87.38313293457031 28.660531997680664 
87.38313293457031 28.663362503051758 
> -Z-9.521842002868652e-05 
87.37992095947266 28.660551071166992 
87.38311004638672 28.660551071166992 
87.38311004638672 28.6577205657959 
87.37992095947266 28.6577205657959 
87.37992095947266 28.660551071166992 
> -Z-0.00845472700893879 
87.38312530517578 28.660541534423828 
87.38630676269531 28.660541534423828 
87.38630676269531 28.657711029052734 
87.38312530517578 28.657711029052734 
87.38312530517578 28.660541534423828 
> -Z0.006866108160465956 
87.37351989746094 28.657747268676758 
87.37989044189453 28.657747268676758 
87.37989044189453 28.652088165283203 
87.37351989746094 28.652088165283203 
87.37351989746094 28.657747268676758 
> -Z0.0024252906441688538 
87.37991333007812 28.657730102539062 
87.38310241699219 28.657730102539062 
87.38310241699219 28.65489959716797 
87.37991333007812 28.65489959716797 
87.37991333007812 28.657730102539062 
> -Z-0.002856168895959854 
87.38311004638672 28.6577205657959 
87.38629913330078 28.6577205657959 
87.38629913330078 28.654890060424805 
87.38311004638672 28.654890060424805 
87.38311004638672 28.6577205657959 
> -Z0.0036587791983038187 
87.3799057006836 28.654909133911133 
87.38309478759766 28.654909133911133 
87.38309478759766 28.65207862854004 
87.3799057006836 28.65207862854004 
87.3799057006836 28.654909133911133 
> -Z-0.001096398918889463 
87.38310241699219 28.65489959716797 
87.38629150390625 28.65489959716797 
87.38629150390625 28.652070999145508 
87.38310241699219 28.652070999145508 
87.38310241699219 28.65489959716797 
> -Z-0.03975190594792366 
87.3863296508789 28.663352966308594 
87.38951873779297 28.663352966308594 
87.38951873779297 28.6605224609375 
87.3863296508789 28.6605224609375 
87.3863296508789 28.663352966308594 
> -Z-0.05504860356450081 
87.3895263671875 28.66334342956543 
87.39271545410156 28.66334342956543 
87.39271545410156 28.66051483154297 
87.3895263671875 28.66051483154297 
87.3895263671875 28.66334342956543 
> -Z-0.023496311157941818 
87.38632202148438 28.660531997680664 
87.38951110839844 28.660531997680664 
87.38951110839844 28.657703399658203 
87.38632202148438 28.657703399658203 
87.38632202148438 28.660531997680664 
> -Z-0.043401408940553665 
87.38951873779297 28.6605224609375 
87.39270782470703 28.6605224609375 
87.39270782470703 28.65769386291504 
87.38951873779297 28.65769386291504 
87.38951873779297 28.6605224609375 
> -Z-0.07173146307468414 
87.3927230834961 28.663333892822266 
87.39591217041016 28.663333892822266 
87.39591217041016 28.660505294799805 
87.3927230834961 28.660505294799805 
87.3927230834961 28.663333892822266 
> -Z-0.09541682153940201 
87.39592742919922 28.663326263427734 
87.39910888671875 28.663326263427734 
87.39910888671875 28.66049575805664 
87.39592742919922 28.66049575805664 
87.39592742919922 28.663326263427734 
> -Z-0.05730476975440979 
87.39271545410156 28.66051483154297 
87.39590454101562 28.66051483154297 
87.39590454101562 28.657684326171875 
87.39271545410156 28.657684326171875 
87.39271545410156 28.66051483154297 
> -Z-0.06922616064548492 
87.39591217041016 28.660505294799805 
87.39910125732422 28.660505294799805 
87.39910125732422 28.65767478942871 
87.39591217041016 28.65767478942871 
87.39591217041016 28.660505294799805 
> -Z-0.011718475259840488 
87.38630676269531 28.657711029052734 
87.38949584960938 28.657711029052734 
87.38949584960938 28.654882431030273 
87.38630676269531 28.654882431030273 
87.38630676269531 28.657711029052734 
> -Z-0.02640528418123722 
87.38951110839844 28.657703399658203 
87.39269256591797 28.657703399658203 
87.39269256591797 28.65487289428711 
87.38951110839844 28.65487289428711 
87.38951110839844 28.657703399658203 
> -Z-0.007377983536571264 
87.38629913330078 28.654890060424805 
87.38948822021484 28.654890060424805 
87.38948822021484 28.652061462402344 
87.38629913330078 28.652061462402344 
87.38629913330078 28.654890060424805 
> -Z-0.01771993190050125 
87.38949584960938 28.654882431030273 
87.39268493652344 28.654882431030273 
87.39268493652344 28.65205192565918 
87.38949584960938 28.65205192565918 
87.38949584960938 28.654882431030273 
> -Z-0.04261204972863197 
87.39270782470703 28.65769386291504 
87.39588928222656 28.65769386291504 
87.39588928222656 28.654863357543945 
87.39270782470703 28.654863357543945 
87.39270782470703 28.65769386291504 
> -Z-0.05381520465016365 
87.39590454101562 28.657684326171875 
87.39909362792969 28.657684326171875 
87.39909362792969 28.65485382080078 
87.39590454101562 28.65485382080078 
87.39590454101562 28.657684326171875 
> -Z-0.030304057523608208 
87.39269256591797 28.65487289428711 
87.39588165283203 28.65487289428711 
87.39588165283203 28.652042388916016 
87.39269256591797 28.652042388916016 
87.39269256591797 28.65487289428711 
> -Z-0.04129495844244957 
87.39588928222656 28.654863357543945 
87.39907836914062 28.654863357543945 
87.39907836914062 28.65203285217285 
87.39588928222656 28.65203285217285 
87.39588928222656 28.654863357543945 
> -Z0.004229431971907616 
87.34791564941406 28.65217399597168 
87.36067199707031 28.65217399597168 
87.36067199707031 28.640857696533203 
87.34791564941406 28.640857696533203 
87.34791564941406 28.65217399597168 
> -Z0.0061648148111999035 
87.36071014404297 28.652141571044922 
87.37345886230469 28.652141571044922 
87.37345886230469 28.640823364257812 
87.36071014404297 28.640823364257812 
87.36071014404297 28.652141571044922 
> -Z0.0003988156677223742 
87.3478775024414 28.640892028808594 
87.36063385009766 28.640892028808594 
87.36063385009766 28.629575729370117 
87.3478775024414 28.629575729370117 
87.3478775024414 28.640892028808594 
> -Z0.0011918796226382256 
87.36067199707031 28.640857696533203 
87.37342071533203 28.640857696533203 
87.37342071533203 28.629541397094727 
87.36067199707031 28.629541397094727 
87.36067199707031 28.640857696533203 
> -Z0.006328810006380081 
87.37349700927734 28.6521053314209 
87.37987518310547 28.6521053314209 
87.37987518310547 28.646446228027344 
87.37349700927734 28.646446228027344 
87.37349700927734 28.6521053314209 
> -Z0.002124642953276634 
87.37989044189453 28.652088165283203 
87.38626861572266 28.652088165283203 
87.38626861572266 28.64642906188965 
87.37989044189453 28.64642906188965 
87.37989044189453 28.652088165283203 
> -Z0.004298133309930563 
87.37348175048828 28.646465301513672 
87.37985229492188 28.646465301513672 
87.37985229492188 28.640806198120117 
87.37348175048828 28.640806198120117 
87.37348175048828 28.646465301513672 
> -Z0.0012526317732408643 
87.37987518310547 28.646446228027344 
87.38624572753906 28.646446228027344 
87.38624572753906 28.64078712463379 
87.37987518310547 28.64078712463379 
87.37987518310547 28.646446228027344 
> -Z-0.0057887304574251175 
87.38629150390625 28.652070999145508 
87.38947296142578 28.652070999145508 
87.38947296142578 28.649240493774414 
87.38629150390625 28.649240493774414 
87.38629150390625 28.652070999145508 
> -Z-0.015709107741713524 
87.38948822021484 28.652061462402344 
87.3926773071289 28.652061462402344 
87.3926773071289 28.64923095703125 
87.38948822021484 28.64923095703125 
87.38948822021484 28.652061462402344 
> -Z-0.004785936325788498 
87.38627624511719 28.649250030517578 
87.38946533203125 28.649250030517578 
87.38946533203125 28.646419525146484 
87.38627624511719 28.646419525146484 
87.38627624511719 28.649250030517578 
> -Z-0.011839039623737335 
87.38947296142578 28.649240493774414 
87.39266204833984 28.649240493774414 
87.39266204833984 28.64640998840332 
87.38947296142578 28.64640998840332 
87.38947296142578 28.649240493774414 
> -Z-0.025038816034793854 
87.39268493652344 28.65205192565918 
87.3958740234375 28.65205192565918 
87.3958740234375 28.649221420288086 
87.39268493652344 28.649221420288086 
87.39268493652344 28.65205192565918 
> -Z-0.03348616883158684 
87.39588165283203 28.652042388916016 
87.3990707397461 28.652042388916016 
87.3990707397461 28.649211883544922 
87.39588165283203 28.649211883544922 
87.39588165283203 28.652042388916016 
> -Z-0.019455915316939354 
87.3926773071289 28.64923095703125 
87.39585876464844 28.64923095703125 
87.39585876464844 28.646400451660156 
87.3926773071289 28.646400451660156 
87.3926773071289 28.64923095703125 
> -Z-0.02870604209601879 
87.3958740234375 28.649221420288086 
87.39905548095703 28.649221420288086 
87.39905548095703 28.646390914916992 
87.3958740234375 28.646390914916992 
87.3958740234375 28.649221420288086 
> -Z-0.006432512309402227 
87.38626861572266 28.64642906188965 
87.39263916015625 28.64642906188965 
87.39263916015625 28.640769958496094 
87.38626861572266 28.640769958496094 
87.38626861572266 28.64642906188965 
> -Z-0.018686426803469658 
87.39266204833984 28.64640998840332 
87.39904022216797 28.64640998840332 
87.39904022216797 28.640750885009766 
87.39266204833984 28.640750885009766 
87.39266204833984 28.64640998840332 
> -Z-0.0002059234248008579 
87.37345886230469 28.640823364257812 
87.3862075805664 28.640823364257812 
87.3862075805664 28.629505157470703 
87.37345886230469 28.629505157470703 
87.37345886230469 28.640823364257812 
> -Z-0.005621246062219143 
87.38624572753906 28.64078712463379 
87.39262390136719 28.64078712463379 
87.39262390136719 28.635128021240234 
87.38624572753906 28.635128021240234 
87.38624572753906 28.64078712463379 
> -Z-0.013751518912613392 
87.39263916015625 28.640769958496094 
87.39901733398438 28.640769958496094 
87.39901733398438 28.635108947753906 
87.39263916015625 28.635108947753906 
87.39263916015625 28.640769958496094 
> -Z-0.00619957922026515 
87.38623046875 28.63514518737793 
87.3926010131836 28.63514518737793 
87.3926010131836 28.629486083984375 
87.38623046875 28.629486083984375 
87.38623046875 28.63514518737793 
> -Z-0.010854576714336872 
87.39262390136719 28.635128021240234 
87.39899444580078 28.635128021240234 
87.39899444580078 28.629467010498047 
87.39262390136719 28.629467010498047 
87.39262390136719 28.635128021240234 
> -Z-0.009382078424096107 
87.29669189453125 28.629730224609375 
87.34769439697266 28.629730224609375 
87.34769439697266 28.584476470947266 
87.29669189453125 28.584476470947266 
87.29669189453125 28.629730224609375 
> -Z-0.005815529730170965 
87.34783935546875 28.629608154296875 
87.37333679199219 28.629608154296875 
87.37333679199219 28.606975555419922 
87.34783935546875 28.606975555419922 
87.34783935546875 28.629608154296875 
> -Z-0.005398857407271862 
87.37342071533203 28.629541397094727 
87.38616180419922 28.629541397094727 
87.38616180419922 28.618221282958984 
87.37342071533203 28.618221282958984 
87.37342071533203 28.629541397094727 
> -Z-0.009082046337425709 
87.3862075805664 28.629505157470703 
87.3989486694336 28.629505157470703 
87.3989486694336 28.61818504333496 
87.3862075805664 28.61818504333496 
87.3862075805664 28.629505157470703 
> -Z-0.010121761821210384 
87.37337493896484 28.618257522583008 
87.38612365722656 28.618257522583008 
87.38612365722656 28.6069393157959 
87.37337493896484 28.6069393157959 
87.37337493896484 28.618257522583008 
> -Z-0.012359889224171638 
87.38616180419922 28.618221282958984 
87.39891052246094 28.618221282958984 
87.39891052246094 28.606901168823242 
87.38616180419922 28.606901168823242 
87.38616180419922 28.618221282958984 
> -Z-0.014009163714945316 
87.34777069091797 28.60704231262207 
87.37326049804688 28.60704231262207 
87.37326049804688 28.584409713745117 
87.34777069091797 28.584409713745117 
87.34777069091797 28.60704231262207 
> -Z-0.016448168084025383 
87.37333679199219 28.606975555419922 
87.3988265991211 28.606975555419922 
87.3988265991211 28.584335327148438 
87.37333679199219 28.584335327148438 
87.37333679199219 28.606975555419922 
> -Z-0.012807157821953297 
87.29707336425781 28.76512336730957 
87.34813690185547 28.76512336730957 
87.34813690185547 28.719871520996094 
87.29707336425781 28.719871520996094 
87.29707336425781 28.76512336730957 
> -Z-0.017401427030563354 
87.3482894897461 28.76500129699707 
87.39933776855469 28.76500129699707 
87.39933776855469 28.719730377197266 
87.3482894897461 28.719730377197266 
87.3482894897461 28.76500129699707 
> -Z-0.0075454493053257465 
87.29694366455078 28.719993591308594 
87.34799194335938 28.719993591308594 
87.34799194335938 28.674739837646484 
87.29694366455078 28.674739837646484 
87.29694366455078 28.719993591308594 
> -Z-0.013982800766825676 
87.34813690185547 28.719871520996094 
87.36090087890625 28.719871520996094 
87.36090087890625 28.708555221557617 
87.34813690185547 28.708555221557617 
87.34813690185547 28.719871520996094 
> -Z-0.01744331791996956 
87.3609390258789 28.719837188720703 
87.36731719970703 28.719837188720703 
87.36731719970703 28.71417808532715 
87.3609390258789 28.71417808532715 
87.3609390258789 28.719837188720703 
> -Z-0.021125348284840584 
87.36734008789062 28.719820022583008 
87.37371826171875 28.719820022583008 
87.37371826171875 28.714160919189453 
87.36734008789062 28.714160919189453 
87.36734008789062 28.719820022583008 
> -Z-0.01764562353491783 
87.36092376708984 28.714195251464844 
87.36730194091797 28.714195251464844 
87.36730194091797 28.708538055419922 
87.36092376708984 28.708538055419922 
87.36092376708984 28.714195251464844 
> -Z-0.021708901971578598 
87.36731719970703 28.71417808532715 
87.37369537353516 28.71417808532715 
87.37369537353516 28.708520889282227 
87.36731719970703 28.708520889282227 
87.36731719970703 28.71417808532715 
> -Z-0.01039653830230236 
87.34810638427734 28.708587646484375 
87.3608627319336 28.708587646484375 
87.3608627319336 28.6972713470459 
87.34810638427734 28.6972713470459 
87.34810638427734 28.708587646484375 
> -Z-0.016479339450597763 
87.36090087890625 28.708555221557617 
87.36727905273438 28.708555221557617 
87.36727905273438 28.702896118164062 
87.36090087890625 28.702896118164062 
87.36090087890625 28.708555221557617 
> -Z-0.021483441814780235 
87.36730194091797 28.708538055419922 
87.3736801147461 28.708538055419922 
87.3736801147461 28.702878952026367 
87.36730194091797 28.702878952026367 
87.36730194091797 28.708538055419922 
> -Z-0.015712598338723183 
87.36087799072266 28.702913284301758 
87.36726379394531 28.702913284301758 
87.36726379394531 28.697254180908203 
87.36087799072266 28.697254180908203 
87.36087799072266 28.702913284301758 
> -Z-0.02199183963239193 
87.36727905273438 28.702896118164062 
87.3736572265625 28.702896118164062 
87.3736572265625 28.697237014770508 
87.36727905273438 28.697237014770508 
87.36727905273438 28.702896118164062 
> -Z-0.025488000363111496 
87.37374114990234 28.719802856445312 
87.38011932373047 28.719802856445312 
87.38011932373047 28.714143753051758 
87.37374114990234 28.714143753051758 
87.37374114990234 28.719802856445312 
> -Z-0.029077202081680298 
87.38013458251953 28.719785690307617 
87.38652038574219 28.719785690307617 
87.38652038574219 28.71412467956543 
87.38013458251953 28.71412467956543 
87.38013458251953 28.719785690307617 
> -Z-0.029200540855526924 
87.37371826171875 28.714160919189453 
87.38009643554688 28.714160919189453 
87.38009643554688 28.7085018157959 
87.37371826171875 28.7085018157959 
87.37371826171875 28.714160919189453 
> -Z-0.03568744286894798 
87.38011932373047 28.714143753051758 
87.3864974975586 28.714143753051758 
87.3864974975586 28.708484649658203 
87.38011932373047 28.708484649658203 
87.38011932373047 28.714143753051758 
> -Z-0.03258122503757477 
87.38653564453125 28.71976661682129 
87.39291381835938 28.71976661682129 
87.39291381835938 28.714107513427734 
87.38653564453125 28.714107513427734 
87.38653564453125 28.71976661682129 
> -Z-0.03446269407868385 
87.39293670654297 28.71974754333496 
87.3993148803711 28.71974754333496 
87.3993148803711 28.714088439941406 
87.39293670654297 28.714088439941406 
87.39293670654297 28.71974754333496 
> -Z-0.04057065770030022 
87.38652038574219 28.71412467956543 
87.39289855957031 28.71412467956543 
87.39289855957031 28.708465576171875 
87.38652038574219 28.708465576171875 
87.38652038574219 28.71412467956543 
> -Z-0.0426410436630249 
87.39291381835938 28.714107513427734 
87.3992919921875 28.714107513427734 
87.3992919921875 28.708446502685547 
87.39291381835938 28.708446502685547 
87.39291381835938 28.714107513427734 
> -Z-0.0325726754963398 
87.37369537353516 28.708520889282227 
87.38007354736328 28.708520889282227 
87.38007354736328 28.70285987854004 
87.37369537353516 28.70285987854004 
87.37369537353516 28.708520889282227 
> -Z-0.042909856885671616 
87.38009643554688 28.7085018157959 
87.386474609375 28.7085018157959 
87.386474609375 28.702842712402344 
87.38009643554688 28.702842712402344 
87.38009643554688 28.7085018157959 
> -Z-0.034003231674432755 
87.3736801147461 28.702878952026367 
87.38005828857422 28.702878952026367 
87.38005828857422 28.697219848632812 
87.3736801147461 28.697219848632812 
87.3736801147461 28.702878952026367 
> -Z-0.05174114182591438 
87.38007354736328 28.70285987854004 
87.3864517211914 28.70285987854004 
87.3864517211914 28.697200775146484 
87.38007354736328 28.697200775146484 
87.38007354736328 28.70285987854004 
> -Z-0.05104907229542732 
87.3864974975586 28.708484649658203 
87.39287567138672 28.708484649658203 
87.39287567138672 28.702823638916016 
87.3864974975586 28.702823638916016 
87.3864974975586 28.708484649658203 
> -Z-0.05366161838173866 
87.39289855957031 28.708465576171875 
87.3992691040039 28.708465576171875 
87.3992691040039 28.702804565429688 
87.39289855957031 28.702804565429688 
87.39289855957031 28.708465576171875 
> -Z-0.06274833530187607 
87.386474609375 28.702842712402344 
87.39285278320312 28.702842712402344 
87.39285278320312 28.69718360900879 
87.386474609375 28.69718360900879 
87.386474609375 28.702842712402344 
> -Z-0.06589163094758987 
87.39287567138672 28.702823638916016 
87.39925384521484 28.702823638916016 
87.39925384521484 28.69716453552246 
87.39287567138672 28.69716453552246 
87.39287567138672 28.702823638916016 
> -Z-0.005894102156162262 
87.34806823730469 28.69730567932129 
87.35444641113281 28.69730567932129 
87.35444641113281 28.691646575927734 
87.34806823730469 28.691646575927734 
87.34806823730469 28.69730567932129 
> -Z-0.008619708009064198 
87.35446166992188 28.697288513183594 
87.36083984375 28.697288513183594 
87.36083984375 28.691631317138672 
87.35446166992188 28.691631317138672 
87.35446166992188 28.697288513183594 
> -Z-0.003556937677785754 
87.3480453491211 28.69166374206543 
87.35442352294922 28.69166374206543 
87.35442352294922 28.686006546020508 
87.3480453491211 28.686006546020508 
87.3480453491211 28.69166374206543 
> -Z-0.005436062812805176 
87.35444641113281 28.691646575927734 
87.36082458496094 28.691646575927734 
87.36082458496094 28.685989379882812 
87.35444641113281 28.685989379882812 
87.35444641113281 28.691646575927734 
> -Z-0.01188418734818697 
87.3608627319336 28.6972713470459 
87.36724090576172 28.6972713470459 
87.36724090576172 28.691614151000977 
87.3608627319336 28.691614151000977 
87.3608627319336 28.6972713470459 
> -Z-0.020935477688908577 
87.36726379394531 28.697254180908203 
87.37364196777344 28.697254180908203 
87.37364196777344 28.69159507751465 
87.36726379394531 28.69159507751465 
87.36726379394531 28.697254180908203 
> -Z-0.007778308819979429 
87.36083984375 28.691631317138672 
87.36721801757812 28.691631317138672 
87.36721801757812 28.685972213745117 
87.36083984375 28.685972213745117 
87.36083984375 28.691631317138672 
> -Z-0.017993096262216568 
87.36724090576172 28.691614151000977 
87.37361907958984 28.691614151000977 
87.37361907958984 28.685955047607422 
87.36724090576172 28.685955047607422 
87.36724090576172 28.691614151000977 
> -Z-0.001504150335676968 
87.34803009033203 28.68602180480957 
87.35440826416016 28.68602180480957 
87.35440826416016 28.68036460876465 
87.34803009033203 28.68036460876465 
87.34803009033203 28.68602180480957 
> -Z-0.0023260877933353186 
87.35442352294922 28.686006546020508 
87.36080169677734 28.686006546020508 
87.36080169677734 28.680347442626953 
87.35442352294922 28.680347442626953 
87.35442352294922 28.686006546020508 
> -Z0.0010572158498689532 
87.34800720214844 28.680381774902344 
87.35438537597656 28.680381774902344 
87.35438537597656 28.67472267150879 
87.34800720214844 28.67472267150879 
87.34800720214844 28.680381774902344 
> -Z0.0014484146377071738 
87.35440826416016 28.68036460876465 
87.36078643798828 28.68036460876465 
87.36078643798828 28.674705505371094 
87.35440826416016 28.674705505371094 
87.35440826416016 28.68036460876465 
> -Z-0.004319357220083475 
87.36082458496094 28.685989379882812 
87.36720275878906 28.685989379882812 
87.36720275878906 28.680330276489258 
87.36082458496094 28.680330276489258 
87.36082458496094 28.685989379882812 
> -Z-0.01290976069867611 
87.36721801757812 28.685972213745117 
87.37359619140625 28.685972213745117 
87.37359619140625 28.680313110351562 
87.36721801757812 28.680313110351562 
87.36721801757812 28.685972213745117 
> -Z-0.0007740621804259717 
87.36080169677734 28.680347442626953 
87.36717987060547 28.680347442626953 
87.36717987060547 28.6746883392334 
87.36080169677734 28.6746883392334 
87.36080169677734 28.680347442626953 
> -Z-0.005282936617732048 
87.36720275878906 28.680330276489258 
87.37039184570312 28.680330276489258 
87.37039184570312 28.677501678466797 
87.36720275878906 28.677501678466797 
87.36720275878906 28.680330276489258 
> -Z-0.012249448336660862 
87.37039947509766 28.680322647094727 
87.37358856201172 28.680322647094727 
87.37358856201172 28.677492141723633 
87.37039947509766 28.677492141723633 
87.37039947509766 28.680322647094727 
> -Z-0.002920245984569192 
87.36719512939453 28.677509307861328 
87.37037658691406 28.677509307861328 
87.37037658691406 28.674680709838867 
87.36719512939453 28.674680709838867 
87.36719512939453 28.677509307861328 
> -Z-0.00836991611868143 
87.37039184570312 28.677501678466797 
87.37358093261719 28.677501678466797 
87.37358093261719 28.674671173095703 
87.37039184570312 28.674671173095703 
87.37039184570312 28.677501678466797 
> -Z-0.03700628876686096 
87.3736572265625 28.697237014770508 
87.38003540039062 28.697237014770508 
87.38003540039062 28.691577911376953 
87.3736572265625 28.691577911376953 
87.3736572265625 28.697237014770508 
> -Z-0.05194227397441864 
87.38005828857422 28.697219848632812 
87.38324737548828 28.697219848632812 
87.38324737548828 28.69438934326172 
87.38005828857422 28.69438934326172 
87.38005828857422 28.697219848632812 
> -Z-0.06187007203698158 
87.38325500488281 28.69721031188965 
87.38644409179688 28.69721031188965 
87.38644409179688 28.694379806518555 
87.38325500488281 28.694379806518555 
87.38325500488281 28.69721031188965 
> -Z-0.05508507415652275 
87.38004302978516 28.694398880004883 
87.38323211669922 28.694398880004883 
87.38323211669922 28.69156837463379 
87.38004302978516 28.69156837463379 
87.38004302978516 28.694398880004883 
> -Z-0.0650252029299736 
87.38324737548828 28.69438934326172 
87.38643646240234 28.69438934326172 
87.38643646240234 28.691560745239258 
87.38324737548828 28.691560745239258 
87.38324737548828 28.69438934326172 
> -Z-0.0343732014298439 
87.37364196777344 28.69159507751465 
87.3768310546875 28.69159507751465 
87.3768310546875 28.688766479492188 
87.37364196777344 28.688766479492188 
87.37364196777344 28.69159507751465 
> -Z-0.04497908800840378 
87.37683868408203 28.691587448120117 
87.3800277709961 28.691587448120117 
87.3800277709961 28.688756942749023 
87.37683868408203 28.688756942749023 
87.37683868408203 28.691587448120117 
> -Z-0.03496452048420906 
87.37362670898438 28.68877601623535 
87.37681579589844 28.68877601623535 
87.37681579589844 28.685945510864258 
87.37362670898438 28.685945510864258 
87.37362670898438 28.68877601623535 
> -Z-0.0449841134250164 
87.3768310546875 28.688766479492188 
87.38001251220703 28.688766479492188 
87.38001251220703 28.685935974121094 
87.3768310546875 28.685935974121094 
87.3768310546875 28.688766479492188 
> -Z-0.0553518608212471 
87.38003540039062 28.691577911376953 
87.38322448730469 28.691577911376953 
87.38322448730469 28.68874740600586 
87.38003540039062 28.68874740600586 
87.38003540039062 28.691577911376953 
> -Z-0.0671735629439354 
87.38323211669922 28.69156837463379 
87.38642120361328 28.69156837463379 
87.38642120361328 28.688739776611328 
87.38323211669922 28.688739776611328 
87.38323211669922 28.69156837463379 
> -Z-0.055861540138721466 
87.3800277709961 28.688756942749023 
87.38321685791016 28.688756942749023 
87.38321685791016 28.685928344726562 
87.3800277709961 28.685928344726562 
87.3800277709961 28.688756942749023 
> -Z-0.06979649513959885 
87.38322448730469 28.68874740600586 
87.38641357421875 28.68874740600586 
87.38641357421875 28.6859188079834 
87.38322448730469 28.6859188079834 
87.38322448730469 28.68874740600586 
> -Z-0.06921184808015823 
87.3864517211914 28.697200775146484 
87.38964080810547 28.697200775146484 
87.38964080810547 28.694372177124023 
87.3864517211914 28.694372177124023 
87.3864517211914 28.697200775146484 
> -Z-0.07454947382211685 
87.38965606689453 28.69719123840332 
87.3928451538086 28.69719123840332 
87.3928451538086 28.69436264038086 
87.38965606689453 28.69436264038086 
87.38965606689453 28.69719123840332 
> -Z-0.07588595896959305 
87.38644409179688 28.694379806518555 
87.38963317871094 28.694379806518555 
87.38963317871094 28.691551208496094 
87.38644409179688 28.691551208496094 
87.38644409179688 28.694379806518555 
> -Z-0.08228721469640732 
87.38964080810547 28.694372177124023 
87.39282989501953 28.694372177124023 
87.39282989501953 28.69154167175293 
87.38964080810547 28.69154167175293 
87.38964080810547 28.694372177124023 
> -Z-0.0760999470949173 
87.39285278320312 28.69718360900879 
87.39604187011719 28.69718360900879 
87.39604187011719 28.694353103637695 
87.39285278320312 28.694353103637695 
87.39285278320312 28.69718360900879 
> -Z-0.0757327675819397 
87.39604949951172 28.697174072265625 
87.39923858642578 28.697174072265625 
87.39923858642578 28.69434356689453 
87.39604949951172 28.69434356689453 
87.39604949951172 28.697174072265625 
> -Z-0.0842074528336525 
87.3928451538086 28.69436264038086 
87.39603424072266 28.69436264038086 
87.39603424072266 28.691532135009766 
87.3928451538086 28.691532135009766 
87.3928451538086 28.69436264038086 
> -Z-0.0849325880408287 
87.39604187011719 28.694353103637695 
87.39923095703125 28.694353103637695 
87.39923095703125 28.6915225982666 
87.39604187011719 28.6915225982666 
87.39604187011719 28.694353103637695 
> -Z-0.08109650015830994 
87.38643646240234 28.691560745239258 
87.3896255493164 28.691560745239258 
87.3896255493164 28.688730239868164 
87.38643646240234 28.688730239868164 
87.38643646240234 28.691560745239258 
> -Z-0.0908510833978653 
87.38963317871094 28.691551208496094 
87.392822265625 28.691551208496094 
87.392822265625 28.688720703125 
87.38963317871094 28.688720703125 
87.38963317871094 28.691551208496094 
> -Z-0.0896233394742012 
87.38642120361328 28.688739776611328 
87.38961029052734 28.688739776611328 
87.38961029052734 28.685909271240234 
87.38642120361328 28.685909271240234 
87.38642120361328 28.688739776611328 
> -Z-0.10630470514297485 
87.3896255493164 28.688730239868164 
87.39280700683594 28.688730239868164 
87.39280700683594 28.68589973449707 
87.3896255493164 28.68589973449707 
87.3896255493164 28.688730239868164 
> -Z-0.09571400284767151 
87.39282989501953 28.69154167175293 
87.3960189819336 28.69154167175293 
87.3960189819336 28.688711166381836 
87.39282989501953 28.688711166381836 
87.39282989501953 28.69154167175293 
> -Z-0.09898194670677185 
87.39603424072266 28.691532135009766 
87.39921569824219 28.691532135009766 
87.39921569824219 28.688701629638672 
87.39603424072266 28.688701629638672 
87.39603424072266 28.691532135009766 
> -Z-0.11279108375310898 
87.392822265625 28.688720703125 
87.39601135253906 28.688720703125 
87.39601135253906 28.685890197753906 
87.392822265625 28.685890197753906 
87.392822265625 28.688720703125 
> -Z-0.11437917500734329 
87.3960189819336 28.688711166381836 
87.39920806884766 28.688711166381836 
87.39920806884766 28.685880661010742 
87.3960189819336 28.685880661010742 
87.3960189819336 28.688711166381836 
> -Z-0.035131584852933884 
87.37361907958984 28.685955047607422 
87.3768081665039 28.685955047607422 
87.3768081665039 28.683124542236328 
87.37361907958984 28.683124542236328 
87.37361907958984 28.685955047607422 
> -Z-0.045170754194259644 
87.37681579589844 28.685945510864258 
87.3800048828125 28.685945510864258 
87.3800048828125 28.683116912841797 
87.37681579589844 28.683116912841797 
87.37681579589844 28.685945510864258 
> -Z-0.03202486038208008 
87.37361145019531 28.683134078979492 
87.37680053710938 28.683134078979492 
87.37680053710938 28.6803035736084 
87.37361145019531 28.6803035736084 
87.37361145019531 28.683134078979492 
> -Z-0.04366154968738556 
87.3768081665039 28.683124542236328 
87.37999725341797 28.683124542236328 
87.37999725341797 28.680295944213867 
87.3768081665039 28.680295944213867 
87.3768081665039 28.683124542236328 
> -Z-0.05887862667441368 
87.38001251220703 28.685935974121094 
87.3832015991211 28.685935974121094 
87.3832015991211 28.683107376098633 
87.38001251220703 28.683107376098633 
87.38001251220703 28.685935974121094 
> -Z-0.0761520266532898 
87.38321685791016 28.685928344726562 
87.38640594482422 28.685928344726562 
87.38640594482422 28.68309783935547 
87.38321685791016 28.68309783935547 
87.38321685791016 28.685928344726562 
> -Z-0.051065072417259216 
87.3800048828125 28.683116912841797 
87.38319396972656 28.683116912841797 
87.38319396972656 28.680286407470703 
87.3800048828125 28.680286407470703 
87.3800048828125 28.683116912841797 
> -Z-0.06046587973833084 
87.3832015991211 28.683107376098633 
87.38639068603516 28.683107376098633 
87.38639068603516 28.68027687072754 
87.3832015991211 28.68027687072754 
87.3832015991211 28.683107376098633 
> -Z-0.027531379833817482 
87.37359619140625 28.680313110351562 
87.37678527832031 28.680313110351562 
87.37678527832031 28.67748260498047 
87.37359619140625 28.67748260498047 
87.37359619140625 28.680313110351562 
> -Z-0.03868108615279198 
87.37680053710938 28.6803035736084 
87.3799819946289 28.6803035736084 
87.3799819946289 28.677474975585938 
87.37680053710938 28.677474975585938 
87.37680053710938 28.6803035736084 
> -Z-0.01891545206308365 
87.37358856201172 28.677492141723633 
87.37677764892578 28.677492141723633 
87.37677764892578 28.674663543701172 
87.37358856201172 28.674663543701172 
87.37358856201172 28.677492141723633 
> -Z-0.03358642756938934 
87.37678527832031 28.67748260498047 
87.37997436523438 28.67748260498047 
87.37997436523438 28.674654006958008 
87.37678527832031 28.674654006958008 
87.37678527832031 28.67748260498047 
> -Z-0.043836697936058044 
87.37999725341797 28.680295944213867 
87.38318634033203 28.680295944213867 
87.38318634033203 28.677465438842773 
87.37999725341797 28.677465438842773 
87.37999725341797 28.680295944213867 
> -Z-0.06577163934707642 
87.38319396972656 28.680286407470703 
87.38638305664062 28.680286407470703 
87.38638305664062 28.67745590209961 
87.38319396972656 28.67745590209961 
87.38319396972656 28.680286407470703 
> -Z-0.044730156660079956 
87.3799819946289 28.677474975585938 
87.38317108154297 28.677474975585938 
87.38317108154297 28.674644470214844 
87.3799819946289 28.674644470214844 
87.3799819946289 28.677474975585938 
> -Z-0.07348226755857468 
87.38318634033203 28.677465438842773 
87.3863754272461 28.677465438842773 
87.3863754272461 28.67463493347168 
87.38318634033203 28.67463493347168 
87.38318634033203 28.677465438842773 
> -Z-0.10212327539920807 
87.38641357421875 28.6859188079834 
87.38960266113281 28.6859188079834 
87.38960266113281 28.683088302612305 
87.38641357421875 28.683088302612305 
87.38641357421875 28.6859188079834 
> -Z-0.11749035120010376 
87.38961029052734 28.685909271240234 
87.3927993774414 28.685909271240234 
87.3927993774414 28.68307876586914 
87.38961029052734 28.68307876586914 
87.38961029052734 28.685909271240234 
> -Z-0.10943897068500519 
87.38640594482422 28.68309783935547 
87.38958740234375 28.68309783935547 
87.38958740234375 28.680267333984375 
87.38640594482422 28.680267333984375 
87.38640594482422 28.68309783935547 
> -Z-0.1225595623254776 
87.38960266113281 28.683088302612305 
87.39279174804688 28.683088302612305 
87.39279174804688 28.680259704589844 
87.38960266113281 28.680259704589844 
87.38960266113281 28.683088302612305 
> -Z-0.1235201433300972 
87.39280700683594 28.68589973449707 
87.39599609375 28.68589973449707 
87.39599609375 28.683069229125977 
87.39280700683594 28.683069229125977 
87.39280700683594 28.68589973449707 
> -Z-0.12290512770414352 
87.39601135253906 28.685890197753906 
87.39920043945312 28.685890197753906 
87.39920043945312 28.683061599731445 
87.39601135253906 28.683061599731445 
87.39601135253906 28.685890197753906 
> -Z-0.13094040751457214 
87.3927993774414 28.68307876586914 
87.39598846435547 28.68307876586914 
87.39598846435547 28.68025016784668 
87.3927993774414 28.68025016784668 
87.3927993774414 28.68307876586914 
> -Z-0.13274021446704865 
87.39599609375 28.683069229125977 
87.39918518066406 28.683069229125977 
87.39918518066406 28.680240631103516 
87.39599609375 28.680240631103516 
87.39599609375 28.683069229125977 
> -Z-0.10959496349096298 
87.38639068603516 28.68027687072754 
87.38957977294922 28.68027687072754 
87.38957977294922 28.677448272705078 
87.38639068603516 28.677448272705078 
87.38639068603516 28.68027687072754 
> -Z-0.12706685066223145 
87.38958740234375 28.680267333984375 
87.39277648925781 28.680267333984375 
87.39277648925781 28.677438735961914 
87.38958740234375 28.677438735961914 
87.38958740234375 28.680267333984375 
> -Z-0.10632037371397018 
87.38638305664062 28.67745590209961 
87.38957214355469 28.67745590209961 
87.38957214355469 28.67462730407715 
87.38638305664062 28.67462730407715 
87.38638305664062 28.67745590209961 
> -Z-0.12285231798887253 
87.38957977294922 28.677448272705078 
87.39276885986328 28.677448272705078 
87.39276885986328 28.674617767333984 
87.38957977294922 28.674617767333984 
87.38957977294922 28.677448272705078 
> -Z-0.13771677017211914 
87.39279174804688 28.680259704589844 
87.39598083496094 28.680259704589844 
87.39598083496094 28.67742919921875 
87.39279174804688 28.67742919921875 
87.39279174804688 28.680259704589844 
> -Z-0.14169791340827942 
87.39598846435547 28.68025016784668 
87.39917755126953 28.68025016784668 
87.39917755126953 28.677419662475586 
87.39598846435547 28.677419662475586 
87.39598846435547 28.68025016784668 
> -Z-0.1378677487373352 
87.39277648925781 28.677438735961914 
87.39596557617188 28.677438735961914 
87.39596557617188 28.67460823059082 
87.39277648925781 28.67460823059082 
87.39277648925781 28.677438735961914 
> -Z-0.149983748793602 
87.39598083496094 28.67742919921875 
87.39916229248047 28.67742919921875 
87.39916229248047 28.674598693847656 
87.39598083496094 28.674598693847656 
87.39598083496094 28.67742919921875 
> -Z-0.01588340476155281 
87.29732513427734 28.855384826660156 
87.39950561523438 28.855384826660156 
87.39950561523438 28.764860153198242 
87.29732513427734 28.764860153198242 
87.29732513427734 28.855384826660156 
> -Z-0.02664593607187271 
87.3988265991211 28.584335327148438 
87.50065612792969 28.584335327148438 
87.50065612792969 28.49373435974121 
87.3988265991211 28.49373435974121 
87.3988265991211 28.584335327148438 
> -Z-0.14587214589118958 
87.39916229248047 28.674598693847656 
87.40235137939453 28.674598693847656 
87.40235137939453 28.671768188476562 
87.39916229248047 28.671768188476562 
87.39916229248047 28.674598693847656 
> -Z-0.14060761034488678 
87.4023666381836 28.674589157104492 
87.40554809570312 28.674589157104492 
87.40554809570312 28.6717586517334 
87.4023666381836 28.6717586517334 
87.4023666381836 28.674589157104492 
> -Z-0.14394499361515045 
87.39915466308594 28.671777725219727 
87.40234375 28.671777725219727 
87.40234375 28.668947219848633 
87.39915466308594 28.668947219848633 
87.39915466308594 28.671777725219727 
> -Z-0.1401228904724121 
87.40235137939453 28.671768188476562 
87.4055404663086 28.671768188476562 
87.4055404663086 28.66893768310547 
87.40235137939453 28.66893768310547 
87.40235137939453 28.671768188476562 
> -Z-0.13262145221233368 
87.40556335449219 28.674579620361328 
87.40875244140625 28.674579620361328 
87.40875244140625 28.671749114990234 
87.40556335449219 28.671749114990234 
87.40556335449219 28.674579620361328 
> -Z-0.12079024314880371 
87.40876007080078 28.674570083618164 
87.41194915771484 28.674570083618164 
87.41194915771484 28.67173957824707 
87.40876007080078 28.67173957824707 
87.40876007080078 28.674570083618164 
> -Z-0.13247430324554443 
87.40554809570312 28.6717586517334 
87.40873718261719 28.6717586517334 
87.40873718261719 28.668928146362305 
87.40554809570312 28.668928146362305 
87.40554809570312 28.6717586517334 
> -Z-0.12283753603696823 
87.40875244140625 28.671749114990234 
87.41193389892578 28.671749114990234 
87.41193389892578 28.66891860961914 
87.40875244140625 28.66891860961914 
87.40875244140625 28.671749114990234 
> -Z-0.1365111917257309 
87.3991470336914 28.668956756591797 
87.40232849121094 28.668956756591797 
87.40232849121094 28.666126251220703 
87.3991470336914 28.666126251220703 
87.3991470336914 28.668956756591797 
> -Z-0.1358564794063568 
87.40234375 28.668947219848633 
87.40553283691406 28.668947219848633 
87.40553283691406 28.66611671447754 
87.40234375 28.66611671447754 
87.40234375 28.668947219848633 
> -Z-0.12290077656507492 
87.39913177490234 28.666135787963867 
87.4023208618164 28.666135787963867 
87.4023208618164 28.663307189941406 
87.39913177490234 28.663307189941406 
87.39913177490234 28.666135787963867 
> -Z-0.1246042251586914 
87.40232849121094 28.666126251220703 
87.405517578125 28.666126251220703 
87.405517578125 28.663297653198242 
87.40232849121094 28.663297653198242 
87.40232849121094 28.666126251220703 
> -Z-0.1324135661125183 
87.4055404663086 28.66893768310547 
87.40872955322266 28.66893768310547 
87.40872955322266 28.666107177734375 
87.4055404663086 28.666107177734375 
87.4055404663086 28.66893768310547 
> -Z-0.12105958163738251 
87.40873718261719 28.668928146362305 
87.41192626953125 28.668928146362305 
87.41192626953125 28.66609764099121 
87.40873718261719 28.66609764099121 
87.40873718261719 28.668928146362305 
> -Z-0.12477614730596542 
87.40553283691406 28.66611671447754 
87.4087142944336 28.66611671447754 
87.4087142944336 28.663288116455078 
87.40553283691406 28.663288116455078 
87.40553283691406 28.66611671447754 
> -Z-0.1176457330584526 
87.40872955322266 28.666107177734375 
87.41191864013672 28.666107177734375 
87.41191864013672 28.663278579711914 
87.40872955322266 28.663278579711914 
87.40872955322266 28.666107177734375 
> -Z-0.11006076633930206 
87.41195678710938 28.674560546875 
87.41514587402344 28.674560546875 
87.41514587402344 28.671730041503906 
87.41195678710938 28.671730041503906 
87.41195678710938 28.674560546875 
> -Z-0.0864025130867958 
87.4151611328125 28.674551010131836 
87.41834259033203 28.674551010131836 
87.41834259033203 28.671720504760742 
87.4151611328125 28.671720504760742 
87.4151611328125 28.674551010131836 
> -Z-0.10193594545125961 
87.41194915771484 28.67173957824707 
87.4151382446289 28.67173957824707 
87.4151382446289 28.668909072875977 
87.41194915771484 28.668909072875977 
87.41194915771484 28.67173957824707 
> -Z-0.09131871908903122 
87.41514587402344 28.671730041503906 
87.4183349609375 28.671730041503906 
87.4183349609375 28.668899536132812 
87.41514587402344 28.668899536132812 
87.41514587402344 28.671730041503906 
> -Z-0.07642408460378647 
87.4183578491211 28.674541473388672 
87.42153930664062 28.674541473388672 
87.42153930664062 28.671710968017578 
87.4183578491211 28.671710968017578 
87.4183578491211 28.674541473388672 
> -Z-0.07001340389251709 
87.42155456542969 28.674530029296875 
87.42474365234375 28.674530029296875 
87.42474365234375 28.67169952392578 
87.42155456542969 28.67169952392578 
87.42155456542969 28.674530029296875 
> -Z-0.08184132725000381 
87.41834259033203 28.671720504760742 
87.4215316772461 28.671720504760742 
87.4215316772461 28.66888999938965 
87.41834259033203 28.66888999938965 
87.41834259033203 28.671720504760742 
> -Z-0.07335937023162842 
87.42153930664062 28.671710968017578 
87.42472839355469 28.671710968017578 
87.42472839355469 28.66887855529785 
87.42153930664062 28.66887855529785 
87.42153930664062 28.671710968017578 
> -Z-0.10718412697315216 
87.41193389892578 28.66891860961914 
87.41512298583984 28.66891860961914 
87.41512298583984 28.666088104248047 
87.41193389892578 28.666088104248047 
87.41193389892578 28.66891860961914 
> -Z-0.09657888114452362 
87.4151382446289 28.668909072875977 
87.41831970214844 28.668909072875977 
87.41831970214844 28.666078567504883 
87.4151382446289 28.666078567504883 
87.4151382446289 28.668909072875977 
> -Z-0.10734498500823975 
87.41192626953125 28.66609764099121 
87.41511535644531 28.66609764099121 
87.41511535644531 28.663267135620117 
87.41192626953125 28.663267135620117 
87.41192626953125 28.66609764099121 
> -Z-0.09602385014295578 
87.41512298583984 28.666088104248047 
87.4183120727539 28.666088104248047 
87.4183120727539 28.663257598876953 
87.41512298583984 28.663257598876953 
87.41512298583984 28.666088104248047 
> -Z-0.08558397740125656 
87.4183349609375 28.668899536132812 
87.42151641845703 28.668899536132812 
87.42151641845703 28.66606903076172 
87.4183349609375 28.66606903076172 
87.4183349609375 28.668899536132812 
> -Z-0.07529105991125107 
87.4215316772461 28.66888999938965 
87.42472076416016 28.66888999938965 
87.42472076416016 28.666059494018555 
87.4215316772461 28.666059494018555 
87.4215316772461 28.66888999938965 
> -Z-0.08387994021177292 
87.41831970214844 28.666078567504883 
87.4215087890625 28.666078567504883 
87.4215087890625 28.66324806213379 
87.41831970214844 28.66324806213379 
87.41831970214844 28.666078567504883 
> -Z-0.07461968064308167 
87.42151641845703 28.66606903076172 
87.4247055053711 28.66606903076172 
87.4247055053711 28.663238525390625 
87.42151641845703 28.663238525390625 
87.42151641845703 28.66606903076172 
> -Z-0.10741416364908218 
87.39912414550781 28.66331672668457 
87.40231323242188 28.66331672668457 
87.40231323242188 28.660486221313477 
87.39912414550781 28.660486221313477 
87.39912414550781 28.66331672668457 
> -Z-0.11179258674383163 
87.4023208618164 28.663307189941406 
87.40550994873047 28.663307189941406 
87.40550994873047 28.660476684570312 
87.4023208618164 28.660476684570312 
87.4023208618164 28.663307189941406 
> -Z-0.08148752152919769 
87.39910888671875 28.66049575805664 
87.40229797363281 28.66049575805664 
87.40229797363281 28.657665252685547 
87.39910888671875 28.657665252685547 
87.39910888671875 28.66049575805664 
> -Z-0.08746612817049026 
87.40231323242188 28.660486221313477 
87.4054946899414 28.660486221313477 
87.4054946899414 28.657655715942383 
87.40231323242188 28.657655715942383 
87.40231323242188 28.660486221313477 
> -Z-0.1128886267542839 
87.405517578125 28.663297653198242 
87.40870666503906 28.663297653198242 
87.40870666503906 28.66046714782715 
87.405517578125 28.66046714782715 
87.405517578125 28.663297653198242 
> -Z-0.10798638314008713 
87.4087142944336 28.663288116455078 
87.41190338134766 28.663288116455078 
87.41190338134766 28.660457611083984 
87.4087142944336 28.660457611083984 
87.4087142944336 28.663288116455078 
> -Z-0.0896245613694191 
87.40550994873047 28.660476684570312 
87.40869140625 28.660476684570312 
87.40869140625 28.65764617919922 
87.40550994873047 28.65764617919922 
87.40550994873047 28.660476684570312 
> -Z-0.09071309864521027 
87.40870666503906 28.66046714782715 
87.41189575195312 28.66046714782715 
87.41189575195312 28.657636642456055 
87.40870666503906 28.657636642456055 
87.40870666503906 28.66046714782715 
> -Z-0.06420228630304337 
87.39910125732422 28.65767478942871 
87.40229034423828 28.65767478942871 
87.40229034423828 28.654844284057617 
87.39910125732422 28.654844284057617 
87.39910125732422 28.65767478942871 
> -Z-0.07017820328474045 
87.40229797363281 28.657665252685547 
87.40548706054688 28.657665252685547 
87.40548706054688 28.654834747314453 
87.40229797363281 28.654834747314453 
87.40229797363281 28.657665252685547 
> -Z-0.051816437393426895 
87.39909362792969 28.65485382080078 
87.40227508544922 28.65485382080078 
87.40227508544922 28.652023315429688 
87.39909362792969 28.652023315429688 
87.39909362792969 28.65485382080078 
> -Z-0.059073757380247116 
87.40229034423828 28.654844284057617 
87.40547180175781 28.654844284057617 
87.40547180175781 28.652013778686523 
87.40229034423828 28.652013778686523 
87.40229034423828 28.654844284057617 
> -Z-0.07436342537403107 
87.4054946899414 28.657655715942383 
87.40868377685547 28.657655715942383 
87.40868377685547 28.65482521057129 
87.4054946899414 28.65482521057129 
87.4054946899414 28.657655715942383 
> -Z-0.07721424102783203 
87.40869140625 28.65764617919922 
87.41188049316406 28.65764617919922 
87.41188049316406 28.654815673828125 
87.40869140625 28.654815673828125 
87.40869140625 28.65764617919922 
> -Z-0.06510593742132187 
87.40548706054688 28.654834747314453 
87.40867614746094 28.654834747314453 
87.40867614746094 28.65200424194336 
87.40548706054688 28.65200424194336 
87.40548706054688 28.654834747314453 
> -Z-0.06885837018489838 
87.40868377685547 28.65482521057129 
87.41187286376953 28.65482521057129 
87.41187286376953 28.651994705200195 
87.40868377685547 28.651994705200195 
87.40868377685547 28.65482521057129 
> -Z-0.09906207770109177 
87.41191864013672 28.663278579711914 
87.41510009765625 28.663278579711914 
87.41510009765625 28.66044807434082 
87.41191864013672 28.66044807434082 
87.41191864013672 28.663278579711914 
> -Z-0.08968416601419449 
87.41511535644531 28.663267135620117 
87.41829681396484 28.663267135620117 
87.41829681396484 28.660436630249023 
87.41511535644531 28.660436630249023 
87.41511535644531 28.663267135620117 
> -Z-0.08718634396791458 
87.41190338134766 28.660457611083984 
87.41509246826172 28.660457611083984 
87.41509246826172 28.65762710571289 
87.41190338134766 28.65762710571289 
87.41190338134766 28.660457611083984 
> -Z-0.08175821602344513 
87.41510009765625 28.66044807434082 
87.41828918457031 28.66044807434082 
87.41828918457031 28.657617568969727 
87.41510009765625 28.657617568969727 
87.41510009765625 28.66044807434082 
> -Z-0.07466531544923782 
87.4183120727539 28.663257598876953 
87.4246826171875 28.663257598876953 
87.4246826171875 28.657596588134766 
87.4183120727539 28.657596588134766 
87.4183120727539 28.663257598876953 
> -Z-0.07715277373790741 
87.41189575195312 28.657636642456055 
87.41507720947266 28.657636642456055 
87.41507720947266 28.65480613708496 
87.41189575195312 28.65480613708496 
87.41189575195312 28.657636642456055 
> -Z-0.07408187538385391 
87.41509246826172 28.65762710571289 
87.41827392578125 28.65762710571289 
87.41827392578125 28.654796600341797 
87.41509246826172 28.654796600341797 
87.41509246826172 28.65762710571289 
> -Z-0.06927074491977692 
87.41188049316406 28.654815673828125 
87.41506958007812 28.654815673828125 
87.41506958007812 28.65198516845703 
87.41188049316406 28.65198516845703 
87.41188049316406 28.654815673828125 
> -Z-0.0673774927854538 
87.41507720947266 28.65480613708496 
87.41826629638672 28.65480613708496 
87.41826629638672 28.651975631713867 
87.41507720947266 28.651975631713867 
87.41507720947266 28.65480613708496 
> -Z-0.06361869722604752 
87.41828918457031 28.657617568969727 
87.4246597290039 28.657617568969727 
87.4246597290039 28.651954650878906 
87.41828918457031 28.651954650878906 
87.41828918457031 28.657617568969727 
> -Z-0.059388261288404465 
87.42475128173828 28.67452049255371 
87.4311294555664 28.67452049255371 
87.4311294555664 28.668859481811523 
87.42475128173828 28.668859481811523 
87.42475128173828 28.67452049255371 
> -Z-0.04384879395365715 
87.43115234375 28.674501419067383 
87.4375228881836 28.674501419067383 
87.4375228881836 28.668838500976562 
87.43115234375 28.668838500976562 
87.43115234375 28.674501419067383 
> -Z-0.06046205386519432 
87.42472839355469 28.66887855529785 
87.43110656738281 28.66887855529785 
87.43110656738281 28.663217544555664 
87.42472839355469 28.663217544555664 
87.42472839355469 28.66887855529785 
> -Z-0.04161720350384712 
87.4311294555664 28.668859481811523 
87.4375 28.668859481811523 
87.4375 28.663196563720703 
87.4311294555664 28.663196563720703 
87.4311294555664 28.668859481811523 
> -Z-0.03366220369935036 
87.43754577636719 28.674480438232422 
87.44391632080078 28.674480438232422 
87.44391632080078 28.6688175201416 
87.43754577636719 28.6688175201416 
87.43754577636719 28.674480438232422 
> -Z-0.02846076339483261 
87.44393920898438 28.67445945739746 
87.4503173828125 28.67445945739746 
87.4503173828125 28.66879653930664 
87.44393920898438 28.66879653930664 
87.44393920898438 28.67445945739746 
> -Z-0.03138166666030884 
87.4375228881836 28.668838500976562 
87.44389343261719 28.668838500976562 
87.44389343261719 28.663177490234375 
87.4375228881836 28.663177490234375 
87.4375228881836 28.668838500976562 
> -Z-0.027601538226008415 
87.44391632080078 28.6688175201416 
87.4502944946289 28.6688175201416 
87.4502944946289 28.66315460205078 
87.44391632080078 28.66315460205078 
87.44391632080078 28.6688175201416 
> -Z-0.0577876940369606 
87.4247055053711 28.663238525390625 
87.43108367919922 28.663238525390625 
87.43108367919922 28.657577514648438 
87.4247055053711 28.657577514648438 
87.4247055053711 28.663238525390625 
> -Z-0.03899577632546425 
87.43110656738281 28.663217544555664 
87.4374771118164 28.663217544555664 
87.4374771118164 28.657556533813477 
87.43110656738281 28.657556533813477 
87.43110656738281 28.663217544555664 
> -Z-0.05117351561784744 
87.4246826171875 28.657596588134766 
87.4310531616211 28.657596588134766 
87.4310531616211 28.651935577392578 
87.4246826171875 28.651935577392578 
87.4246826171875 28.657596588134766 
> -Z-0.039749693125486374 
87.43108367919922 28.657577514648438 
87.43745422363281 28.657577514648438 
87.43745422363281 28.651914596557617 
87.43108367919922 28.651914596557617 
87.43108367919922 28.657577514648438 
> -Z-0.03102812170982361 
87.4375 28.663196563720703 
87.4438705444336 28.663196563720703 
87.4438705444336 28.657535552978516 
87.4375 28.657535552978516 
87.4375 28.663196563720703 
> -Z-0.02745547518134117 
87.44389343261719 28.663177490234375 
87.45026397705078 28.663177490234375 
87.45026397705078 28.657514572143555 
87.44389343261719 28.657514572143555 
87.44389343261719 28.663177490234375 
> -Z-0.03244087100028992 
87.4374771118164 28.657556533813477 
87.44384765625 28.657556533813477 
87.44384765625 28.651893615722656 
87.4374771118164 28.651893615722656 
87.4374771118164 28.657556533813477 
> -Z-0.028947055339813232 
87.4438705444336 28.657535552978516 
87.45024108886719 28.657535552978516 
87.45024108886719 28.651872634887695 
87.4438705444336 28.651872634887695 
87.4438705444336 28.657535552978516 
> -Z-0.042046595364809036 
87.39907836914062 28.65203285217285 
87.40226745605469 28.65203285217285 
87.40226745605469 28.649202346801758 
87.39907836914062 28.649202346801758 
87.39907836914062 28.65203285217285 
> -Z-0.04936138167977333 
87.40227508544922 28.652023315429688 
87.40546417236328 28.652023315429688 
87.40546417236328 28.649192810058594 
87.40227508544922 28.649192810058594 
87.40227508544922 28.652023315429688 
> -Z-0.03616953641176224 
87.3990707397461 28.649211883544922 
87.40225982666016 28.649211883544922 
87.40225982666016 28.64638328552246 
87.3990707397461 28.64638328552246 
87.3990707397461 28.649211883544922 
> -Z-0.04277084767818451 
87.40226745605469 28.649202346801758 
87.40545654296875 28.649202346801758 
87.40545654296875 28.646373748779297 
87.40226745605469 28.646373748779297 
87.40226745605469 28.649202346801758 
> -Z-0.05587610602378845 
87.40547180175781 28.652013778686523 
87.40866088867188 28.652013778686523 
87.40866088867188 28.64918327331543 
87.40547180175781 28.64918327331543 
87.40547180175781 28.652013778686523 
> -Z-0.05987548828125 
87.40867614746094 28.65200424194336 
87.41185760498047 28.65200424194336 
87.41185760498047 28.649173736572266 
87.40867614746094 28.649173736572266 
87.40867614746094 28.65200424194336 
> -Z-0.0490698516368866 
87.40546417236328 28.649192810058594 
87.40865325927734 28.649192810058594 
87.40865325927734 28.6463623046875 
87.40546417236328 28.6463623046875 
87.40546417236328 28.649192810058594 
> -Z-0.05282346531748772 
87.40866088867188 28.64918327331543 
87.41184997558594 28.64918327331543 
87.41184997558594 28.646352767944336 
87.40866088867188 28.646352767944336 
87.40866088867188 28.64918327331543 
> -Z-0.030929358676075935 
87.39905548095703 28.646390914916992 
87.40543365478516 28.646390914916992 
87.40543365478516 28.640731811523438 
87.39905548095703 28.640731811523438 
87.39905548095703 28.646390914916992 
> -Z-0.04033577814698219 
87.40545654296875 28.646373748779297 
87.41182708740234 28.646373748779297 
87.41182708740234 28.64071273803711 
87.40545654296875 28.64071273803711 
87.40545654296875 28.646373748779297 
> -Z-0.05767704173922539 
87.41187286376953 28.651994705200195 
87.41824340820312 28.651994705200195 
87.41824340820312 28.646333694458008 
87.41187286376953 28.646333694458008 
87.41187286376953 28.651994705200195 
> -Z-0.05389850586652756 
87.41826629638672 28.651975631713867 
87.42463684082031 28.651975631713867 
87.42463684082031 28.64631462097168 
87.41826629638672 28.64631462097168 
87.41826629638672 28.651975631713867 
> -Z-0.04440891742706299 
87.41184997558594 28.646352767944336 
87.41822052001953 28.646352767944336 
87.41822052001953 28.64069175720215 
87.41184997558594 28.64069175720215 
87.41184997558594 28.646352767944336 
> -Z-0.043576620519161224 
87.41824340820312 28.646333694458008 
87.42461395263672 28.646333694458008 
87.42461395263672 28.64067268371582 
87.41824340820312 28.64067268371582 
87.41824340820312 28.646333694458008 
> -Z-0.021451851353049278 
87.39904022216797 28.640750885009766 
87.40541076660156 28.640750885009766 
87.40541076660156 28.635089874267578 
87.39904022216797 28.635089874267578 
87.39904022216797 28.640750885009766 
> -Z-0.028478873893618584 
87.40543365478516 28.640731811523438 
87.41180419921875 28.640731811523438 
87.41180419921875 28.63507080078125 
87.40543365478516 28.63507080078125 
87.40543365478516 28.640731811523438 
> -Z-0.016037849709391594 
87.39901733398438 28.635108947753906 
87.40538787841797 28.635108947753906 
87.40538787841797 28.62944793701172 
87.39901733398438 28.62944793701172 
87.39901733398438 28.635108947753906 
> -Z-0.02111511304974556 
87.40541076660156 28.635089874267578 
87.41178131103516 28.635089874267578 
87.41178131103516 28.62942886352539 
87.40541076660156 28.62942886352539 
87.40541076660156 28.635089874267578 
> -Z-0.03251185268163681 
87.41182708740234 28.64071273803711 
87.41819763183594 28.64071273803711 
87.41819763183594 28.635051727294922 
87.41182708740234 28.635051727294922 
87.41182708740234 28.64071273803711 
> -Z-0.03374910727143288 
87.41822052001953 28.64069175720215 
87.42459106445312 28.64069175720215 
87.42459106445312 28.63503074645996 
87.41822052001953 28.63503074645996 
87.41822052001953 28.64069175720215 
> -Z-0.024547109380364418 
87.41180419921875 28.63507080078125 
87.41817474365234 28.63507080078125 
87.41817474365234 28.629409790039062 
87.41180419921875 28.629409790039062 
87.41180419921875 28.63507080078125 
> -Z-0.026013245806097984 
87.41819763183594 28.635051727294922 
87.42456817626953 28.635051727294922 
87.42456817626953 28.629390716552734 
87.41819763183594 28.629390716552734 
87.41819763183594 28.635051727294922 
> -Z-0.04676751792430878 
87.4246597290039 28.651954650878906 
87.4310302734375 28.651954650878906 
87.4310302734375 28.64629364013672 
87.4246597290039 28.64629364013672 
87.4246597290039 28.651954650878906 
> -Z-0.03797831013798714 
87.4310531616211 28.651935577392578 
87.43743133544922 28.651935577392578 
87.43743133544922 28.646272659301758 
87.4310531616211 28.646272659301758 
87.4310531616211 28.651935577392578 
> -Z-0.03936498612165451 
87.42463684082031 28.64631462097168 
87.4310073852539 28.64631462097168 
87.4310073852539 28.64065170288086 
87.42463684082031 28.64065170288086 
87.42463684082031 28.64631462097168 
> -Z-0.03329339995980263 
87.4310302734375 28.64629364013672 
87.43740844726562 28.64629364013672 
87.43740844726562 28.64063262939453 
87.4310302734375 28.64063262939453 
87.4310302734375 28.64629364013672 
> -Z-0.031138770282268524 
87.43745422363281 28.651914596557617 
87.4438247680664 28.651914596557617 
87.4438247680664 28.646251678466797 
87.43745422363281 28.646251678466797 
87.43745422363281 28.651914596557617 
> -Z-0.027906149625778198 
87.44384765625 28.651893615722656 
87.4502182006836 28.651893615722656 
87.4502182006836 28.646230697631836 
87.44384765625 28.646230697631836 
87.44384765625 28.651893615722656 
> -Z-0.028696395456790924 
87.43743133544922 28.646272659301758 
87.44380187988281 28.646272659301758 
87.44380187988281 28.64061164855957 
87.43743133544922 28.64061164855957 
87.43743133544922 28.646272659301758 
> -Z-0.02636798284947872 
87.4438247680664 28.646251678466797 
87.4501953125 28.646251678466797 
87.4501953125 28.64059066772461 
87.4438247680664 28.64059066772461 
87.4438247680664 28.646251678466797 
> -Z-0.03195884823799133 
87.42461395263672 28.64067268371582 
87.43098449707031 28.64067268371582 
87.43098449707031 28.635011672973633 
87.42461395263672 28.635011672973633 
87.42461395263672 28.64067268371582 
> -Z-0.029141690582036972 
87.4310073852539 28.64065170288086 
87.43738555908203 28.64065170288086 
87.43738555908203 28.634990692138672 
87.4310073852539 28.634990692138672 
87.4310073852539 28.64065170288086 
> -Z-0.027293579652905464 
87.42459106445312 28.63503074645996 
87.43096160888672 28.63503074645996 
87.43096160888672 28.629369735717773 
87.42459106445312 28.629369735717773 
87.42459106445312 28.63503074645996 
> -Z-0.027000470086932182 
87.43098449707031 28.635011672973633 
87.4373550415039 28.635011672973633 
87.4373550415039 28.629348754882812 
87.43098449707031 28.629348754882812 
87.43098449707031 28.635011672973633 
> -Z-0.026308249682188034 
87.43740844726562 28.64063262939453 
87.45014953613281 28.64063262939453 
87.45014953613281 28.62930679321289 
87.43740844726562 28.62930679321289 
87.43740844726562 28.64063262939453 
> -Z-0.03348609805107117 
87.4503402709961 28.6744384765625 
87.50129699707031 28.6744384765625 
87.50129699707031 28.629127502441406 
87.4503402709961 28.629127502441406 
87.4503402709961 28.6744384765625 
> -Z-0.021150456741452217 
87.39899444580078 28.629467010498047 
87.449951171875 28.629467010498047 
87.449951171875 28.584177017211914 
87.39899444580078 28.584177017211914 
87.39899444580078 28.629467010498047 
> -Z-0.030446795746684074 
87.45014953613281 28.62930679321289 
87.50108337402344 28.62930679321289 
87.50108337402344 28.58399772644043 
87.45014953613281 28.58399772644043 
87.45014953613281 28.62930679321289 
> -Z-0.020199578255414963 
87.39950561523438 28.764860153198242 
87.45053100585938 28.764860153198242 
87.45053100585938 28.719568252563477 
87.39950561523438 28.719568252563477 
87.39950561523438 28.764860153198242 
> -Z-0.022177129983901978 
87.45072937011719 28.764698028564453 
87.50172424316406 28.764698028564453 
87.50172424316406 28.719388961791992 
87.45072937011719 28.719388961791992 
87.45072937011719 28.764698028564453 
> -Z-0.0320282056927681 
87.39933776855469 28.719730377197266 
87.40571594238281 28.719730377197266 
87.40571594238281 28.714069366455078 
87.39933776855469 28.714069366455078 
87.39933776855469 28.719730377197266 
> -Z-0.02945130690932274 
87.4057388305664 28.719711303710938 
87.41211700439453 28.719711303710938 
87.41211700439453 28.71405029296875 
87.4057388305664 28.71405029296875 
87.4057388305664 28.719711303710938 
> -Z-0.03871375322341919 
87.3993148803711 28.714088439941406 
87.40569305419922 28.714088439941406 
87.40569305419922 28.70842742919922 
87.3993148803711 28.70842742919922 
87.3993148803711 28.714088439941406 
> -Z-0.036555323749780655 
87.40571594238281 28.714069366455078 
87.41209411621094 28.714069366455078 
87.41209411621094 28.70840835571289 
87.40571594238281 28.70840835571289 
87.40571594238281 28.714069366455078 
> -Z-0.027942543849349022 
87.4121322631836 28.719690322875977 
87.41851043701172 28.719690322875977 
87.41851043701172 28.71402931213379 
87.4121322631836 28.71402931213379 
87.4121322631836 28.719690322875977 
> -Z-0.027749573811888695 
87.41853332519531 28.71967124938965 
87.42491149902344 28.71967124938965 
87.42491149902344 28.71401023864746 
87.41853332519531 28.71401023864746 
87.41853332519531 28.71967124938965 
> -Z-0.03303232043981552 
87.41211700439453 28.71405029296875 
87.41848754882812 28.71405029296875 
87.41848754882812 28.708389282226562 
87.41211700439453 28.708389282226562 
87.41211700439453 28.71405029296875 
> -Z-0.03100038878619671 
87.41851043701172 28.71402931213379 
87.42488861083984 28.71402931213379 
87.42488861083984 28.7083683013916 
87.41851043701172 28.7083683013916 
87.41851043701172 28.71402931213379 
> -Z-0.04992609843611717 
87.3992919921875 28.708446502685547 
87.40567016601562 28.708446502685547 
87.40567016601562 28.702787399291992 
87.3992919921875 28.702787399291992 
87.3992919921875 28.708446502685547 
> -Z-0.046004343777894974 
87.40569305419922 28.70842742919922 
87.41207122802734 28.70842742919922 
87.41207122802734 28.70276641845703 
87.40569305419922 28.70276641845703 
87.40569305419922 28.70842742919922 
> -Z-0.06208299845457077 
87.3992691040039 28.702804565429688 
87.40564727783203 28.702804565429688 
87.40564727783203 28.697145462036133 
87.3992691040039 28.697145462036133 
87.3992691040039 28.702804565429688 
> -Z-0.055560145527124405 
87.40567016601562 28.702787399291992 
87.41204833984375 28.702787399291992 
87.41204833984375 28.697126388549805 
87.40567016601562 28.697126388549805 
87.40567016601562 28.702787399291992 
> -Z-0.03968745470046997 
87.41209411621094 28.70840835571289 
87.41846466064453 28.70840835571289 
87.41846466064453 28.702747344970703 
87.41209411621094 28.702747344970703 
87.41209411621094 28.70840835571289 
> -Z-0.03530920669436455 
87.41848754882812 28.708389282226562 
87.42486572265625 28.708389282226562 
87.42486572265625 28.702728271484375 
87.41848754882812 28.702728271484375 
87.41848754882812 28.708389282226562 
> -Z-0.046755101531744 
87.41207122802734 28.70276641845703 
87.41844177246094 28.70276641845703 
87.41844177246094 28.697105407714844 
87.41207122802734 28.697105407714844 
87.41207122802734 28.70276641845703 
> -Z-0.0387420654296875 
87.41846466064453 28.702747344970703 
87.42484283447266 28.702747344970703 
87.42484283447266 28.697086334228516 
87.41846466064453 28.697086334228516 
87.41846466064453 28.702747344970703 
> -Z-0.026397328823804855 
87.42493438720703 28.71965217590332 
87.43768310546875 28.71965217590332 
87.43768310546875 28.708328247070312 
87.42493438720703 28.708328247070312 
87.42493438720703 28.71965217590332 
> -Z-0.02364310808479786 
87.43773651123047 28.7196102142334 
87.45048522949219 28.7196102142334 
87.45048522949219 28.70828628540039 
87.43773651123047 28.70828628540039 
87.43773651123047 28.7196102142334 
> -Z-0.031132617965340614 
87.42488861083984 28.7083683013916 
87.43126678466797 28.7083683013916 
87.43126678466797 28.702707290649414 
87.42488861083984 28.702707290649414 
87.42488861083984 28.7083683013916 
> -Z-0.027920495718717575 
87.43128967285156 28.708349227905273 
87.43766021728516 28.708349227905273 
87.43766021728516 28.702686309814453 
87.43128967285156 28.702686309814453 
87.43128967285156 28.708349227905273 
> -Z-0.0337204784154892 
87.42486572265625 28.702728271484375 
87.43124389648438 28.702728271484375 
87.43124389648438 28.697065353393555 
87.42486572265625 28.697065353393555 
87.42486572265625 28.702728271484375 
> -Z-0.030242247506976128 
87.43126678466797 28.702707290649414 
87.43763732910156 28.702707290649414 
87.43763732910156 28.697046279907227 
87.43126678466797 28.697046279907227 
87.43126678466797 28.702707290649414 
> -Z-0.026698961853981018 
87.43768310546875 28.708328247070312 
87.450439453125 28.708328247070312 
87.450439453125 28.697004318237305 
87.43768310546875 28.697004318237305 
87.43768310546875 28.708328247070312 
> -Z-0.07429350167512894 
87.39925384521484 28.69716453552246 
87.4024429321289 28.69716453552246 
87.4024429321289 28.694334030151367 
87.39925384521484 28.694334030151367 
87.39925384521484 28.69716453552246 
> -Z-0.07205650210380554 
87.40245056152344 28.697154998779297 
87.4056396484375 28.697154998779297 
87.4056396484375 28.694324493408203 
87.40245056152344 28.694324493408203 
87.40245056152344 28.697154998779297 
> -Z-0.08500268310308456 
87.39923858642578 28.69434356689453 
87.40242767333984 28.69434356689453 
87.40242767333984 28.691513061523438 
87.39923858642578 28.691513061523438 
87.39923858642578 28.69434356689453 
> -Z-0.08254193514585495 
87.4024429321289 28.694334030151367 
87.40562438964844 28.694334030151367 
87.40562438964844 28.691503524780273 
87.4024429321289 28.691503524780273 
87.4024429321289 28.694334030151367 
> -Z-0.0713486447930336 
87.40564727783203 28.697145462036133 
87.41202545166016 28.697145462036133 
87.41202545166016 28.691484451293945 
87.40564727783203 28.691484451293945 
87.40564727783203 28.697145462036133 
> -Z-0.0978112742304802 
87.39923095703125 28.6915225982666 
87.40242004394531 28.6915225982666 
87.40242004394531 28.688692092895508 
87.39923095703125 28.688692092895508 
87.39923095703125 28.6915225982666 
> -Z-0.09337753802537918 
87.40242767333984 28.691513061523438 
87.4056167602539 28.691513061523438 
87.4056167602539 28.688682556152344 
87.40242767333984 28.688682556152344 
87.40242767333984 28.691513061523438 
> -Z-0.11016661673784256 
87.39921569824219 28.688701629638672 
87.40240478515625 28.688701629638672 
87.40240478515625 28.685871124267578 
87.39921569824219 28.685871124267578 
87.39921569824219 28.688701629638672 
> -Z-0.10661129653453827 
87.40242004394531 28.688692092895508 
87.40560913085938 28.688692092895508 
87.40560913085938 28.685861587524414 
87.40242004394531 28.685861587524414 
87.40242004394531 28.688692092895508 
> -Z-0.08909343183040619 
87.40562438964844 28.691503524780273 
87.4088134765625 28.691503524780273 
87.4088134765625 28.68867301940918 
87.40562438964844 28.68867301940918 
87.40562438964844 28.691503524780273 
> -Z-0.08458483219146729 
87.40882873535156 28.69149398803711 
87.41201782226562 28.69149398803711 
87.41201782226562 28.688663482666016 
87.40882873535156 28.688663482666016 
87.40882873535156 28.69149398803711 
> -Z-0.10059463977813721 
87.4056167602539 28.688682556152344 
87.40880584716797 28.688682556152344 
87.40880584716797 28.68585205078125 
87.4056167602539 28.68585205078125 
87.4056167602539 28.688682556152344 
> -Z-0.09488165378570557 
87.4088134765625 28.68867301940918 
87.41200256347656 28.68867301940918 
87.41200256347656 28.685842514038086 
87.4088134765625 28.685842514038086 
87.4088134765625 28.68867301940918 
> -Z-0.05901479348540306 
87.41204833984375 28.697126388549805 
87.41842651367188 28.697126388549805 
87.41842651367188 28.691465377807617 
87.41204833984375 28.691465377807617 
87.41204833984375 28.697126388549805 
> -Z-0.04307500645518303 
87.41844177246094 28.697105407714844 
87.42481994628906 28.697105407714844 
87.42481994628906 28.691444396972656 
87.41844177246094 28.691444396972656 
87.41844177246094 28.697105407714844 
> -Z-0.0733778327703476 
87.41202545166016 28.691484451293945 
87.41840362548828 28.691484451293945 
87.41840362548828 28.685823440551758 
87.41202545166016 28.685823440551758 
87.41202545166016 28.691484451293945 
> -Z-0.05010141432285309 
87.41842651367188 28.691465377807617 
87.42479705810547 28.691465377807617 
87.42479705810547 28.68580436706543 
87.41842651367188 28.68580436706543 
87.41842651367188 28.691465377807617 
> -Z-0.11975612491369247 
87.39920806884766 28.685880661010742 
87.40239715576172 28.685880661010742 
87.40239715576172 28.68305206298828 
87.39920806884766 28.68305206298828 
87.39920806884766 28.685880661010742 
> -Z-0.11666422337293625 
87.40240478515625 28.685871124267578 
87.40559387207031 28.685871124267578 
87.40559387207031 28.683042526245117 
87.40240478515625 28.683042526245117 
87.40240478515625 28.685871124267578 
> -Z-0.13011595606803894 
87.39920043945312 28.683061599731445 
87.40238189697266 28.683061599731445 
87.40238189697266 28.68023109436035 
87.39920043945312 28.68023109436035 
87.39920043945312 28.683061599731445 
> -Z-0.12611158192157745 
87.40239715576172 28.68305206298828 
87.40558624267578 28.68305206298828 
87.40558624267578 28.680221557617188 
87.40239715576172 28.680221557617188 
87.40239715576172 28.68305206298828 
> -Z-0.10983603447675705 
87.40560913085938 28.685861587524414 
87.4087905883789 28.685861587524414 
87.4087905883789 28.683032989501953 
87.40560913085938 28.683032989501953 
87.40560913085938 28.685861587524414 
> -Z-0.10423386842012405 
87.40880584716797 28.68585205078125 
87.41199493408203 28.68585205078125 
87.41199493408203 28.683021545410156 
87.40880584716797 28.683021545410156 
87.40880584716797 28.68585205078125 
> -Z-0.11992676556110382 
87.40559387207031 28.683042526245117 
87.40878295898438 28.683042526245117 
87.40878295898438 28.680212020874023 
87.40559387207031 28.680212020874023 
87.40559387207031 28.683042526245117 
> -Z-0.11424656212329865 
87.4087905883789 28.683032989501953 
87.41197967529297 28.683032989501953 
87.41197967529297 28.68020248413086 
87.4087905883789 28.68020248413086 
87.4087905883789 28.683032989501953 
> -Z-0.14048655331134796 
87.39918518066406 28.680240631103516 
87.40237426757812 28.680240631103516 
87.40237426757812 28.677410125732422 
87.39918518066406 28.677410125732422 
87.39918518066406 28.680240631103516 
> -Z-0.13421261310577393 
87.40238189697266 28.68023109436035 
87.40557098388672 28.68023109436035 
87.40557098388672 28.677400588989258 
87.40238189697266 28.677400588989258 
87.40238189697266 28.68023109436035 
> -Z-0.1465793401002884 
87.39917755126953 28.677419662475586 
87.4023666381836 28.677419662475586 
87.4023666381836 28.674589157104492 
87.39917755126953 28.674589157104492 
87.39917755126953 28.677419662475586 
> -Z-0.13875094056129456 
87.40237426757812 28.677410125732422 
87.40556335449219 28.677410125732422 
87.40556335449219 28.674579620361328 
87.40237426757812 28.674579620361328 
87.40237426757812 28.677410125732422 
> -Z-0.12960125505924225 
87.40558624267578 28.680221557617188 
87.40877532958984 28.680221557617188 
87.40877532958984 28.677391052246094 
87.40558624267578 28.677391052246094 
87.40558624267578 28.680221557617188 
> -Z-0.12251123040914536 
87.40878295898438 28.680212020874023 
87.41197204589844 28.680212020874023 
87.41197204589844 28.67738151550293 
87.40878295898438 28.67738151550293 
87.40878295898438 28.680212020874023 
> -Z-0.1344541609287262 
87.40557098388672 28.677400588989258 
87.40876007080078 28.677400588989258 
87.40876007080078 28.674570083618164 
87.40557098388672 28.674570083618164 
87.40557098388672 28.677400588989258 
> -Z-0.12469537556171417 
87.40877532958984 28.677391052246094 
87.41195678710938 28.677391052246094 
87.41195678710938 28.674560546875 
87.40877532958984 28.674560546875 
87.40877532958984 28.677391052246094 
> -Z-0.08866072446107864 
87.41200256347656 28.685842514038086 
87.41519165039062 28.685842514038086 
87.41519165039062 28.683012008666992 
87.41200256347656 28.683012008666992 
87.41200256347656 28.685842514038086 
> -Z-0.07623673230409622 
87.41519927978516 28.685832977294922 
87.41838836669922 28.685832977294922 
87.41838836669922 28.683002471923828 
87.41519927978516 28.683002471923828 
87.41519927978516 28.685832977294922 
> -Z-0.09928981214761734 
87.41199493408203 28.683021545410156 
87.41517639160156 28.683021545410156 
87.41517639160156 28.680191040039062 
87.41199493408203 28.680191040039062 
87.41199493408203 28.683021545410156 
> -Z-0.08493618667125702 
87.41519165039062 28.683012008666992 
87.41838073730469 28.683012008666992 
87.41838073730469 28.6801815032959 
87.41519165039062 28.6801815032959 
87.41519165039062 28.683012008666992 
> -Z-0.05745207145810127 
87.41840362548828 28.685823440551758 
87.42477416992188 28.685823440551758 
87.42477416992188 28.68016242980957 
87.41840362548828 28.68016242980957 
87.41840362548828 28.685823440551758 
> -Z-0.10187897831201553 
87.41197967529297 28.68020248413086 
87.41516876220703 28.68020248413086 
87.41516876220703 28.677371978759766 
87.41197967529297 28.677371978759766 
87.41197967529297 28.68020248413086 
> -Z-0.09103381633758545 
87.41517639160156 28.680191040039062 
87.41836547851562 28.680191040039062 
87.41836547851562 28.67736053466797 
87.41517639160156 28.67736053466797 
87.41517639160156 28.680191040039062 
> -Z-0.10441277921199799 
87.41197204589844 28.67738151550293 
87.4151611328125 28.67738151550293 
87.4151611328125 28.674551010131836 
87.41197204589844 28.674551010131836 
87.41197204589844 28.67738151550293 
> -Z-0.09107713401317596 
87.41516876220703 28.677371978759766 
87.4183578491211 28.677371978759766 
87.4183578491211 28.674541473388672 
87.41516876220703 28.674541473388672 
87.41516876220703 28.677371978759766 
> -Z-0.06709209829568863 
87.41838073730469 28.6801815032959 
87.42156219482422 28.6801815032959 
87.42156219482422 28.677350997924805 
87.41838073730469 28.677350997924805 
87.41838073730469 28.6801815032959 
> -Z-0.058885931968688965 
87.42157745361328 28.680171966552734 
87.42476654052734 28.680171966552734 
87.42476654052734 28.67734146118164 
87.42157745361328 28.67734146118164 
87.42157745361328 28.680171966552734 
> -Z-0.06996405124664307 
87.41836547851562 28.67736053466797 
87.42155456542969 28.67736053466797 
87.42155456542969 28.674530029296875 
87.41836547851562 28.674530029296875 
87.41836547851562 28.67736053466797 
> -Z-0.06334730982780457 
87.42156219482422 28.677350997924805 
87.42475128173828 28.677350997924805 
87.42475128173828 28.67452049255371 
87.42156219482422 28.67452049255371 
87.42156219482422 28.677350997924805 
> -Z-0.0363745391368866 
87.42484283447266 28.697086334228516 
87.43122100830078 28.697086334228516 
87.43122100830078 28.691425323486328 
87.42484283447266 28.691425323486328 
87.42484283447266 28.697086334228516 
> -Z-0.03230302035808563 
87.43124389648438 28.697065353393555 
87.43761444091797 28.697065353393555 
87.43761444091797 28.691404342651367 
87.43124389648438 28.691404342651367 
87.43124389648438 28.697065353393555 
> -Z-0.04210840165615082 
87.42481994628906 28.691444396972656 
87.43119812011719 28.691444396972656 
87.43119812011719 28.68578338623047 
87.42481994628906 28.68578338623047 
87.42481994628906 28.691444396972656 
> -Z-0.03592849522829056 
87.43122100830078 28.691425323486328 
87.43759155273438 28.691425323486328 
87.43759155273438 28.685762405395508 
87.43122100830078 28.685762405395508 
87.43122100830078 28.691425323486328 
> -Z-0.02964060567319393 
87.43763732910156 28.697046279907227 
87.44401550292969 28.697046279907227 
87.44401550292969 28.691383361816406 
87.43763732910156 28.691383361816406 
87.43763732910156 28.697046279907227 
> -Z-0.028122825548052788 
87.44403839111328 28.697025299072266 
87.45040893554688 28.697025299072266 
87.45040893554688 28.691362380981445 
87.44403839111328 28.691362380981445 
87.44403839111328 28.697025299072266 
> -Z-0.03199933096766472 
87.43761444091797 28.691404342651367 
87.4439926147461 28.691404342651367 
87.4439926147461 28.685741424560547 
87.43761444091797 28.685741424560547 
87.43761444091797 28.691404342651367 
> -Z-0.02966105006635189 
87.44401550292969 28.691383361816406 
87.45038604736328 28.691383361816406 
87.45038604736328 28.685720443725586 
87.44401550292969 28.685720443725586 
87.44401550292969 28.691383361816406 
> -Z-0.04678669199347496 
87.42479705810547 28.68580436706543 
87.4311752319336 28.68580436706543 
87.4311752319336 28.68014144897461 
87.42479705810547 28.68014144897461 
87.42479705810547 28.68580436706543 
> -Z-0.039024896919727325 
87.43119812011719 28.68578338623047 
87.43756866455078 28.68578338623047 
87.43756866455078 28.68012237548828 
87.43119812011719 28.68012237548828 
87.43119812011719 28.68578338623047 
> -Z-0.054008178412914276 
87.42477416992188 28.68016242980957 
87.43115234375 28.68016242980957 
87.43115234375 28.674501419067383 
87.42477416992188 28.674501419067383 
87.42477416992188 28.68016242980957 
> -Z-0.04247153177857399 
87.4311752319336 28.68014144897461 
87.43754577636719 28.68014144897461 
87.43754577636719 28.674480438232422 
87.4311752319336 28.674480438232422 
87.4311752319336 28.68014144897461 
> -Z-0.033606965094804764 
87.43759155273438 28.685762405395508 
87.4439697265625 28.685762405395508 
87.4439697265625 28.68010139465332 
87.43759155273438 28.68010139465332 
87.43759155273438 28.685762405395508 
> -Z-0.03039582446217537 
87.4439926147461 28.685741424560547 
87.45036315917969 28.685741424560547 
87.45036315917969 28.68008041381836 
87.4439926147461 28.68008041381836 
87.4439926147461 28.685741424560547 
> -Z-0.034152280539274216 
87.43756866455078 28.68012237548828 
87.44393920898438 28.68012237548828 
87.44393920898438 28.67445945739746 
87.43756866455078 28.67445945739746 
87.43756866455078 28.68012237548828 
> -Z-0.02951897121965885 
87.4439697265625 28.68010139465332 
87.4503402709961 28.68010139465332 
87.4503402709961 28.6744384765625 
87.4439697265625 28.6744384765625 
87.4439697265625 28.68010139465332 
> -Z-0.027794362977147102 
87.45053100585938 28.719568252563477 
87.50151062011719 28.719568252563477 
87.50151062011719 28.674259185791016 
87.45053100585938 28.674259185791016 
87.45053100585938 28.719568252563477 
> -Z-0.017544129863381386 
87.39985656738281 28.855119705200195 
87.50194549560547 28.855119705200195 
87.50194549560547 28.76451873779297 
87.39985656738281 28.76451873779297 
87.39985656738281 28.855119705200195 
> -Z-0.028005555272102356 
87.50108337402344 28.58399772644043 
87.60282897949219 28.58399772644043 
87.60282897949219 28.49332046508789 
87.50108337402344 28.49332046508789 
87.50108337402344 28.58399772644043 
> -Z-0.03761222958564758 
87.50151062011719 28.674259185791016 
87.55245208740234 28.674259185791016 
87.55245208740234 28.628929138183594 
87.50151062011719 28.628929138183594 
87.50151062011719 28.674259185791016 
> -Z-0.029358291998505592 
87.55268859863281 28.67405891418457 
87.60359954833984 28.67405891418457 
87.60359954833984 28.628711700439453 
87.55268859863281 28.628711700439453 
87.55268859863281 28.67405891418457 
> -Z-0.03999529033899307 
87.50129699707031 28.629127502441406 
87.55221557617188 28.629127502441406 
87.55221557617188 28.583799362182617 
87.50129699707031 28.583799362182617 
87.50129699707031 28.629127502441406 
> -Z-0.032813362777233124 
87.55245208740234 28.628929138183594 
87.60334014892578 28.628929138183594 
87.60334014892578 28.583580017089844 
87.55245208740234 28.583580017089844 
87.55245208740234 28.628929138183594 
> -Z-0.02586749568581581 
87.50194549560547 28.76451873779297 
87.6038589477539 28.76451873779297 
87.6038589477539 28.673839569091797 
87.50194549560547 28.673839569091797 
87.50194549560547 28.76451873779297 
> -Z-0.021265439689159393 
87.50237274169922 28.85477638244629 
87.60437774658203 28.85477638244629 
87.60437774658203 28.76409912109375 
87.50237274169922 28.76409912109375 
87.50237274169922 28.85477638244629 
