> -Z0.014442905030924264 
87.29681396484375 28.674861907958984 
87.34783935546875 28.674861907958984 
87.34783935546875 28.629608154296875 
87.29681396484375 28.629608154296875 
87.29681396484375 28.674861907958984 
> -Z0.022398212026790768 
87.34799194335938 28.674739837646484 
87.3543701171875 28.674739837646484 
87.3543701171875 28.669082641601562 
87.34799194335938 28.669082641601562 
87.34799194335938 28.674739837646484 
> -Z0.0239931178527356 
87.35438537597656 28.67472267150879 
87.36076354980469 28.67472267150879 
87.36076354980469 28.669065475463867 
87.35438537597656 28.669065475463867 
87.35438537597656 28.67472267150879 
> -Z0.024430356640333974 
87.34796905517578 28.669097900390625 
87.3543472290039 28.669097900390625 
87.3543472290039 28.663440704345703 
87.34796905517578 28.663440704345703 
87.34796905517578 28.669097900390625 
> -Z0.026785170844316673 
87.3543701171875 28.669082641601562 
87.36074829101562 28.669082641601562 
87.36074829101562 28.663423538208008 
87.3543701171875 28.663423538208008 
87.3543701171875 28.669082641601562 
> -Z0.024306990892425634 
87.36078643798828 28.674705505371094 
87.3671646118164 28.674705505371094 
87.3671646118164 28.669048309326172 
87.36078643798828 28.669048309326172 
87.36078643798828 28.674705505371094 
> -Z0.02063391152416445 
87.36717987060547 28.6746883392334 
87.37036895751953 28.6746883392334 
87.37036895751953 28.671859741210938 
87.36717987060547 28.671859741210938 
87.36717987060547 28.6746883392334 
> -Z0.016726721520022737 
87.37037658691406 28.674680709838867 
87.37356567382812 28.674680709838867 
87.37356567382812 28.671850204467773 
87.37037658691406 28.671850204467773 
87.37037658691406 28.674680709838867 
> -Z0.0021732080943327884 
87.29656219482422 28.584598541259766 
87.39848327636719 28.584598541259766 
87.39848327636719 28.49407196044922 
87.29656219482422 28.49407196044922 
87.29656219482422 28.584598541259766 
> -Z0.029864506700346054 
87.36074829101562 28.663423538208008 
87.36711883544922 28.663423538208008 
87.36711883544922 28.657764434814453 
87.36074829101562 28.657764434814453 
87.36074829101562 28.663423538208008 
> -Z0.02999359974930892 
87.36714172363281 28.663406372070312 
87.37351989746094 28.663406372070312 
87.37351989746094 28.657747268676758 
87.36714172363281 28.657747268676758 
87.36714172363281 28.663406372070312 
> -Z0.029426816043652812 
87.36072540283203 28.65778160095215 
87.36710357666016 28.65778160095215 
87.36710357666016 28.652124404907227 
87.36072540283203 28.652124404907227 
87.36072540283203 28.65778160095215 
> -Z0.029812541683868744 
87.36711883544922 28.657764434814453 
87.37349700927734 28.657764434814453 
87.37349700927734 28.6521053314209 
87.36711883544922 28.6521053314209 
87.36711883544922 28.657764434814453 
> -Z0.009928520956180933 
87.37358093261719 28.674671173095703 
87.37677001953125 28.674671173095703 
87.37677001953125 28.671842575073242 
87.37358093261719 28.671842575073242 
87.37358093261719 28.674671173095703 
> -Z-0.0011217225496285093 
87.37677764892578 28.674663543701172 
87.37996673583984 28.674663543701172 
87.37996673583984 28.671833038330078 
87.37677764892578 28.671833038330078 
87.37677764892578 28.674663543701172 
> -Z0.015656120368930434 
87.37356567382812 28.671850204467773 
87.37675476074219 28.671850204467773 
87.37675476074219 28.669021606445312 
87.37356567382812 28.669021606445312 
87.37356567382812 28.671850204467773 
> -Z0.024051432863801753 
87.36717224121094 28.6718692779541 
87.370361328125 28.6718692779541 
87.370361328125 28.669038772583008 
87.36717224121094 28.669038772583008 
87.36717224121094 28.6718692779541 
> -Z0.02109817461678586 
87.37036895751953 28.671859741210938 
87.3735580444336 28.671859741210938 
87.3735580444336 28.669031143188477 
87.37036895751953 28.669031143188477 
87.37036895751953 28.671859741210938 
> -Z0.028238931315214506 
87.36076354980469 28.669065475463867 
87.36714172363281 28.669065475463867 
87.36714172363281 28.663406372070312 
87.36076354980469 28.663406372070312 
87.36076354980469 28.669065475463867 
> -Z0.027098120103044975 
87.3671646118164 28.669048309326172 
87.37353515625 28.669048309326172 
87.37353515625 28.663389205932617 
87.3671646118164 28.663389205932617 
87.3671646118164 28.669048309326172 
> -Z0.02646985277214177 
87.34795379638672 28.6634578704834 
87.36071014404297 28.6634578704834 
87.36071014404297 28.652141571044922 
87.34795379638672 28.652141571044922 
87.34795379638672 28.6634578704834 
> -Z0.0020121277639743567 
87.19429779052734 28.58478355407715 
87.29631042480469 28.58478355407715 
87.29631042480469 28.494333267211914 
87.19429779052734 28.494333267211914 
87.19429779052734 28.58478355407715 
> -Z0.004334093816688871 
87.19446563720703 28.675046920776367 
87.29656219482422 28.675046920776367 
87.29656219482422 28.584598541259766 
87.19446563720703 28.584598541259766 
87.19446563720703 28.675046920776367 
> -Z0.0026782800003268005 
87.19463348388672 28.765310287475586 
87.29681396484375 28.765310287475586 
87.29681396484375 28.674861907958984 
87.19463348388672 28.674861907958984 
87.19463348388672 28.765310287475586 
> -Z0.001030396153145965 
87.1948013305664 28.855571746826172 
87.29707336425781 28.855571746826172 
87.29707336425781 28.76512336730957 
87.1948013305664 28.76512336730957 
87.1948013305664 28.855571746826172 
> -Z0.006579084181348208 
87.37677001953125 28.671842575073242 
87.37995147705078 28.671842575073242 
87.37995147705078 28.66901206970215 
87.37677001953125 28.66901206970215 
87.37677001953125 28.671842575073242 
> -Z-0.015895297448465833 
87.37997436523438 28.674654006958008 
87.38316345214844 28.674654006958008 
87.38316345214844 28.671823501586914 
87.37997436523438 28.671823501586914 
87.37997436523438 28.674654006958008 
> -Z-0.03581458650420437 
87.38317108154297 28.674644470214844 
87.38636016845703 28.674644470214844 
87.38636016845703 28.671815872192383 
87.38317108154297 28.671815872192383 
87.38317108154297 28.674644470214844 
> -Z-0.00586749623963105 
87.37996673583984 28.671833038330078 
87.3831558227539 28.671833038330078 
87.3831558227539 28.669004440307617 
87.37996673583984 28.669004440307617 
87.37996673583984 28.671833038330078 
> -Z-0.028018375731424492 
87.38316345214844 28.671823501586914 
87.3863525390625 28.671823501586914 
87.3863525390625 28.668994903564453 
87.38316345214844 28.668994903564453 
87.38316345214844 28.671823501586914 
> -Z0.020602359607393986 
87.3735580444336 28.669031143188477 
87.37674713134766 28.669031143188477 
87.37674713134766 28.666200637817383 
87.3735580444336 28.666200637817383 
87.3735580444336 28.669031143188477 
> -Z0.013681911460929012 
87.37675476074219 28.669021606445312 
87.37994384765625 28.669021606445312 
87.37994384765625 28.66619110107422 
87.37675476074219 28.66619110107422 
87.37675476074219 28.669021606445312 
> -Z0.024251971658623778 
87.37355041503906 28.666210174560547 
87.37673950195312 28.666210174560547 
87.37673950195312 28.663379669189453 
87.37355041503906 28.663379669189453 
87.37355041503906 28.666210174560547 
> -Z0.018736916858603448 
87.37674713134766 28.666200637817383 
87.37993621826172 28.666200637817383 
87.37993621826172 28.663372039794922 
87.37674713134766 28.663372039794922 
87.37674713134766 28.666200637817383 
> -Z0.00511573341218679 
87.37995147705078 28.66901206970215 
87.38314056396484 28.66901206970215 
87.38314056396484 28.666183471679688 
87.37995147705078 28.666183471679688 
87.37995147705078 28.66901206970215 
> -Z-0.025440842373015284 
87.3831558227539 28.669004440307617 
87.38633728027344 28.669004440307617 
87.38633728027344 28.666173934936523 
87.3831558227539 28.666173934936523 
87.3831558227539 28.669004440307617 
> -Z0.011392433644942032 
87.37994384765625 28.66619110107422 
87.38313293457031 28.66619110107422 
87.38313293457031 28.663362503051758 
87.37994384765625 28.663362503051758 
87.37994384765625 28.66619110107422 
> -Z0.0015169549544795738 
87.38314056396484 28.666183471679688 
87.3863296508789 28.666183471679688 
87.3863296508789 28.663352966308594 
87.38314056396484 28.663352966308594 
87.38314056396484 28.666183471679688 
> -Z-0.06281440563037641 
87.3863754272461 28.67463493347168 
87.38955688476562 28.67463493347168 
87.38955688476562 28.67180633544922 
87.3863754272461 28.67180633544922 
87.3863754272461 28.67463493347168 
> -Z-0.08818533116901763 
87.38957214355469 28.67462730407715 
87.39276123046875 28.67462730407715 
87.39276123046875 28.671796798706055 
87.38957214355469 28.671796798706055 
87.38957214355469 28.67462730407715 
> -Z-0.05096978881249305 
87.38636016845703 28.671815872192383 
87.3895492553711 28.671815872192383 
87.3895492553711 28.66898536682129 
87.38636016845703 28.66898536682129 
87.38636016845703 28.671815872192383 
> -Z-0.07911946715562587 
87.38955688476562 28.67180633544922 
87.39274597167969 28.67180633544922 
87.39274597167969 28.668975830078125 
87.38955688476562 28.668975830078125 
87.38955688476562 28.67180633544922 
> -Z-0.10974181842713197 
87.39276885986328 28.674617767333984 
87.39595794677734 28.674617767333984 
87.39595794677734 28.67178726196289 
87.39276885986328 28.67178726196289 
87.39276885986328 28.674617767333984 
> -Z-0.12262806231067476 
87.39596557617188 28.67460823059082 
87.39915466308594 28.67460823059082 
87.39915466308594 28.671777725219727 
87.39596557617188 28.671777725219727 
87.39596557617188 28.67460823059082 
> -Z-0.10181644922364262 
87.39276123046875 28.671796798706055 
87.39594268798828 28.671796798706055 
87.39594268798828 28.66896629333496 
87.39276123046875 28.66896629333496 
87.39276123046875 28.671796798706055 
> -Z-0.11680756790242894 
87.39595794677734 28.67178726196289 
87.3991470336914 28.67178726196289 
87.3991470336914 28.668956756591797 
87.39595794677734 28.668956756591797 
87.39595794677734 28.67178726196289 
> -Z-0.039930810240176876 
87.3863525390625 28.668994903564453 
87.38954162597656 28.668994903564453 
87.38954162597656 28.66616439819336 
87.3863525390625 28.66616439819336 
87.3863525390625 28.668994903564453 
> -Z-0.06952022487722222 
87.3895492553711 28.66898536682129 
87.39273834228516 28.66898536682129 
87.39273834228516 28.666154861450195 
87.3895492553711 28.666154861450195 
87.3895492553711 28.66898536682129 
> -Z-0.029486456029326716 
87.38633728027344 28.666173934936523 
87.3895263671875 28.666173934936523 
87.3895263671875 28.66334342956543 
87.38633728027344 28.66334342956543 
87.38633728027344 28.666173934936523 
> -Z-0.046616137211397235 
87.38954162597656 28.66616439819336 
87.3927230834961 28.66616439819336 
87.3927230834961 28.663333892822266 
87.38954162597656 28.663333892822266 
87.38954162597656 28.66616439819336 
> -Z-0.0877261002340741 
87.39274597167969 28.668975830078125 
87.39593505859375 28.668975830078125 
87.39593505859375 28.66614532470703 
87.39274597167969 28.66614532470703 
87.39274597167969 28.668975830078125 
> -Z-0.1046760737532484 
87.39594268798828 28.66896629333496 
87.39913177490234 28.66896629333496 
87.39913177490234 28.666135787963867 
87.39594268798828 28.666135787963867 
87.39594268798828 28.66896629333496 
> -Z-0.07039044875799293 
87.39273834228516 28.666154861450195 
87.39592742919922 28.666154861450195 
87.39592742919922 28.663326263427734 
87.39273834228516 28.663326263427734 
87.39273834228516 28.666154861450195 
> -Z-0.09002664699985695 
87.39593505859375 28.66614532470703 
87.39912414550781 28.66614532470703 
87.39912414550781 28.66331672668457 
87.39593505859375 28.66331672668457 
87.39593505859375 28.66614532470703 
> -Z0.026313728343302076 
87.37353515625 28.663389205932617 
87.37672424316406 28.663389205932617 
87.37672424316406 28.660558700561523 
87.37353515625 28.660558700561523 
87.37353515625 28.663389205932617 
> -Z0.02165594003813998 
87.37673950195312 28.663379669189453 
87.37992095947266 28.663379669189453 
87.37992095947266 28.660551071166992 
87.37673950195312 28.660551071166992 
87.37673950195312 28.663379669189453 
> -Z0.02765501966176685 
87.37352752685547 28.660568237304688 
87.37671661376953 28.660568237304688 
87.37671661376953 28.657739639282227 
87.37352752685547 28.657739639282227 
87.37352752685547 28.660568237304688 
> -Z0.023814755332556625 
87.37672424316406 28.660558700561523 
87.37991333007812 28.660558700561523 
87.37991333007812 28.657730102539062 
87.37672424316406 28.657730102539062 
87.37672424316406 28.660558700561523 
> -Z0.015229620465802157 
87.37993621826172 28.663372039794922 
87.38312530517578 28.663372039794922 
87.38312530517578 28.660541534423828 
87.37993621826172 28.660541534423828 
87.37993621826172 28.663372039794922 
> -Z0.006121919839146815 
87.38313293457031 28.663362503051758 
87.38632202148438 28.663362503051758 
87.38632202148438 28.660531997680664 
87.38313293457031 28.660531997680664 
87.38313293457031 28.663362503051758 
> -Z0.018472550234652 
87.37992095947266 28.660551071166992 
87.38311004638672 28.660551071166992 
87.38311004638672 28.6577205657959 
87.37992095947266 28.6577205657959 
87.37992095947266 28.660551071166992 
> -Z0.010953700479994862 
87.38312530517578 28.660541534423828 
87.38630676269531 28.660541534423828 
87.38630676269531 28.657711029052734 
87.38312530517578 28.657711029052734 
87.38312530517578 28.660541534423828 
> -Z0.02694924067771524 
87.37351989746094 28.657747268676758 
87.37989044189453 28.657747268676758 
87.37989044189453 28.652088165283203 
87.37351989746094 28.652088165283203 
87.37351989746094 28.657747268676758 
> -Z0.020497642880999728 
87.37991333007812 28.657730102539062 
87.38310241699219 28.657730102539062 
87.38310241699219 28.65489959716797 
87.37991333007812 28.65489959716797 
87.37991333007812 28.657730102539062 
> -Z0.014345576075748816 
87.38311004638672 28.6577205657959 
87.38629913330078 28.6577205657959 
87.38629913330078 28.654890060424805 
87.38311004638672 28.654890060424805 
87.38311004638672 28.6577205657959 
> -Z0.022109907055662726 
87.3799057006836 28.654909133911133 
87.38309478759766 28.654909133911133 
87.38309478759766 28.65207862854004 
87.3799057006836 28.65207862854004 
87.3799057006836 28.654909133911133 
> -Z0.016388440126162328 
87.38310241699219 28.65489959716797 
87.38629150390625 28.65489959716797 
87.38629150390625 28.652070999145508 
87.38310241699219 28.652070999145508 
87.38310241699219 28.65489959716797 
> -Z-0.019072757275031306 
87.3863296508789 28.663352966308594 
87.38951873779297 28.663352966308594 
87.38951873779297 28.6605224609375 
87.3863296508789 28.6605224609375 
87.3863296508789 28.663352966308594 
> -Z-0.036733407733859344 
87.3895263671875 28.66334342956543 
87.39271545410156 28.66334342956543 
87.39271545410156 28.66051483154297 
87.3895263671875 28.66051483154297 
87.3895263671875 28.66334342956543 
> -Z-5.405771720603321e-05 
87.38632202148438 28.660531997680664 
87.38951110839844 28.660531997680664 
87.38951110839844 28.657703399658203 
87.38632202148438 28.657703399658203 
87.38632202148438 28.660531997680664 
> -Z-0.0254808219189767 
87.38951873779297 28.6605224609375 
87.39270782470703 28.6605224609375 
87.39270782470703 28.65769386291504 
87.38951873779297 28.65769386291504 
87.38951873779297 28.6605224609375 
> -Z-0.05439482944004276 
87.3927230834961 28.663333892822266 
87.39591217041016 28.663333892822266 
87.39591217041016 28.660505294799805 
87.3927230834961 28.660505294799805 
87.3927230834961 28.663333892822266 
> -Z-0.07354147069315764 
87.39592742919922 28.663326263427734 
87.39910888671875 28.663326263427734 
87.39910888671875 28.66049575805664 
87.39592742919922 28.66049575805664 
87.39592742919922 28.663326263427734 
> -Z-0.03966252037309226 
87.39271545410156 28.66051483154297 
87.39590454101562 28.66051483154297 
87.39590454101562 28.657684326171875 
87.39271545410156 28.657684326171875 
87.39271545410156 28.66051483154297 
> -Z-0.05514836234759182 
87.39591217041016 28.660505294799805 
87.39910125732422 28.660505294799805 
87.39910125732422 28.65767478942871 
87.39591217041016 28.65767478942871 
87.39591217041016 28.660505294799805 
> -Z0.005247937268701821 
87.38630676269531 28.657711029052734 
87.38949584960938 28.657711029052734 
87.38949584960938 28.654882431030273 
87.38630676269531 28.654882431030273 
87.38630676269531 28.657711029052734 
> -Z-0.01687054058615676 
87.38951110839844 28.657703399658203 
87.39269256591797 28.657703399658203 
87.39269256591797 28.65487289428711 
87.38951110839844 28.65487289428711 
87.38951110839844 28.657703399658203 
> -Z0.008583375467762527 
87.38629913330078 28.654890060424805 
87.38948822021484 28.654890060424805 
87.38948822021484 28.652061462402344 
87.38629913330078 28.652061462402344 
87.38629913330078 28.654890060424805 
> -Z-0.0015853079719195696 
87.38949584960938 28.654882431030273 
87.39268493652344 28.654882431030273 
87.39268493652344 28.65205192565918 
87.38949584960938 28.65205192565918 
87.38949584960938 28.654882431030273 
> -Z-0.026123191360265037 
87.39270782470703 28.65769386291504 
87.39588928222656 28.65769386291504 
87.39588928222656 28.654863357543945 
87.39270782470703 28.654863357543945 
87.39270782470703 28.65769386291504 
> -Z-0.03945944658119792 
87.39590454101562 28.657684326171875 
87.39909362792969 28.657684326171875 
87.39909362792969 28.65485382080078 
87.39590454101562 28.65485382080078 
87.39590454101562 28.657684326171875 
> -Z-0.014253709995961634 
87.39269256591797 28.65487289428711 
87.39588165283203 28.65487289428711 
87.39588165283203 28.652042388916016 
87.39269256591797 28.652042388916016 
87.39269256591797 28.65487289428711 
> -Z-0.026194284961976157 
87.39588928222656 28.654863357543945 
87.39907836914062 28.654863357543945 
87.39907836914062 28.65203285217285 
87.39588928222656 28.65203285217285 
87.39588928222656 28.654863357543945 
> -Z0.023921029622325358 
87.34791564941406 28.65217399597168 
87.36067199707031 28.65217399597168 
87.36067199707031 28.640857696533203 
87.34791564941406 28.640857696533203 
87.34791564941406 28.65217399597168 
> -Z0.026677130881246323 
87.36071014404297 28.652141571044922 
87.37345886230469 28.652141571044922 
87.37345886230469 28.640823364257812 
87.36071014404297 28.640823364257812 
87.36071014404297 28.652141571044922 
> -Z0.01924448035912168 
87.3478775024414 28.640892028808594 
87.36063385009766 28.640892028808594 
87.36063385009766 28.629575729370117 
87.3478775024414 28.629575729370117 
87.3478775024414 28.640892028808594 
> -Z0.02053849592794421 
87.36067199707031 28.640857696533203 
87.37342071533203 28.640857696533203 
87.37342071533203 28.629541397094727 
87.36067199707031 28.629541397094727 
87.36067199707031 28.640857696533203 
> -Z0.025927906552775496 
87.37349700927734 28.6521053314209 
87.37987518310547 28.6521053314209 
87.37987518310547 28.646446228027344 
87.37349700927734 28.646446228027344 
87.37349700927734 28.6521053314209 
> -Z0.02023741036399146 
87.37989044189453 28.652088165283203 
87.38626861572266 28.652088165283203 
87.38626861572266 28.64642906188965 
87.37989044189453 28.64642906188965 
87.37989044189453 28.652088165283203 
> -Z0.023681505419327276 
87.37348175048828 28.646465301513672 
87.37985229492188 28.646465301513672 
87.37985229492188 28.640806198120117 
87.37348175048828 28.640806198120117 
87.37348175048828 28.646465301513672 
> -Z0.019711667295317856 
87.37987518310547 28.646446228027344 
87.38624572753906 28.646446228027344 
87.38624572753906 28.64078712463379 
87.37987518310547 28.64078712463379 
87.37987518310547 28.646446228027344 
> -Z0.011246926450777336 
87.38629150390625 28.652070999145508 
87.38947296142578 28.652070999145508 
87.38947296142578 28.649240493774414 
87.38629150390625 28.649240493774414 
87.38629150390625 28.652070999145508 
> -Z0.0032844698156971374 
87.38948822021484 28.652061462402344 
87.3926773071289 28.652061462402344 
87.3926773071289 28.64923095703125 
87.38948822021484 28.64923095703125 
87.38948822021484 28.652061462402344 
> -Z0.012927716031601824 
87.38627624511719 28.649250030517578 
87.38946533203125 28.649250030517578 
87.38946533203125 28.646419525146484 
87.38627624511719 28.646419525146484 
87.38627624511719 28.649250030517578 
> -Z0.006516250834265198 
87.38947296142578 28.649240493774414 
87.39266204833984 28.649240493774414 
87.39266204833984 28.64640998840332 
87.38947296142578 28.64640998840332 
87.38947296142578 28.649240493774414 
> -Z-0.006076297917518643 
87.39268493652344 28.65205192565918 
87.3958740234375 28.65205192565918 
87.3958740234375 28.649221420288086 
87.39268493652344 28.649221420288086 
87.39268493652344 28.65205192565918 
> -Z-0.01606137419579907 
87.39588165283203 28.652042388916016 
87.3990707397461 28.652042388916016 
87.3990707397461 28.649211883544922 
87.39588165283203 28.649211883544922 
87.39588165283203 28.652042388916016 
> -Z-0.0010564692341595945 
87.3926773071289 28.64923095703125 
87.39585876464844 28.64923095703125 
87.39585876464844 28.646400451660156 
87.3926773071289 28.646400451660156 
87.3926773071289 28.64923095703125 
> -Z-0.00995818945785296 
87.3958740234375 28.649221420288086 
87.39905548095703 28.649221420288086 
87.39905548095703 28.646390914916992 
87.3958740234375 28.646390914916992 
87.3958740234375 28.649221420288086 
> -Z0.012273610147195326 
87.38626861572266 28.64642906188965 
87.39263916015625 28.64642906188965 
87.39263916015625 28.640769958496094 
87.38626861572266 28.640769958496094 
87.38626861572266 28.64642906188965 
> -Z0.0024580119944781036 
87.39266204833984 28.64640998840332 
87.39904022216797 28.64640998840332 
87.39904022216797 28.640750885009766 
87.39266204833984 28.640750885009766 
87.39266204833984 28.64640998840332 
> -Z0.018261049072986764 
87.37345886230469 28.640823364257812 
87.3862075805664 28.640823364257812 
87.3862075805664 28.629505157470703 
87.37345886230469 28.629505157470703 
87.37345886230469 28.640823364257812 
> -Z0.013126641469596807 
87.38624572753906 28.64078712463379 
87.39262390136719 28.64078712463379 
87.39262390136719 28.635128021240234 
87.38624572753906 28.635128021240234 
87.38624572753906 28.64078712463379 
> -Z0.006673982254251374 
87.39263916015625 28.640769958496094 
87.39901733398438 28.640769958496094 
87.39901733398438 28.635108947753906 
87.39263916015625 28.635108947753906 
87.39263916015625 28.640769958496094 
> -Z0.012668622667953424 
87.38623046875 28.63514518737793 
87.3926010131836 28.63514518737793 
87.3926010131836 28.629486083984375 
87.38623046875 28.629486083984375 
87.38623046875 28.63514518737793 
> -Z0.008622181181317735 
87.39262390136719 28.635128021240234 
87.39899444580078 28.635128021240234 
87.39899444580078 28.629467010498047 
87.39262390136719 28.629467010498047 
87.39262390136719 28.635128021240234 
> -Z0.008053615533098697 
87.29669189453125 28.629730224609375 
87.34769439697266 28.629730224609375 
87.34769439697266 28.584476470947266 
87.29669189453125 28.584476470947266 
87.29669189453125 28.629730224609375 
> -Z0.012820869751610703 
87.34783935546875 28.629608154296875 
87.37333679199219 28.629608154296875 
87.37333679199219 28.606975555419922 
87.34783935546875 28.606975555419922 
87.34783935546875 28.629608154296875 
> -Z0.013565805456253816 
87.37342071533203 28.629541397094727 
87.38616180419922 28.629541397094727 
87.38616180419922 28.618221282958984 
87.37342071533203 28.618221282958984 
87.37342071533203 28.629541397094727 
> -Z0.010443890394500627 
87.3862075805664 28.629505157470703 
87.3989486694336 28.629505157470703 
87.3989486694336 28.61818504333496 
87.3862075805664 28.61818504333496 
87.3862075805664 28.629505157470703 
> -Z0.009685586365065559 
87.37337493896484 28.618257522583008 
87.38612365722656 28.618257522583008 
87.38612365722656 28.6069393157959 
87.37337493896484 28.6069393157959 
87.37337493896484 28.618257522583008 
> -Z0.0079701977928952 
87.38616180419922 28.618221282958984 
87.39891052246094 28.618221282958984 
87.39891052246094 28.606901168823242 
87.38616180419922 28.606901168823242 
87.38616180419922 28.618221282958984 
> -Z0.00678238014799364 
87.34777069091797 28.60704231262207 
87.37326049804688 28.60704231262207 
87.37326049804688 28.584409713745117 
87.34777069091797 28.584409713745117 
87.34777069091797 28.60704231262207 
> -Z0.005144144601891731 
87.37333679199219 28.606975555419922 
87.3988265991211 28.606975555419922 
87.3988265991211 28.584335327148438 
87.37333679199219 28.584335327148438 
87.37333679199219 28.606975555419922 
> -Z0.001707787206896137 
87.29707336425781 28.76512336730957 
87.34813690185547 28.76512336730957 
87.34813690185547 28.719871520996094 
87.29707336425781 28.719871520996094 
87.29707336425781 28.76512336730957 
> -Z-0.0016710252188574008 
87.3482894897461 28.76500129699707 
87.39933776855469 28.76500129699707 
87.39933776855469 28.719730377197266 
87.3482894897461 28.719730377197266 
87.3482894897461 28.76500129699707 
> -Z0.00805093567276396 
87.29694366455078 28.719993591308594 
87.34799194335938 28.719993591308594 
87.34799194335938 28.674739837646484 
87.29694366455078 28.674739837646484 
87.29694366455078 28.719993591308594 
> -Z0.0010940199208156864 
87.34813690185547 28.719871520996094 
87.36090087890625 28.719871520996094 
87.36090087890625 28.708555221557617 
87.34813690185547 28.708555221557617 
87.34813690185547 28.719871520996094 
> -Z-0.002100431141549913 
87.3609390258789 28.719837188720703 
87.36731719970703 28.719837188720703 
87.36731719970703 28.71417808532715 
87.3609390258789 28.71417808532715 
87.3609390258789 28.719837188720703 
> -Z-0.004414166419776934 
87.36734008789062 28.719820022583008 
87.37371826171875 28.719820022583008 
87.37371826171875 28.714160919189453 
87.36734008789062 28.714160919189453 
87.36734008789062 28.719820022583008 
> -Z-0.0021436747493387286 
87.36092376708984 28.714195251464844 
87.36730194091797 28.714195251464844 
87.36730194091797 28.708538055419922 
87.36092376708984 28.708538055419922 
87.36092376708984 28.714195251464844 
> -Z-0.005419501845232354 
87.36731719970703 28.71417808532715 
87.37369537353516 28.71417808532715 
87.37369537353516 28.708520889282227 
87.36731719970703 28.708520889282227 
87.36731719970703 28.71417808532715 
> -Z0.004411051052948676 
87.34810638427734 28.708587646484375 
87.3608627319336 28.708587646484375 
87.3608627319336 28.6972713470459 
87.34810638427734 28.6972713470459 
87.34810638427734 28.708587646484375 
> -Z-0.0019589101707442485 
87.36090087890625 28.708555221557617 
87.36727905273438 28.708555221557617 
87.36727905273438 28.702896118164062 
87.36090087890625 28.702896118164062 
87.36090087890625 28.708555221557617 
> -Z-0.006779180031946772 
87.36730194091797 28.708538055419922 
87.3736801147461 28.708538055419922 
87.3736801147461 28.702878952026367 
87.36730194091797 28.702878952026367 
87.36730194091797 28.708538055419922 
> -Z0.0038978913085816035 
87.36087799072266 28.702913284301758 
87.36726379394531 28.702913284301758 
87.36726379394531 28.697254180908203 
87.36087799072266 28.697254180908203 
87.36087799072266 28.702913284301758 
> -Z-0.00960221797303843 
87.36727905273438 28.702896118164062 
87.3736572265625 28.702896118164062 
87.3736572265625 28.697237014770508 
87.36727905273438 28.697237014770508 
87.36727905273438 28.702896118164062 
> -Z-0.007254126023800628 
87.37374114990234 28.719802856445312 
87.38011932373047 28.719802856445312 
87.38011932373047 28.714143753051758 
87.37374114990234 28.714143753051758 
87.37374114990234 28.719802856445312 
> -Z-0.01004396490746491 
87.38013458251953 28.719785690307617 
87.38652038574219 28.719785690307617 
87.38652038574219 28.71412467956543 
87.38013458251953 28.71412467956543 
87.38013458251953 28.719785690307617 
> -Z-0.009710616186058783 
87.37371826171875 28.714160919189453 
87.38009643554688 28.714160919189453 
87.38009643554688 28.7085018157959 
87.37371826171875 28.7085018157959 
87.37371826171875 28.714160919189453 
> -Z-0.014157350377818956 
87.38011932373047 28.714143753051758 
87.3864974975586 28.714143753051758 
87.3864974975586 28.708484649658203 
87.38011932373047 28.708484649658203 
87.38011932373047 28.714143753051758 
> -Z-0.012504118907824229 
87.38653564453125 28.71976661682129 
87.39291381835938 28.71976661682129 
87.39291381835938 28.714107513427734 
87.38653564453125 28.714107513427734 
87.38653564453125 28.71976661682129 
> -Z-0.014199313787714147 
87.39293670654297 28.71974754333496 
87.3993148803711 28.71974754333496 
87.3993148803711 28.714088439941406 
87.39293670654297 28.714088439941406 
87.39293670654297 28.71974754333496 
> -Z-0.01814839162960261 
87.38652038574219 28.71412467956543 
87.39289855957031 28.71412467956543 
87.39289855957031 28.708465576171875 
87.38652038574219 28.708465576171875 
87.38652038574219 28.71412467956543 
> -Z-0.020806601670299938 
87.39291381835938 28.714107513427734 
87.3992919921875 28.714107513427734 
87.3992919921875 28.708446502685547 
87.39291381835938 28.708446502685547 
87.39291381835938 28.714107513427734 
> -Z-0.013025289597272706 
87.37369537353516 28.708520889282227 
87.38007354736328 28.708520889282227 
87.38007354736328 28.70285987854004 
87.37369537353516 28.70285987854004 
87.37369537353516 28.708520889282227 
> -Z-0.020017144549893083 
87.38009643554688 28.7085018157959 
87.386474609375 28.7085018157959 
87.386474609375 28.702842712402344 
87.38009643554688 28.702842712402344 
87.38009643554688 28.7085018157959 
> -Z-0.016941096060803244 
87.3736801147461 28.702878952026367 
87.38005828857422 28.702878952026367 
87.38005828857422 28.697219848632812 
87.3736801147461 28.697219848632812 
87.3736801147461 28.702878952026367 
> -Z-0.02725240728683211 
87.38007354736328 28.70285987854004 
87.3864517211914 28.70285987854004 
87.3864517211914 28.697200775146484 
87.38007354736328 28.697200775146484 
87.38007354736328 28.70285987854004 
> -Z-0.026493262670388467 
87.3864974975586 28.708484649658203 
87.39287567138672 28.708484649658203 
87.39287567138672 28.702823638916016 
87.3864974975586 28.702823638916016 
87.3864974975586 28.708484649658203 
> -Z-0.030650593833559364 
87.39289855957031 28.708465576171875 
87.3992691040039 28.708465576171875 
87.3992691040039 28.702804565429688 
87.39289855957031 28.702804565429688 
87.39289855957031 28.708465576171875 
> -Z-0.037334603387932194 
87.386474609375 28.702842712402344 
87.39285278320312 28.702842712402344 
87.39285278320312 28.69718360900879 
87.386474609375 28.69718360900879 
87.386474609375 28.702842712402344 
> -Z-0.043611333952890935 
87.39287567138672 28.702823638916016 
87.39925384521484 28.702823638916016 
87.39925384521484 28.69716453552246 
87.39287567138672 28.69716453552246 
87.39287567138672 28.702823638916016 
> -Z0.00931306692032986 
87.34806823730469 28.69730567932129 
87.35444641113281 28.69730567932129 
87.35444641113281 28.691646575927734 
87.34806823730469 28.691646575927734 
87.34806823730469 28.69730567932129 
> -Z0.0077862964511310594 
87.35446166992188 28.697288513183594 
87.36083984375 28.697288513183594 
87.36083984375 28.691631317138672 
87.35446166992188 28.691631317138672 
87.35446166992188 28.697288513183594 
> -Z0.012694050985851024 
87.3480453491211 28.69166374206543 
87.35442352294922 28.69166374206543 
87.35442352294922 28.686006546020508 
87.3480453491211 28.686006546020508 
87.3480453491211 28.69166374206543 
> -Z0.011601923197252801 
87.35444641113281 28.691646575927734 
87.36082458496094 28.691646575927734 
87.36082458496094 28.685989379882812 
87.35444641113281 28.685989379882812 
87.35444641113281 28.691646575927734 
> -Z0.004945545902115529 
87.3608627319336 28.6972713470459 
87.36724090576172 28.6972713470459 
87.36724090576172 28.691614151000977 
87.3608627319336 28.691614151000977 
87.3608627319336 28.6972713470459 
> -Z-0.01077375566464415 
87.36726379394531 28.697254180908203 
87.37364196777344 28.697254180908203 
87.37364196777344 28.69159507751465 
87.36726379394531 28.69159507751465 
87.36726379394531 28.697254180908203 
> -Z0.00888759926289184 
87.36083984375 28.691631317138672 
87.36721801757812 28.691631317138672 
87.36721801757812 28.685972213745117 
87.36083984375 28.685972213745117 
87.36083984375 28.691631317138672 
> -Z0.004327511544927041 
87.36724090576172 28.691614151000977 
87.37361907958984 28.691614151000977 
87.37361907958984 28.685955047607422 
87.36724090576172 28.685955047607422 
87.36724090576172 28.691614151000977 
> -Z0.01633407996155788 
87.34803009033203 28.68602180480957 
87.35440826416016 28.68602180480957 
87.35440826416016 28.68036460876465 
87.34803009033203 28.68036460876465 
87.34803009033203 28.68602180480957 
> -Z0.016015467377937572 
87.35442352294922 28.686006546020508 
87.36080169677734 28.686006546020508 
87.36080169677734 28.680347442626953 
87.35442352294922 28.680347442626953 
87.35442352294922 28.686006546020508 
> -Z0.01961412039249537 
87.34800720214844 28.680381774902344 
87.35438537597656 28.680381774902344 
87.35438537597656 28.67472267150879 
87.34800720214844 28.67472267150879 
87.34800720214844 28.680381774902344 
> -Z0.02028232903939403 
87.35440826416016 28.68036460876465 
87.36078643798828 28.68036460876465 
87.36078643798828 28.674705505371094 
87.35440826416016 28.674705505371094 
87.35440826416016 28.68036460876465 
> -Z0.01353827748713372 
87.36082458496094 28.685989379882812 
87.36720275878906 28.685989379882812 
87.36720275878906 28.680330276489258 
87.36082458496094 28.680330276489258 
87.36082458496094 28.685989379882812 
> -Z0.006551545653654714 
87.36721801757812 28.685972213745117 
87.37359619140625 28.685972213745117 
87.37359619140625 28.680313110351562 
87.36721801757812 28.680313110351562 
87.36721801757812 28.685972213745117 
> -Z0.018896098688213767 
87.36080169677734 28.680347442626953 
87.36717987060547 28.680347442626953 
87.36717987060547 28.6746883392334 
87.36080169677734 28.6746883392334 
87.36080169677734 28.680347442626953 
> -Z0.013677432035756047 
87.36720275878906 28.680330276489258 
87.37039184570312 28.680330276489258 
87.37039184570312 28.677501678466797 
87.36720275878906 28.677501678466797 
87.36720275878906 28.680330276489258 
> -Z0.008344992340726913 
87.37039947509766 28.680322647094727 
87.37358856201172 28.680322647094727 
87.37358856201172 28.677492141723633 
87.37039947509766 28.677492141723633 
87.37039947509766 28.680322647094727 
> -Z0.01687681954860177 
87.36719512939453 28.677509307861328 
87.37037658691406 28.677509307861328 
87.37037658691406 28.674680709838867 
87.36719512939453 28.674680709838867 
87.36719512939453 28.677509307861328 
> -Z0.012075970623442128 
87.37039184570312 28.677501678466797 
87.37358093261719 28.677501678466797 
87.37358093261719 28.674671173095703 
87.37039184570312 28.674671173095703 
87.37039184570312 28.677501678466797 
> -Z-0.020781794125459642 
87.3736572265625 28.697237014770508 
87.38003540039062 28.697237014770508 
87.38003540039062 28.691577911376953 
87.3736572265625 28.691577911376953 
87.3736572265625 28.697237014770508 
> -Z-0.030750552369991087 
87.38005828857422 28.697219848632812 
87.38324737548828 28.697219848632812 
87.38324737548828 28.69438934326172 
87.38005828857422 28.69438934326172 
87.38005828857422 28.697219848632812 
> -Z-0.03778150213610534 
87.38325500488281 28.69721031188965 
87.38644409179688 28.69721031188965 
87.38644409179688 28.694379806518555 
87.38325500488281 28.694379806518555 
87.38325500488281 28.69721031188965 
> -Z-0.03479345827755743 
87.38004302978516 28.694398880004883 
87.38323211669922 28.694398880004883 
87.38323211669922 28.69156837463379 
87.38004302978516 28.69156837463379 
87.38004302978516 28.694398880004883 
> -Z-0.043500391221316485 
87.38324737548828 28.69438934326172 
87.38643646240234 28.69438934326172 
87.38643646240234 28.691560745239258 
87.38324737548828 28.691560745239258 
87.38324737548828 28.69438934326172 
> -Z-0.020911558163313002 
87.37364196777344 28.69159507751465 
87.3768310546875 28.69159507751465 
87.3768310546875 28.688766479492188 
87.37364196777344 28.688766479492188 
87.37364196777344 28.69159507751465 
> -Z-0.02781764125591276 
87.37683868408203 28.691587448120117 
87.3800277709961 28.691587448120117 
87.3800277709961 28.688756942749023 
87.37683868408203 28.688756942749023 
87.37683868408203 28.691587448120117 
> -Z-0.020161567261961506 
87.37362670898438 28.68877601623535 
87.37681579589844 28.68877601623535 
87.37681579589844 28.685945510864258 
87.37362670898438 28.685945510864258 
87.37362670898438 28.68877601623535 
> -Z-0.027945361014766572 
87.3768310546875 28.688766479492188 
87.38001251220703 28.688766479492188 
87.38001251220703 28.685935974121094 
87.3768310546875 28.685935974121094 
87.3768310546875 28.688766479492188 
> -Z-0.037190365656599375 
87.38003540039062 28.691577911376953 
87.38322448730469 28.691577911376953 
87.38322448730469 28.68874740600586 
87.38003540039062 28.68874740600586 
87.38003540039062 28.691577911376953 
> -Z-0.047847859984152294 
87.38323211669922 28.69156837463379 
87.38642120361328 28.69156837463379 
87.38642120361328 28.688739776611328 
87.38323211669922 28.688739776611328 
87.38323211669922 28.69156837463379 
> -Z-0.038468689015316006 
87.3800277709961 28.688756942749023 
87.38321685791016 28.688756942749023 
87.38321685791016 28.685928344726562 
87.3800277709961 28.685928344726562 
87.3800277709961 28.688756942749023 
> -Z-0.05139115888419456 
87.38322448730469 28.68874740600586 
87.38641357421875 28.68874740600586 
87.38641357421875 28.6859188079834 
87.38322448730469 28.6859188079834 
87.38322448730469 28.68874740600586 
> -Z-0.044454663080966655 
87.3864517211914 28.697200775146484 
87.38964080810547 28.697200775146484 
87.38964080810547 28.694372177124023 
87.3864517211914 28.694372177124023 
87.3864517211914 28.697200775146484 
> -Z-0.05079093937174118 
87.38965606689453 28.69719123840332 
87.3928451538086 28.69719123840332 
87.3928451538086 28.69436264038086 
87.38965606689453 28.69436264038086 
87.38965606689453 28.69719123840332 
> -Z-0.05187713775777247 
87.38644409179688 28.694379806518555 
87.38963317871094 28.694379806518555 
87.38963317871094 28.691551208496094 
87.38644409179688 28.691551208496094 
87.38644409179688 28.694379806518555 
> -Z-0.059846174219973354 
87.38964080810547 28.694372177124023 
87.39282989501953 28.694372177124023 
87.39282989501953 28.69154167175293 
87.38964080810547 28.69154167175293 
87.38964080810547 28.694372177124023 
> -Z-0.055137188811637504 
87.39285278320312 28.69718360900879 
87.39604187011719 28.69718360900879 
87.39604187011719 28.694353103637695 
87.39285278320312 28.694353103637695 
87.39285278320312 28.69718360900879 
> -Z-0.05709773605847453 
87.39604949951172 28.697174072265625 
87.39923858642578 28.697174072265625 
87.39923858642578 28.69434356689453 
87.39604949951172 28.69434356689453 
87.39604949951172 28.697174072265625 
> -Z-0.06526074544362542 
87.3928451538086 28.69436264038086 
87.39603424072266 28.69436264038086 
87.39603424072266 28.691532135009766 
87.3928451538086 28.691532135009766 
87.3928451538086 28.69436264038086 
> -Z-0.06761855895761382 
87.39604187011719 28.694353103637695 
87.39923095703125 28.694353103637695 
87.39923095703125 28.6915225982666 
87.39604187011719 28.6915225982666 
87.39604187011719 28.694353103637695 
> -Z-0.05944540257639375 
87.38643646240234 28.691560745239258 
87.3896255493164 28.691560745239258 
87.3896255493164 28.688730239868164 
87.38643646240234 28.688730239868164 
87.38643646240234 28.691560745239258 
> -Z-0.06947755047240058 
87.38963317871094 28.691551208496094 
87.392822265625 28.691551208496094 
87.392822265625 28.688720703125 
87.38963317871094 28.688720703125 
87.38963317871094 28.691551208496094 
> -Z-0.06602752392890074 
87.38642120361328 28.688739776611328 
87.38961029052734 28.688739776611328 
87.38961029052734 28.685909271240234 
87.38642120361328 28.685909271240234 
87.38642120361328 28.688739776611328 
> -Z-0.07904700016570411 
87.3896255493164 28.688730239868164 
87.39280700683594 28.688730239868164 
87.39280700683594 28.68589973449707 
87.3896255493164 28.68589973449707 
87.3896255493164 28.688730239868164 
> -Z-0.0762449127026943 
87.39282989501953 28.69154167175293 
87.3960189819336 28.69154167175293 
87.3960189819336 28.688711166381836 
87.39282989501953 28.688711166381836 
87.39282989501953 28.69154167175293 
> -Z-0.07911560238467055 
87.39603424072266 28.691532135009766 
87.39921569824219 28.691532135009766 
87.39921569824219 28.688701629638672 
87.39603424072266 28.688701629638672 
87.39603424072266 28.691532135009766 
> -Z-0.08755635706038739 
87.392822265625 28.688720703125 
87.39601135253906 28.688720703125 
87.39601135253906 28.685890197753906 
87.392822265625 28.685890197753906 
87.392822265625 28.688720703125 
> -Z-0.09112972099838224 
87.3960189819336 28.688711166381836 
87.39920806884766 28.688711166381836 
87.39920806884766 28.685880661010742 
87.3960189819336 28.685880661010742 
87.3960189819336 28.688711166381836 
> -Z-0.01466137508093528 
87.37361907958984 28.685955047607422 
87.3768081665039 28.685955047607422 
87.3768081665039 28.683124542236328 
87.37361907958984 28.683124542236328 
87.37361907958984 28.685955047607422 
> -Z-0.02540705707201878 
87.37681579589844 28.685945510864258 
87.3800048828125 28.685945510864258 
87.3800048828125 28.683116912841797 
87.37681579589844 28.683116912841797 
87.37681579589844 28.685945510864258 
> -Z-0.0033993257091575356 
87.37361145019531 28.683134078979492 
87.37680053710938 28.683134078979492 
87.37680053710938 28.6803035736084 
87.37361145019531 28.6803035736084 
87.37361145019531 28.683134078979492 
> -Z-0.020712524379148802 
87.3768081665039 28.683124542236328 
87.37999725341797 28.683124542236328 
87.37999725341797 28.680295944213867 
87.3768081665039 28.680295944213867 
87.3768081665039 28.683124542236328 
> -Z-0.037848747635985426 
87.38001251220703 28.685935974121094 
87.3832015991211 28.685935974121094 
87.3832015991211 28.683107376098633 
87.38001251220703 28.683107376098633 
87.38001251220703 28.685935974121094 
> -Z-0.05312310461622538 
87.38321685791016 28.685928344726562 
87.38640594482422 28.685928344726562 
87.38640594482422 28.68309783935547 
87.38321685791016 28.68309783935547 
87.38321685791016 28.685928344726562 
> -Z-0.034415031899575316 
87.3800048828125 28.683116912841797 
87.38319396972656 28.683116912841797 
87.38319396972656 28.680286407470703 
87.3800048828125 28.680286407470703 
87.3800048828125 28.683116912841797 
> -Z-0.0497408847364471 
87.3832015991211 28.683107376098633 
87.38639068603516 28.683107376098633 
87.38639068603516 28.68027687072754 
87.3832015991211 28.68027687072754 
87.3832015991211 28.683107376098633 
> -Z1.3183673664344305e-05 
87.37359619140625 28.680313110351562 
87.37678527832031 28.680313110351562 
87.37678527832031 28.67748260498047 
87.37359619140625 28.67748260498047 
87.37359619140625 28.680313110351562 
> -Z-0.014766247423257075 
87.37680053710938 28.6803035736084 
87.3799819946289 28.6803035736084 
87.3799819946289 28.677474975585938 
87.37680053710938 28.677474975585938 
87.37680053710938 28.6803035736084 
> -Z0.004094123010928246 
87.37358856201172 28.677492141723633 
87.37677764892578 28.677492141723633 
87.37677764892578 28.674663543701172 
87.37358856201172 28.674663543701172 
87.37358856201172 28.677492141723633 
> -Z-0.008317698418636754 
87.37678527832031 28.67748260498047 
87.37997436523438 28.67748260498047 
87.37997436523438 28.674654006958008 
87.37678527832031 28.674654006958008 
87.37678527832031 28.67748260498047 
> -Z-0.030131542438207162 
87.37999725341797 28.680295944213867 
87.38318634033203 28.680295944213867 
87.38318634033203 28.677465438842773 
87.37999725341797 28.677465438842773 
87.37999725341797 28.680295944213867 
> -Z-0.048712322573446126 
87.38319396972656 28.680286407470703 
87.38638305664062 28.680286407470703 
87.38638305664062 28.67745590209961 
87.38319396972656 28.67745590209961 
87.38319396972656 28.680286407470703 
> -Z-0.02413834441718487 
87.3799819946289 28.677474975585938 
87.38317108154297 28.677474975585938 
87.38317108154297 28.674644470214844 
87.3799819946289 28.674644470214844 
87.3799819946289 28.677474975585938 
> -Z-0.04435997613988838 
87.38318634033203 28.677465438842773 
87.3863754272461 28.677465438842773 
87.3863754272461 28.67463493347168 
87.38318634033203 28.67463493347168 
87.38318634033203 28.677465438842773 
> -Z-0.07217796436490045 
87.38641357421875 28.6859188079834 
87.38960266113281 28.6859188079834 
87.38960266113281 28.683088302612305 
87.38641357421875 28.683088302612305 
87.38641357421875 28.6859188079834 
> -Z-0.08645919326391904 
87.38961029052734 28.685909271240234 
87.3927993774414 28.685909271240234 
87.3927993774414 28.68307876586914 
87.38961029052734 28.68307876586914 
87.38961029052734 28.685909271240234 
> -Z-0.07472198521971572 
87.38640594482422 28.68309783935547 
87.38958740234375 28.68309783935547 
87.38958740234375 28.680267333984375 
87.38640594482422 28.680267333984375 
87.38640594482422 28.68309783935547 
> -Z-0.0930616869304422 
87.38960266113281 28.683088302612305 
87.39279174804688 28.683088302612305 
87.39279174804688 28.680259704589844 
87.38960266113281 28.680259704589844 
87.38960266113281 28.683088302612305 
> -Z-0.0968479002420264 
87.39280700683594 28.68589973449707 
87.39599609375 28.68589973449707 
87.39599609375 28.683069229125977 
87.39280700683594 28.683069229125977 
87.39280700683594 28.68589973449707 
> -Z-0.10126596782202332 
87.39601135253906 28.685890197753906 
87.39920043945312 28.685890197753906 
87.39920043945312 28.683061599731445 
87.39601135253906 28.683061599731445 
87.39601135253906 28.685890197753906 
> -Z-0.10609588967404585 
87.3927993774414 28.68307876586914 
87.39598846435547 28.68307876586914 
87.39598846435547 28.68025016784668 
87.3927993774414 28.68025016784668 
87.3927993774414 28.68307876586914 
> -Z-0.11190982147662536 
87.39599609375 28.683069229125977 
87.39918518066406 28.683069229125977 
87.39918518066406 28.680240631103516 
87.39599609375 28.680240631103516 
87.39599609375 28.683069229125977 
> -Z-0.0739585281792476 
87.38639068603516 28.68027687072754 
87.38957977294922 28.68027687072754 
87.38957977294922 28.677448272705078 
87.38639068603516 28.677448272705078 
87.38639068603516 28.68027687072754 
> -Z-0.09618246603440461 
87.38958740234375 28.680267333984375 
87.39277648925781 28.680267333984375 
87.39277648925781 28.677438735961914 
87.38958740234375 28.677438735961914 
87.38958740234375 28.680267333984375 
> -Z-0.07056444504036419 
87.38638305664062 28.67745590209961 
87.38957214355469 28.67745590209961 
87.38957214355469 28.67462730407715 
87.38638305664062 28.67462730407715 
87.38638305664062 28.67745590209961 
> -Z-0.09468154895753712 
87.38957977294922 28.677448272705078 
87.39276885986328 28.677448272705078 
87.39276885986328 28.674617767333984 
87.38957977294922 28.674617767333984 
87.38957977294922 28.677448272705078 
> -Z-0.11219157323884121 
87.39279174804688 28.680259704589844 
87.39598083496094 28.680259704589844 
87.39598083496094 28.67742919921875 
87.39279174804688 28.67742919921875 
87.39279174804688 28.680259704589844 
> -Z-0.11994327799527946 
87.39598846435547 28.68025016784668 
87.39917755126953 28.68025016784668 
87.39917755126953 28.677419662475586 
87.39598846435547 28.677419662475586 
87.39598846435547 28.68025016784668 
> -Z-0.11371072265979917 
87.39277648925781 28.677438735961914 
87.39596557617188 28.677438735961914 
87.39596557617188 28.67460823059082 
87.39277648925781 28.67460823059082 
87.39277648925781 28.677438735961914 
> -Z-0.12391967017565601 
87.39598083496094 28.67742919921875 
87.39916229248047 28.67742919921875 
87.39916229248047 28.674598693847656 
87.39598083496094 28.674598693847656 
87.39598083496094 28.67742919921875 
> -Z0.0003083645036774291 
87.29732513427734 28.855384826660156 
87.39950561523438 28.855384826660156 
87.39950561523438 28.764860153198242 
87.29732513427734 28.764860153198242 
87.29732513427734 28.855384826660156 
> -Z0.0008412710530632706 
87.3988265991211 28.584335327148438 
87.50065612792969 28.584335327148438 
87.50065612792969 28.49373435974121 
87.3988265991211 28.49373435974121 
87.3988265991211 28.584335327148438 
> -Z-0.12634363647252642 
87.39916229248047 28.674598693847656 
87.40235137939453 28.674598693847656 
87.40235137939453 28.671768188476562 
87.39916229248047 28.671768188476562 
87.39916229248047 28.674598693847656 
> -Z-0.12347993525910117 
87.4023666381836 28.674589157104492 
87.40554809570312 28.674589157104492 
87.40554809570312 28.6717586517334 
87.4023666381836 28.6717586517334 
87.4023666381836 28.674589157104492 
> -Z-0.12249835555834682 
87.39915466308594 28.671777725219727 
87.40234375 28.671777725219727 
87.40234375 28.668947219848633 
87.39915466308594 28.668947219848633 
87.39915466308594 28.671777725219727 
> -Z-0.12165620029797009 
87.40235137939453 28.671768188476562 
87.4055404663086 28.671768188476562 
87.4055404663086 28.66893768310547 
87.40235137939453 28.66893768310547 
87.40235137939453 28.671768188476562 
> -Z-0.11507757611926098 
87.40556335449219 28.674579620361328 
87.40875244140625 28.674579620361328 
87.40875244140625 28.671749114990234 
87.40556335449219 28.671749114990234 
87.40556335449219 28.674579620361328 
> -Z-0.10284560086127993 
87.40876007080078 28.674570083618164 
87.41194915771484 28.674570083618164 
87.41194915771484 28.67173957824707 
87.40876007080078 28.67173957824707 
87.40876007080078 28.674570083618164 
> -Z-0.11451378388997549 
87.40554809570312 28.6717586517334 
87.40873718261719 28.6717586517334 
87.40873718261719 28.668928146362305 
87.40554809570312 28.668928146362305 
87.40554809570312 28.6717586517334 
> -Z-0.10360713973011947 
87.40875244140625 28.671749114990234 
87.41193389892578 28.671749114990234 
87.41193389892578 28.66891860961914 
87.40875244140625 28.66891860961914 
87.40875244140625 28.671749114990234 
> -Z-0.11286850539633123 
87.3991470336914 28.668956756591797 
87.40232849121094 28.668956756591797 
87.40232849121094 28.666126251220703 
87.3991470336914 28.666126251220703 
87.3991470336914 28.668956756591797 
> -Z-0.11457714185606915 
87.40234375 28.668947219848633 
87.40553283691406 28.668947219848633 
87.40553283691406 28.66611671447754 
87.40234375 28.66611671447754 
87.40234375 28.668947219848633 
> -Z-0.09856839928267164 
87.39913177490234 28.666135787963867 
87.4023208618164 28.666135787963867 
87.4023208618164 28.663307189941406 
87.39913177490234 28.663307189941406 
87.39913177490234 28.666135787963867 
> -Z-0.10293220803414545 
87.40232849121094 28.666126251220703 
87.405517578125 28.666126251220703 
87.405517578125 28.663297653198242 
87.40232849121094 28.663297653198242 
87.40232849121094 28.666126251220703 
> -Z-0.109961663545291 
87.4055404663086 28.66893768310547 
87.40872955322266 28.66893768310547 
87.40872955322266 28.666107177734375 
87.4055404663086 28.666107177734375 
87.4055404663086 28.66893768310547 
> -Z-0.10060396512620336 
87.40873718261719 28.668928146362305 
87.41192626953125 28.668928146362305 
87.41192626953125 28.66609764099121 
87.40873718261719 28.66609764099121 
87.40873718261719 28.668928146362305 
> -Z-0.1013835299283958 
87.40553283691406 28.66611671447754 
87.4087142944336 28.66611671447754 
87.4087142944336 28.663288116455078 
87.40553283691406 28.663288116455078 
87.40553283691406 28.66611671447754 
> -Z-0.09466663737552068 
87.40872955322266 28.666107177734375 
87.41191864013672 28.666107177734375 
87.41191864013672 28.663278579711914 
87.40872955322266 28.663278579711914 
87.40872955322266 28.666107177734375 
> -Z-0.09000851268066229 
87.41195678710938 28.674560546875 
87.41514587402344 28.674560546875 
87.41514587402344 28.671730041503906 
87.41195678710938 28.671730041503906 
87.41195678710938 28.674560546875 
> -Z-0.07483887990125503 
87.4151611328125 28.674551010131836 
87.41834259033203 28.674551010131836 
87.41834259033203 28.671720504760742 
87.4151611328125 28.671720504760742 
87.4151611328125 28.674551010131836 
> -Z-0.08915891303667453 
87.41194915771484 28.67173957824707 
87.4151382446289 28.67173957824707 
87.4151382446289 28.668909072875977 
87.41194915771484 28.668909072875977 
87.41194915771484 28.67173957824707 
> -Z-0.0759792560948247 
87.41514587402344 28.671730041503906 
87.4183349609375 28.671730041503906 
87.4183349609375 28.668899536132812 
87.41514587402344 28.668899536132812 
87.41514587402344 28.671730041503906 
> -Z-0.061497477333279205 
87.4183578491211 28.674541473388672 
87.42153930664062 28.674541473388672 
87.42153930664062 28.671710968017578 
87.4183578491211 28.671710968017578 
87.4183578491211 28.674541473388672 
> -Z-0.05089285907473552 
87.42155456542969 28.674530029296875 
87.42474365234375 28.674530029296875 
87.42474365234375 28.67169952392578 
87.42155456542969 28.67169952392578 
87.42155456542969 28.674530029296875 
> -Z-0.06264386825784497 
87.41834259033203 28.671720504760742 
87.4215316772461 28.671720504760742 
87.4215316772461 28.66888999938965 
87.41834259033203 28.66888999938965 
87.41834259033203 28.671720504760742 
> -Z-0.05193170025561396 
87.42153930664062 28.671710968017578 
87.42472839355469 28.671710968017578 
87.42472839355469 28.66887855529785 
87.42153930664062 28.66887855529785 
87.42153930664062 28.671710968017578 
> -Z-0.08856113674674894 
87.41193389892578 28.66891860961914 
87.41512298583984 28.66891860961914 
87.41512298583984 28.666088104248047 
87.41193389892578 28.666088104248047 
87.41193389892578 28.66891860961914 
> -Z-0.0755757702338481 
87.4151382446289 28.668909072875977 
87.41831970214844 28.668909072875977 
87.41831970214844 28.666078567504883 
87.4151382446289 28.666078567504883 
87.4151382446289 28.668909072875977 
> -Z-0.0846959820616416 
87.41192626953125 28.66609764099121 
87.41511535644531 28.66609764099121 
87.41511535644531 28.663267135620117 
87.41192626953125 28.663267135620117 
87.41192626953125 28.66609764099121 
> -Z-0.07319545944259602 
87.41512298583984 28.666088104248047 
87.4183120727539 28.666088104248047 
87.4183120727539 28.663257598876953 
87.41512298583984 28.663257598876953 
87.41512298583984 28.666088104248047 
> -Z-0.06272093177996767 
87.4183349609375 28.668899536132812 
87.42151641845703 28.668899536132812 
87.42151641845703 28.66606903076172 
87.4183349609375 28.66606903076172 
87.4183349609375 28.668899536132812 
> -Z-0.052202397695884466 
87.4215316772461 28.66888999938965 
87.42472076416016 28.66888999938965 
87.42472076416016 28.666059494018555 
87.4215316772461 28.666059494018555 
87.4215316772461 28.66888999938965 
> -Z-0.06133164067707014 
87.41831970214844 28.666078567504883 
87.4215087890625 28.666078567504883 
87.4215087890625 28.66324806213379 
87.41831970214844 28.66324806213379 
87.41831970214844 28.666078567504883 
> -Z-0.05136170405788572 
87.42151641845703 28.66606903076172 
87.4247055053711 28.66606903076172 
87.4247055053711 28.663238525390625 
87.42151641845703 28.663238525390625 
87.42151641845703 28.66606903076172 
> -Z-0.08406368073565353 
87.39912414550781 28.66331672668457 
87.40231323242188 28.66331672668457 
87.40231323242188 28.660486221313477 
87.39912414550781 28.660486221313477 
87.39912414550781 28.66331672668457 
> -Z-0.09033160267095039 
87.4023208618164 28.663307189941406 
87.40550994873047 28.663307189941406 
87.40550994873047 28.660476684570312 
87.4023208618164 28.660476684570312 
87.4023208618164 28.663307189941406 
> -Z-0.06652955106447776 
87.39910888671875 28.66049575805664 
87.40229797363281 28.66049575805664 
87.40229797363281 28.657665252685547 
87.39910888671875 28.657665252685547 
87.39910888671875 28.66049575805664 
> -Z-0.07421013903847497 
87.40231323242188 28.660486221313477 
87.4054946899414 28.660486221313477 
87.4054946899414 28.657655715942383 
87.40231323242188 28.657655715942383 
87.40231323242188 28.660486221313477 
> -Z-0.09142153374488729 
87.405517578125 28.663297653198242 
87.40870666503906 28.663297653198242 
87.40870666503906 28.66046714782715 
87.405517578125 28.66046714782715 
87.405517578125 28.663297653198242 
> -Z-0.08725474363626166 
87.4087142944336 28.663288116455078 
87.41190338134766 28.663288116455078 
87.41190338134766 28.660457611083984 
87.4087142944336 28.660457611083984 
87.4087142944336 28.663288116455078 
> -Z-0.07789848519239026 
87.40550994873047 28.660476684570312 
87.40869140625 28.660476684570312 
87.40869140625 28.65764617919922 
87.40550994873047 28.65764617919922 
87.40550994873047 28.660476684570312 
> -Z-0.07662448282154997 
87.40870666503906 28.66046714782715 
87.41189575195312 28.66046714782715 
87.41189575195312 28.657636642456055 
87.40870666503906 28.657636642456055 
87.40870666503906 28.66046714782715 
> -Z-0.05009072411952284 
87.39910125732422 28.65767478942871 
87.40229034423828 28.65767478942871 
87.40229034423828 28.654844284057617 
87.39910125732422 28.654844284057617 
87.39910125732422 28.65767478942871 
> -Z-0.05828105228657867 
87.40229797363281 28.657665252685547 
87.40548706054688 28.657665252685547 
87.40548706054688 28.654834747314453 
87.40229797363281 28.654834747314453 
87.40229797363281 28.657665252685547 
> -Z-0.035837448277298546 
87.39909362792969 28.65485382080078 
87.40227508544922 28.65485382080078 
87.40227508544922 28.652023315429688 
87.39909362792969 28.652023315429688 
87.39909362792969 28.65485382080078 
> -Z-0.04385420941044208 
87.40229034423828 28.654844284057617 
87.40547180175781 28.654844284057617 
87.40547180175781 28.652013778686523 
87.40229034423828 28.652013778686523 
87.40229034423828 28.654844284057617 
> -Z-0.06373746708812454 
87.4054946899414 28.657655715942383 
87.40868377685547 28.657655715942383 
87.40868377685547 28.65482521057129 
87.4054946899414 28.65482521057129 
87.4054946899414 28.657655715942383 
> -Z-0.06487650165809454 
87.40869140625 28.65764617919922 
87.41188049316406 28.65764617919922 
87.41188049316406 28.654815673828125 
87.40869140625 28.654815673828125 
87.40869140625 28.65764617919922 
> -Z-0.050203366751355324 
87.40548706054688 28.654834747314453 
87.40867614746094 28.654834747314453 
87.40867614746094 28.65200424194336 
87.40548706054688 28.65200424194336 
87.40548706054688 28.654834747314453 
> -Z-0.05305284743185308 
87.40868377685547 28.65482521057129 
87.41187286376953 28.65482521057129 
87.41187286376953 28.651994705200195 
87.40868377685547 28.651994705200195 
87.40868377685547 28.65482521057129 
> -Z-0.07843301548509993 
87.41191864013672 28.663278579711914 
87.41510009765625 28.663278579711914 
87.41510009765625 28.66044807434082 
87.41191864013672 28.66044807434082 
87.41191864013672 28.663278579711914 
> -Z-0.06890981189100193 
87.41511535644531 28.663267135620117 
87.41829681396484 28.663267135620117 
87.41829681396484 28.660436630249023 
87.41511535644531 28.660436630249023 
87.41511535644531 28.663267135620117 
> -Z-0.07026813598208383 
87.41190338134766 28.660457611083984 
87.41509246826172 28.660457611083984 
87.41509246826172 28.65762710571289 
87.41190338134766 28.65762710571289 
87.41190338134766 28.660457611083984 
> -Z-0.06299197985584366 
87.41510009765625 28.66044807434082 
87.41828918457031 28.66044807434082 
87.41828918457031 28.657617568969727 
87.41510009765625 28.657617568969727 
87.41510009765625 28.66044807434082 
> -Z-0.053109211145365195 
87.4183120727539 28.663257598876953 
87.4246826171875 28.663257598876953 
87.4246826171875 28.657596588134766 
87.4183120727539 28.657596588134766 
87.4183120727539 28.663257598876953 
> -Z-0.062298996720789944 
87.41189575195312 28.657636642456055 
87.41507720947266 28.657636642456055 
87.41507720947266 28.65480613708496 
87.41189575195312 28.65480613708496 
87.41189575195312 28.657636642456055 
> -Z-0.05696009953849323 
87.41509246826172 28.65762710571289 
87.41827392578125 28.65762710571289 
87.41827392578125 28.654796600341797 
87.41509246826172 28.654796600341797 
87.41509246826172 28.65762710571289 
> -Z-0.05255627052015119 
87.41188049316406 28.654815673828125 
87.41506958007812 28.654815673828125 
87.41506958007812 28.65198516845703 
87.41188049316406 28.65198516845703 
87.41188049316406 28.654815673828125 
> -Z-0.04927538440104061 
87.41507720947266 28.65480613708496 
87.41826629638672 28.65480613708496 
87.41826629638672 28.651975631713867 
87.41507720947266 28.651975631713867 
87.41507720947266 28.65480613708496 
> -Z-0.044019742212269446 
87.41828918457031 28.657617568969727 
87.4246597290039 28.657617568969727 
87.4246597290039 28.651954650878906 
87.41828918457031 28.651954650878906 
87.41828918457031 28.657617568969727 
> -Z-0.03718727227732081 
87.42475128173828 28.67452049255371 
87.4311294555664 28.67452049255371 
87.4311294555664 28.668859481811523 
87.42475128173828 28.668859481811523 
87.42475128173828 28.67452049255371 
> -Z-0.022020651822291258 
87.43115234375 28.674501419067383 
87.4375228881836 28.674501419067383 
87.4375228881836 28.668838500976562 
87.43115234375 28.668838500976562 
87.43115234375 28.674501419067383 
> -Z-0.03775241673131951 
87.42472839355469 28.66887855529785 
87.43110656738281 28.66887855529785 
87.43110656738281 28.663217544555664 
87.42472839355469 28.663217544555664 
87.42472839355469 28.66887855529785 
> -Z-0.02227035565731128 
87.4311294555664 28.668859481811523 
87.4375 28.668859481811523 
87.4375 28.663196563720703 
87.4311294555664 28.663196563720703 
87.4311294555664 28.668859481811523 
> -Z-0.013017474086432456 
87.43754577636719 28.674480438232422 
87.44391632080078 28.674480438232422 
87.44391632080078 28.6688175201416 
87.43754577636719 28.6688175201416 
87.43754577636719 28.674480438232422 
> -Z-0.007931373841007977 
87.44393920898438 28.67445945739746 
87.4503173828125 28.67445945739746 
87.4503173828125 28.66879653930664 
87.44393920898438 28.66879653930664 
87.44393920898438 28.67445945739746 
> -Z-0.013030142984271673 
87.4375228881836 28.668838500976562 
87.44389343261719 28.668838500976562 
87.44389343261719 28.663177490234375 
87.4375228881836 28.663177490234375 
87.4375228881836 28.668838500976562 
> -Z-0.0076987397103409445 
87.44391632080078 28.6688175201416 
87.4502944946289 28.6688175201416 
87.4502944946289 28.66315460205078 
87.44391632080078 28.66315460205078 
87.44391632080078 28.6688175201416 
> -Z-0.03560391311780763 
87.4247055053711 28.663238525390625 
87.43108367919922 28.663238525390625 
87.43108367919922 28.657577514648438 
87.4247055053711 28.657577514648438 
87.4247055053711 28.663238525390625 
> -Z-0.021172396983092194 
87.43110656738281 28.663217544555664 
87.4374771118164 28.663217544555664 
87.4374771118164 28.657556533813477 
87.43110656738281 28.657556533813477 
87.43110656738281 28.663217544555664 
> -Z-0.030708701402124058 
87.4246826171875 28.657596588134766 
87.4310531616211 28.657596588134766 
87.4310531616211 28.651935577392578 
87.4246826171875 28.651935577392578 
87.4246826171875 28.657596588134766 
> -Z-0.01862432360217679 
87.43108367919922 28.657577514648438 
87.43745422363281 28.657577514648438 
87.43745422363281 28.651914596557617 
87.43108367919922 28.651914596557617 
87.43108367919922 28.657577514648438 
> -Z-0.012288417513410893 
87.4375 28.663196563720703 
87.4438705444336 28.663196563720703 
87.4438705444336 28.657535552978516 
87.4375 28.657535552978516 
87.4375 28.663196563720703 
> -Z-0.007105710381279634 
87.44389343261719 28.663177490234375 
87.45026397705078 28.663177490234375 
87.45026397705078 28.657514572143555 
87.44389343261719 28.657514572143555 
87.44389343261719 28.663177490234375 
> -Z-0.010835523004406948 
87.4374771118164 28.657556533813477 
87.44384765625 28.657556533813477 
87.44384765625 28.651893615722656 
87.4374771118164 28.651893615722656 
87.4374771118164 28.657556533813477 
> -Z-0.006202687391168204 
87.4438705444336 28.657535552978516 
87.45024108886719 28.657535552978516 
87.45024108886719 28.651872634887695 
87.4438705444336 28.651872634887695 
87.4438705444336 28.657535552978516 
> -Z-0.02438059708176672 
87.39907836914062 28.65203285217285 
87.40226745605469 28.65203285217285 
87.40226745605469 28.649202346801758 
87.39907836914062 28.649202346801758 
87.39907836914062 28.65203285217285 
> -Z-0.03168116821992469 
87.40227508544922 28.652023315429688 
87.40546417236328 28.652023315429688 
87.40546417236328 28.649192810058594 
87.40227508544922 28.649192810058594 
87.40227508544922 28.652023315429688 
> -Z-0.01703377400874436 
87.3990707397461 28.649211883544922 
87.40225982666016 28.649211883544922 
87.40225982666016 28.64638328552246 
87.3990707397461 28.64638328552246 
87.3990707397461 28.649211883544922 
> -Z-0.02332795447423552 
87.40226745605469 28.649202346801758 
87.40545654296875 28.649202346801758 
87.40545654296875 28.646373748779297 
87.40226745605469 28.646373748779297 
87.40226745605469 28.649202346801758 
> -Z-0.038169515339756835 
87.40547180175781 28.652013778686523 
87.40866088867188 28.652013778686523 
87.40866088867188 28.64918327331543 
87.40547180175781 28.64918327331543 
87.40547180175781 28.652013778686523 
> -Z-0.04199472595227402 
87.40867614746094 28.65200424194336 
87.41185760498047 28.65200424194336 
87.41185760498047 28.649173736572266 
87.40867614746094 28.649173736572266 
87.40867614746094 28.65200424194336 
> -Z-0.029431256581010874 
87.40546417236328 28.649192810058594 
87.40865325927734 28.649192810058594 
87.40865325927734 28.6463623046875 
87.40546417236328 28.6463623046875 
87.40546417236328 28.649192810058594 
> -Z-0.03355555951131747 
87.40866088867188 28.64918327331543 
87.41184997558594 28.64918327331543 
87.41184997558594 28.646352767944336 
87.40866088867188 28.646352767944336 
87.40866088867188 28.64918327331543 
> -Z-0.011621496671094998 
87.39905548095703 28.646390914916992 
87.40543365478516 28.646390914916992 
87.40543365478516 28.640731811523438 
87.39905548095703 28.640731811523438 
87.39905548095703 28.646390914916992 
> -Z-0.02019862824875833 
87.40545654296875 28.646373748779297 
87.41182708740234 28.646373748779297 
87.41182708740234 28.64071273803711 
87.40545654296875 28.64071273803711 
87.40545654296875 28.646373748779297 
> -Z-0.03886614715376415 
87.41187286376953 28.651994705200195 
87.41824340820312 28.651994705200195 
87.41824340820312 28.646333694458008 
87.41187286376953 28.646333694458008 
87.41187286376953 28.651994705200195 
> -Z-0.03351150204728136 
87.41826629638672 28.651975631713867 
87.42463684082031 28.651975631713867 
87.42463684082031 28.64631462097168 
87.41826629638672 28.64631462097168 
87.41826629638672 28.651975631713867 
> -Z-0.02474420418952733 
87.41184997558594 28.646352767944336 
87.41822052001953 28.646352767944336 
87.41822052001953 28.64069175720215 
87.41184997558594 28.64069175720215 
87.41184997558594 28.646352767944336 
> -Z-0.023001155365537436 
87.41824340820312 28.646333694458008 
87.42461395263672 28.646333694458008 
87.42461395263672 28.64067268371582 
87.41824340820312 28.64067268371582 
87.41824340820312 28.646333694458008 
> -Z-0.0013439420671946187 
87.39904022216797 28.640750885009766 
87.40541076660156 28.640750885009766 
87.40541076660156 28.635089874267578 
87.39904022216797 28.635089874267578 
87.39904022216797 28.640750885009766 
> -Z-0.008762616314186806 
87.40543365478516 28.640731811523438 
87.41180419921875 28.640731811523438 
87.41180419921875 28.63507080078125 
87.40543365478516 28.63507080078125 
87.40543365478516 28.640731811523438 
> -Z0.0038713540988777675 
87.39901733398438 28.635108947753906 
87.40538787841797 28.635108947753906 
87.40538787841797 28.62944793701172 
87.39901733398438 28.62944793701172 
87.39901733398438 28.635108947753906 
> -Z-0.002103385548676708 
87.40541076660156 28.635089874267578 
87.41178131103516 28.635089874267578 
87.41178131103516 28.62942886352539 
87.40541076660156 28.62942886352539 
87.40541076660156 28.635089874267578 
> -Z-0.013056497997423696 
87.41182708740234 28.64071273803711 
87.41819763183594 28.64071273803711 
87.41819763183594 28.635051727294922 
87.41182708740234 28.635051727294922 
87.41182708740234 28.64071273803711 
> -Z-0.013328985170873019 
87.41822052001953 28.64069175720215 
87.42459106445312 28.64069175720215 
87.42459106445312 28.63503074645996 
87.41822052001953 28.63503074645996 
87.41822052001953 28.64069175720215 
> -Z-0.005931362117097096 
87.41180419921875 28.63507080078125 
87.41817474365234 28.63507080078125 
87.41817474365234 28.629409790039062 
87.41180419921875 28.629409790039062 
87.41180419921875 28.63507080078125 
> -Z-0.006734626863400428 
87.41819763183594 28.635051727294922 
87.42456817626953 28.635051727294922 
87.42456817626953 28.629390716552734 
87.41819763183594 28.629390716552734 
87.41819763183594 28.635051727294922 
> -Z-0.02446770641974759 
87.4246597290039 28.651954650878906 
87.4310302734375 28.651954650878906 
87.4310302734375 28.64629364013672 
87.4246597290039 28.64629364013672 
87.4246597290039 28.651954650878906 
> -Z-0.014924760611286343 
87.4310531616211 28.651935577392578 
87.43743133544922 28.651935577392578 
87.43743133544922 28.646272659301758 
87.4310531616211 28.646272659301758 
87.4310531616211 28.651935577392578 
> -Z-0.01768365010237273 
87.42463684082031 28.64631462097168 
87.4310073852539 28.64631462097168 
87.4310073852539 28.64065170288086 
87.42463684082031 28.64065170288086 
87.42463684082031 28.64631462097168 
> -Z-0.011330678124264965 
87.4310302734375 28.64629364013672 
87.43740844726562 28.64629364013672 
87.43740844726562 28.64063262939453 
87.4310302734375 28.64063262939453 
87.4310302734375 28.64629364013672 
> -Z-0.008827054283988304 
87.43745422363281 28.651914596557617 
87.4438247680664 28.651914596557617 
87.4438247680664 28.646251678466797 
87.43745422363281 28.646251678466797 
87.43745422363281 28.651914596557617 
> -Z-0.005070440972920045 
87.44384765625 28.651893615722656 
87.4502182006836 28.651893615722656 
87.4502182006836 28.646230697631836 
87.44384765625 28.646230697631836 
87.44384765625 28.651893615722656 
> -Z-0.006750456968923124 
87.43743133544922 28.646272659301758 
87.44380187988281 28.646272659301758 
87.44380187988281 28.64061164855957 
87.43743133544922 28.64061164855957 
87.43743133544922 28.646272659301758 
> -Z-0.003951435956336995 
87.4438247680664 28.646251678466797 
87.4501953125 28.646251678466797 
87.4501953125 28.64059066772461 
87.4438247680664 28.64059066772461 
87.4438247680664 28.646251678466797 
> -Z-0.011022254422545858 
87.42461395263672 28.64067268371582 
87.43098449707031 28.64067268371582 
87.43098449707031 28.635011672973633 
87.42461395263672 28.635011672973633 
87.42461395263672 28.64067268371582 
> -Z-0.00760565391284382 
87.4310073852539 28.64065170288086 
87.43738555908203 28.64065170288086 
87.43738555908203 28.634990692138672 
87.4310073852539 28.634990692138672 
87.4310073852539 28.64065170288086 
> -Z-0.006244867859822408 
87.42459106445312 28.63503074645996 
87.43096160888672 28.63503074645996 
87.43096160888672 28.629369735717773 
87.42459106445312 28.629369735717773 
87.42459106445312 28.63503074645996 
> -Z-0.004773035955681914 
87.43098449707031 28.635011672973633 
87.4373550415039 28.635011672973633 
87.4373550415039 28.629348754882812 
87.43098449707031 28.629348754882812 
87.43098449707031 28.635011672973633 
> -Z-0.0030679751885180845 
87.43740844726562 28.64063262939453 
87.45014953613281 28.64063262939453 
87.45014953613281 28.62930679321289 
87.43740844726562 28.62930679321289 
87.43740844726562 28.64063262939453 
> -Z-0.0029586423049115396 
87.4503402709961 28.6744384765625 
87.50129699707031 28.6744384765625 
87.50129699707031 28.629127502441406 
87.4503402709961 28.629127502441406 
87.4503402709961 28.6744384765625 
> -Z0.0009268960323555266 
87.39899444580078 28.629467010498047 
87.449951171875 28.629467010498047 
87.449951171875 28.584177017211914 
87.39899444580078 28.584177017211914 
87.39899444580078 28.629467010498047 
> -Z-0.00036639349512894133 
87.45014953613281 28.62930679321289 
87.50108337402344 28.62930679321289 
87.50108337402344 28.58399772644043 
87.45014953613281 28.58399772644043 
87.45014953613281 28.62930679321289 
> -Z-0.0029570867681772157 
87.39950561523438 28.764860153198242 
87.45053100585938 28.764860153198242 
87.45053100585938 28.719568252563477 
87.39950561523438 28.719568252563477 
87.39950561523438 28.764860153198242 
> -Z-0.0027895872890733864 
87.45072937011719 28.764698028564453 
87.50172424316406 28.764698028564453 
87.50172424316406 28.719388961791992 
87.45072937011719 28.719388961791992 
87.45072937011719 28.764698028564453 
> -Z-0.014562462250149882 
87.39933776855469 28.719730377197266 
87.40571594238281 28.719730377197266 
87.40571594238281 28.714069366455078 
87.39933776855469 28.714069366455078 
87.39933776855469 28.719730377197266 
> -Z-0.013750117880733586 
87.4057388305664 28.719711303710938 
87.41211700439453 28.719711303710938 
87.41211700439453 28.71405029296875 
87.4057388305664 28.71405029296875 
87.4057388305664 28.719711303710938 
> -Z-0.021155848704644178 
87.3993148803711 28.714088439941406 
87.40569305419922 28.714088439941406 
87.40569305419922 28.70842742919922 
87.3993148803711 28.70842742919922 
87.3993148803711 28.714088439941406 
> -Z-0.01957587766878112 
87.40571594238281 28.714069366455078 
87.41209411621094 28.714069366455078 
87.41209411621094 28.70840835571289 
87.40571594238281 28.70840835571289 
87.40571594238281 28.714069366455078 
> -Z-0.012170294646333776 
87.4121322631836 28.719690322875977 
87.41851043701172 28.719690322875977 
87.41851043701172 28.71402931213379 
87.4121322631836 28.71402931213379 
87.4121322631836 28.719690322875977 
> -Z-0.010136285435324407 
87.41853332519531 28.71967124938965 
87.42491149902344 28.71967124938965 
87.42491149902344 28.71401023864746 
87.41853332519531 28.71401023864746 
87.41853332519531 28.71967124938965 
> -Z-0.016836117999587934 
87.41211700439453 28.71405029296875 
87.41848754882812 28.71405029296875 
87.41848754882812 28.708389282226562 
87.41211700439453 28.708389282226562 
87.41211700439453 28.71405029296875 
> -Z-0.013505003234698398 
87.41851043701172 28.71402931213379 
87.42488861083984 28.71402931213379 
87.42488861083984 28.7083683013916 
87.41851043701172 28.7083683013916 
87.41851043701172 28.71402931213379 
> -Z-0.03073356489261935 
87.3992919921875 28.708446502685547 
87.40567016601562 28.708446502685547 
87.40567016601562 28.702787399291992 
87.3992919921875 28.702787399291992 
87.3992919921875 28.708446502685547 
> -Z-0.028204021599374365 
87.40569305419922 28.70842742919922 
87.41207122802734 28.70842742919922 
87.41207122802734 28.70276641845703 
87.40569305419922 28.70276641845703 
87.40569305419922 28.70842742919922 
> -Z-0.043579410007124134 
87.3992691040039 28.702804565429688 
87.40564727783203 28.702804565429688 
87.40564727783203 28.697145462036133 
87.3992691040039 28.697145462036133 
87.3992691040039 28.702804565429688 
> -Z-0.038976268999851196 
87.40567016601562 28.702787399291992 
87.41204833984375 28.702787399291992 
87.41204833984375 28.697126388549805 
87.40567016601562 28.697126388549805 
87.40567016601562 28.702787399291992 
> -Z-0.023249939251156482 
87.41209411621094 28.70840835571289 
87.41846466064453 28.70840835571289 
87.41846466064453 28.702747344970703 
87.41209411621094 28.702747344970703 
87.41209411621094 28.70840835571289 
> -Z-0.017932027336921393 
87.41848754882812 28.708389282226562 
87.42486572265625 28.708389282226562 
87.42486572265625 28.702728271484375 
87.41848754882812 28.702728271484375 
87.41848754882812 28.708389282226562 
> -Z-0.031782918517721165 
87.41207122802734 28.70276641845703 
87.41844177246094 28.70276641845703 
87.41844177246094 28.697105407714844 
87.41207122802734 28.697105407714844 
87.41207122802734 28.70276641845703 
> -Z-0.02357550672883877 
87.41846466064453 28.702747344970703 
87.42484283447266 28.702747344970703 
87.42484283447266 28.697086334228516 
87.41846466064453 28.697086334228516 
87.41846466064453 28.702747344970703 
> -Z-0.008422580092250682 
87.42493438720703 28.71965217590332 
87.43768310546875 28.71965217590332 
87.43768310546875 28.708328247070312 
87.42493438720703 28.708328247070312 
87.42493438720703 28.71965217590332 
> -Z-0.005529716588527879 
87.43773651123047 28.7196102142334 
87.45048522949219 28.7196102142334 
87.45048522949219 28.70828628540039 
87.43773651123047 28.70828628540039 
87.43773651123047 28.7196102142334 
> -Z-0.013516269767177548 
87.42488861083984 28.7083683013916 
87.43126678466797 28.7083683013916 
87.43126678466797 28.702707290649414 
87.42488861083984 28.702707290649414 
87.42488861083984 28.7083683013916 
> -Z-0.010051858026848461 
87.43128967285156 28.708349227905273 
87.43766021728516 28.708349227905273 
87.43766021728516 28.702686309814453 
87.43128967285156 28.702686309814453 
87.43128967285156 28.708349227905273 
> -Z-0.017050348878717987 
87.42486572265625 28.702728271484375 
87.43124389648438 28.702728271484375 
87.43124389648438 28.697065353393555 
87.42486572265625 28.697065353393555 
87.42486572265625 28.702728271484375 
> -Z-0.01211316952705897 
87.43126678466797 28.702707290649414 
87.43763732910156 28.702707290649414 
87.43763732910156 28.697046279907227 
87.43126678466797 28.697046279907227 
87.43126678466797 28.702707290649414 
> -Z-0.007056000331485992 
87.43768310546875 28.708328247070312 
87.450439453125 28.708328247070312 
87.450439453125 28.697004318237305 
87.43768310546875 28.697004318237305 
87.43768310546875 28.708328247070312 
> -Z-0.056701844816229245 
87.39925384521484 28.69716453552246 
87.4024429321289 28.69716453552246 
87.4024429321289 28.694334030151367 
87.39925384521484 28.694334030151367 
87.39925384521484 28.69716453552246 
> -Z-0.054664158928155 
87.40245056152344 28.697154998779297 
87.4056396484375 28.697154998779297 
87.4056396484375 28.694324493408203 
87.40245056152344 28.694324493408203 
87.40245056152344 28.697154998779297 
> -Z-0.06699401898526573 
87.39923858642578 28.69434356689453 
87.40242767333984 28.69434356689453 
87.40242767333984 28.691513061523438 
87.39923858642578 28.691513061523438 
87.39923858642578 28.69434356689453 
> -Z-0.06434650747620385 
87.4024429321289 28.694334030151367 
87.40562438964844 28.694334030151367 
87.40562438964844 28.691503524780273 
87.4024429321289 28.691503524780273 
87.4024429321289 28.694334030151367 
> -Z-0.05295268386064478 
87.40564727783203 28.697145462036133 
87.41202545166016 28.697145462036133 
87.41202545166016 28.691484451293945 
87.40564727783203 28.691484451293945 
87.40564727783203 28.697145462036133 
> -Z-0.07824750887639653 
87.39923095703125 28.6915225982666 
87.40242004394531 28.6915225982666 
87.40242004394531 28.688692092895508 
87.39923095703125 28.688692092895508 
87.39923095703125 28.6915225982666 
> -Z-0.0749087542085314 
87.40242767333984 28.691513061523438 
87.4056167602539 28.691513061523438 
87.4056167602539 28.688682556152344 
87.40242767333984 28.688682556152344 
87.40242767333984 28.691513061523438 
> -Z-0.09006277985163977 
87.39921569824219 28.688701629638672 
87.40240478515625 28.688701629638672 
87.40240478515625 28.685871124267578 
87.39921569824219 28.685871124267578 
87.39921569824219 28.688701629638672 
> -Z-0.08600070124746062 
87.40242004394531 28.688692092895508 
87.40560913085938 28.688692092895508 
87.40560913085938 28.685861587524414 
87.40242004394531 28.685861587524414 
87.40242004394531 28.688692092895508 
> -Z-0.06976140766644201 
87.40562438964844 28.691503524780273 
87.4088134765625 28.691503524780273 
87.4088134765625 28.68867301940918 
87.40562438964844 28.68867301940918 
87.40562438964844 28.691503524780273 
> -Z-0.062497641264868814 
87.40882873535156 28.69149398803711 
87.41201782226562 28.69149398803711 
87.41201782226562 28.688663482666016 
87.40882873535156 28.688663482666016 
87.40882873535156 28.69149398803711 
> -Z-0.07979733462528772 
87.4056167602539 28.688682556152344 
87.40880584716797 28.688682556152344 
87.40880584716797 28.68585205078125 
87.4056167602539 28.68585205078125 
87.4056167602539 28.688682556152344 
> -Z-0.07112569173299545 
87.4088134765625 28.68867301940918 
87.41200256347656 28.68867301940918 
87.41200256347656 28.685842514038086 
87.4088134765625 28.685842514038086 
87.4088134765625 28.68867301940918 
> -Z-0.041708800354170704 
87.41204833984375 28.697126388549805 
87.41842651367188 28.697126388549805 
87.41842651367188 28.691465377807617 
87.41204833984375 28.691465377807617 
87.41204833984375 28.697126388549805 
> -Z-0.029910310979244112 
87.41844177246094 28.697105407714844 
87.42481994628906 28.697105407714844 
87.42481994628906 28.691444396972656 
87.41844177246094 28.691444396972656 
87.41844177246094 28.697105407714844 
> -Z-0.05320809671473259 
87.41202545166016 28.691484451293945 
87.41840362548828 28.691484451293945 
87.41840362548828 28.685823440551758 
87.41202545166016 28.685823440551758 
87.41202545166016 28.691484451293945 
> -Z-0.03743581833171155 
87.41842651367188 28.691465377807617 
87.42479705810547 28.691465377807617 
87.42479705810547 28.68580436706543 
87.41842651367188 28.68580436706543 
87.41842651367188 28.691465377807617 
> -Z-0.1001544006804436 
87.39920806884766 28.685880661010742 
87.40239715576172 28.685880661010742 
87.40239715576172 28.68305206298828 
87.39920806884766 28.68305206298828 
87.39920806884766 28.685880661010742 
> -Z-0.09552130786018005 
87.40240478515625 28.685871124267578 
87.40559387207031 28.685871124267578 
87.40559387207031 28.683042526245117 
87.40240478515625 28.683042526245117 
87.40240478515625 28.685871124267578 
> -Z-0.11105618574496617 
87.39920043945312 28.683061599731445 
87.40238189697266 28.683061599731445 
87.40238189697266 28.68023109436035 
87.39920043945312 28.68023109436035 
87.39920043945312 28.683061599731445 
> -Z-0.10595383768908001 
87.40239715576172 28.68305206298828 
87.40558624267578 28.68305206298828 
87.40558624267578 28.680221557617188 
87.40239715576172 28.680221557617188 
87.40239715576172 28.68305206298828 
> -Z-0.08843064908541944 
87.40560913085938 28.685861587524414 
87.4087905883789 28.685861587524414 
87.4087905883789 28.683032989501953 
87.40560913085938 28.683032989501953 
87.40560913085938 28.685861587524414 
> -Z-0.07855402794141786 
87.40880584716797 28.68585205078125 
87.41199493408203 28.68585205078125 
87.41199493408203 28.683021545410156 
87.40880584716797 28.683021545410156 
87.40880584716797 28.68585205078125 
> -Z-0.0979773728517488 
87.40559387207031 28.683042526245117 
87.40878295898438 28.683042526245117 
87.40878295898438 28.680212020874023 
87.40559387207031 28.680212020874023 
87.40559387207031 28.683042526245117 
> -Z-0.08682558247068149 
87.4087905883789 28.683032989501953 
87.41197967529297 28.683032989501953 
87.41197967529297 28.68020248413086 
87.4087905883789 28.68020248413086 
87.4087905883789 28.683032989501953 
> -Z-0.11988413404110353 
87.39918518066406 28.680240631103516 
87.40237426757812 28.680240631103516 
87.40237426757812 28.677410125732422 
87.39918518066406 28.677410125732422 
87.39918518066406 28.680240631103516 
> -Z-0.11471482031532068 
87.40238189697266 28.68023109436035 
87.40557098388672 28.68023109436035 
87.40557098388672 28.677400588989258 
87.40238189697266 28.677400588989258 
87.40238189697266 28.68023109436035 
> -Z-0.1253546213789025 
87.39917755126953 28.677419662475586 
87.4023666381836 28.677419662475586 
87.4023666381836 28.674589157104492 
87.39917755126953 28.674589157104492 
87.39917755126953 28.677419662475586 
> -Z-0.12071747409377394 
87.40237426757812 28.677410125732422 
87.40556335449219 28.677410125732422 
87.40556335449219 28.674579620361328 
87.40237426757812 28.674579620361328 
87.40237426757812 28.677410125732422 
> -Z-0.10619228150228543 
87.40558624267578 28.680221557617188 
87.40877532958984 28.680221557617188 
87.40877532958984 28.677391052246094 
87.40558624267578 28.677391052246094 
87.40558624267578 28.680221557617188 
> -Z-0.09408569039467674 
87.40878295898438 28.680212020874023 
87.41197204589844 28.680212020874023 
87.41197204589844 28.67738151550293 
87.40878295898438 28.67738151550293 
87.40878295898438 28.680212020874023 
> -Z-0.11218884778410604 
87.40557098388672 28.677400588989258 
87.40876007080078 28.677400588989258 
87.40876007080078 28.674570083618164 
87.40557098388672 28.674570083618164 
87.40557098388672 28.677400588989258 
> -Z-0.09965573430512589 
87.40877532958984 28.677391052246094 
87.41195678710938 28.677391052246094 
87.41195678710938 28.674560546875 
87.40877532958984 28.674560546875 
87.40877532958984 28.677391052246094 
> -Z-0.06783225399039992 
87.41200256347656 28.685842514038086 
87.41519165039062 28.685842514038086 
87.41519165039062 28.683012008666992 
87.41200256347656 28.683012008666992 
87.41200256347656 28.685842514038086 
> -Z-0.05725557872018345 
87.41519927978516 28.685832977294922 
87.41838836669922 28.685832977294922 
87.41838836669922 28.683002471923828 
87.41519927978516 28.683002471923828 
87.41519927978516 28.685832977294922 
> -Z-0.07473498471848244 
87.41199493408203 28.683021545410156 
87.41517639160156 28.683021545410156 
87.41517639160156 28.680191040039062 
87.41199493408203 28.680191040039062 
87.41199493408203 28.683021545410156 
> -Z-0.06284194908670483 
87.41519165039062 28.683012008666992 
87.41838073730469 28.683012008666992 
87.41838073730469 28.6801815032959 
87.41519165039062 28.6801815032959 
87.41519165039062 28.683012008666992 
> -Z-0.04619302320863255 
87.41840362548828 28.685823440551758 
87.42477416992188 28.685823440551758 
87.42477416992188 28.68016242980957 
87.41840362548828 28.68016242980957 
87.41840362548828 28.685823440551758 
> -Z-0.08088579341852456 
87.41197967529297 28.68020248413086 
87.41516876220703 28.68020248413086 
87.41516876220703 28.677371978759766 
87.41197967529297 28.677371978759766 
87.41197967529297 28.68020248413086 
> -Z-0.06787876934253378 
87.41517639160156 28.680191040039062 
87.41836547851562 28.680191040039062 
87.41836547851562 28.67736053466797 
87.41517639160156 28.67736053466797 
87.41517639160156 28.680191040039062 
> -Z-0.08578227311289689 
87.41197204589844 28.67738151550293 
87.4151611328125 28.67738151550293 
87.4151611328125 28.674551010131836 
87.41197204589844 28.674551010131836 
87.41197204589844 28.67738151550293 
> -Z-0.07200314047195927 
87.41516876220703 28.677371978759766 
87.4183578491211 28.677371978759766 
87.4183578491211 28.674541473388672 
87.41516876220703 28.674541473388672 
87.41516876220703 28.677371978759766 
> -Z-0.05573701500567034 
87.41838073730469 28.6801815032959 
87.42156219482422 28.6801815032959 
87.42156219482422 28.677350997924805 
87.41838073730469 28.677350997924805 
87.41838073730469 28.6801815032959 
> -Z-0.0461858642600395 
87.42157745361328 28.680171966552734 
87.42476654052734 28.680171966552734 
87.42476654052734 28.67734146118164 
87.42157745361328 28.67734146118164 
87.42157745361328 28.680171966552734 
> -Z-0.0590779162988795 
87.41836547851562 28.67736053466797 
87.42155456542969 28.67736053466797 
87.42155456542969 28.674530029296875 
87.41836547851562 28.674530029296875 
87.41836547851562 28.67736053466797 
> -Z-0.04887936475372426 
87.42156219482422 28.677350997924805 
87.42475128173828 28.677350997924805 
87.42475128173828 28.67452049255371 
87.42156219482422 28.67452049255371 
87.42156219482422 28.677350997924805 
> -Z-0.020865717877625534 
87.42484283447266 28.697086334228516 
87.43122100830078 28.697086334228516 
87.43122100830078 28.691425323486328 
87.42484283447266 28.691425323486328 
87.42484283447266 28.697086334228516 
> -Z-0.014229380191733228 
87.43124389648438 28.697065353393555 
87.43761444091797 28.697065353393555 
87.43761444091797 28.691404342651367 
87.43124389648438 28.691404342651367 
87.43124389648438 28.697065353393555 
> -Z-0.025542415004646317 
87.42481994628906 28.691444396972656 
87.43119812011719 28.691444396972656 
87.43119812011719 28.68578338623047 
87.42481994628906 28.68578338623047 
87.42481994628906 28.691444396972656 
> -Z-0.01645568123713409 
87.43122100830078 28.691425323486328 
87.43759155273438 28.691425323486328 
87.43759155273438 28.685762405395508 
87.43122100830078 28.685762405395508 
87.43122100830078 28.691425323486328 
> -Z-0.009570164379235973 
87.43763732910156 28.697046279907227 
87.44401550292969 28.697046279907227 
87.44401550292969 28.691383361816406 
87.43763732910156 28.691383361816406 
87.43763732910156 28.697046279907227 
> -Z-0.006957782688970168 
87.44403839111328 28.697025299072266 
87.45040893554688 28.697025299072266 
87.45040893554688 28.691362380981445 
87.44403839111328 28.691362380981445 
87.44403839111328 28.697025299072266 
> -Z-0.010567573904146818 
87.43761444091797 28.691404342651367 
87.4439926147461 28.691404342651367 
87.4439926147461 28.685741424560547 
87.43761444091797 28.685741424560547 
87.43761444091797 28.691404342651367 
> -Z-0.007345520039932297 
87.44401550292969 28.691383361816406 
87.45038604736328 28.691383361816406 
87.45038604736328 28.685720443725586 
87.44401550292969 28.685720443725586 
87.44401550292969 28.691383361816406 
> -Z-0.03047614064141522 
87.42479705810547 28.68580436706543 
87.4311752319336 28.68580436706543 
87.4311752319336 28.68014144897461 
87.42479705810547 28.68014144897461 
87.42479705810547 28.68580436706543 
> -Z-0.018800342084042746 
87.43119812011719 28.68578338623047 
87.43756866455078 28.68578338623047 
87.43756866455078 28.68012237548828 
87.43119812011719 28.68012237548828 
87.43119812011719 28.68578338623047 
> -Z-0.03462852578007917 
87.42477416992188 28.68016242980957 
87.43115234375 28.68016242980957 
87.43115234375 28.674501419067383 
87.42477416992188 28.674501419067383 
87.42477416992188 28.68016242980957 
> -Z-0.02080446271737163 
87.4311752319336 28.68014144897461 
87.43754577636719 28.68014144897461 
87.43754577636719 28.674480438232422 
87.4311752319336 28.674480438232422 
87.4311752319336 28.68014144897461 
> -Z-0.01153722168704755 
87.43759155273438 28.685762405395508 
87.4439697265625 28.685762405395508 
87.4439697265625 28.68010139465332 
87.43759155273438 28.68010139465332 
87.43759155273438 28.685762405395508 
> -Z-0.007645388931968937 
87.4439926147461 28.685741424560547 
87.45036315917969 28.685741424560547 
87.45036315917969 28.68008041381836 
87.4439926147461 28.68008041381836 
87.4439926147461 28.685741424560547 
> -Z-0.012286701874791079 
87.43756866455078 28.68012237548828 
87.44393920898438 28.68012237548828 
87.44393920898438 28.67445945739746 
87.43756866455078 28.67445945739746 
87.43756866455078 28.68012237548828 
> -Z-0.007785821090266429 
87.4439697265625 28.68010139465332 
87.4503402709961 28.68010139465332 
87.4503402709961 28.6744384765625 
87.4439697265625 28.6744384765625 
87.4439697265625 28.68010139465332 
> -Z-0.004599657915038388 
87.45053100585938 28.719568252563477 
87.50151062011719 28.719568252563477 
87.50151062011719 28.674259185791016 
87.45053100585938 28.674259185791016 
87.45053100585938 28.719568252563477 
> -Z-0.0009306145872344425 
87.39985656738281 28.855119705200195 
87.50194549560547 28.855119705200195 
87.50194549560547 28.76451873779297 
87.39985656738281 28.76451873779297 
87.39985656738281 28.855119705200195 
> -Z-0.00021272300729962396 
87.50108337402344 28.58399772644043 
87.60282897949219 28.58399772644043 
87.60282897949219 28.49332046508789 
87.50108337402344 28.49332046508789 
87.50108337402344 28.58399772644043 
> -Z-0.0036714740898805163 
87.50151062011719 28.674259185791016 
87.55245208740234 28.674259185791016 
87.55245208740234 28.628929138183594 
87.50151062011719 28.628929138183594 
87.50151062011719 28.674259185791016 
> -Z-0.0027494567506407396 
87.55268859863281 28.67405891418457 
87.60359954833984 28.67405891418457 
87.60359954833984 28.628711700439453 
87.55268859863281 28.628711700439453 
87.55268859863281 28.67405891418457 
> -Z-0.0015549832606435686 
87.50129699707031 28.629127502441406 
87.55221557617188 28.629127502441406 
87.55221557617188 28.583799362182617 
87.50129699707031 28.583799362182617 
87.50129699707031 28.629127502441406 
> -Z-0.001595718470303078 
87.55245208740234 28.628929138183594 
87.60334014892578 28.628929138183594 
87.60334014892578 28.583580017089844 
87.55245208740234 28.583580017089844 
87.55245208740234 28.628929138183594 
> -Z-0.003444897978951324 
87.50194549560547 28.76451873779297 
87.6038589477539 28.76451873779297 
87.6038589477539 28.673839569091797 
87.50194549560547 28.673839569091797 
87.50194549560547 28.76451873779297 
> -Z-0.0018774893331518663 
87.50237274169922 28.85477638244629 
87.60437774658203 28.85477638244629 
87.60437774658203 28.76409912109375 
87.50237274169922 28.76409912109375 
87.50237274169922 28.85477638244629 
