# Name lon lat v_east v_north v_up e_east e_north e_up 
7ODM 242.9068 34.1164 -0.00534 0.00527 -0.00366 1.0 1.0 1.732 
ACSB 242.55509999999998 33.2743 -0.00519 0.00358 0.00337 1.0 1.0 1.732 
ACSX 242.55509999999998 33.2743 -0.00518 0.00329 0.00016 1.0 1.0 1.732 
AGMT 243.5706 34.5943 -0.00436 0.00329 0.00249 1.0 1.0 1.732 
ALTH 239.3302 36.8896 -0.00687 0.001 -7e-05 1.0 1.0 1.732 
ANA1 240.6365 34.015 -0.0064 0.00257 0.00163 1.0 1.0 1.732 
AR27 242.6751 33.3418 -0.00522 0.00339 0.0011 1.0 1.0 1.732 
AR53 242.5235 33.3811 -0.0044 0.00282 0.00291 1.0 1.0 1.732 
ARM2 241.0894 35.2013 -0.01197 0.00314 -0.00249 1.0 1.0 1.732 
AVRY 242.846 34.4683 -0.00712 0.00879 0.00111 1.0 1.0 1.732 
AZBH 245.39499999999998 35.1075 -0.00391 0.00096 -0.00743 1.0 1.0 1.732 
AZFM 245.4049 34.8522 -0.00369 -0.00041 0.00051 1.0 1.0 1.732 
AZGV 245.7457 35.2544 -0.00519 0.00056 -0.00599 1.0 1.0 1.732 
AZLH 245.6529 34.5083 -0.00378 0.00193 0.0026 1.0 1.0 1.732 
AZRY 243.3703 33.5401 -0.00483 0.00407 0.00025 1.0 1.0 1.732 
AZU1 242.1035 34.126 -0.00779 0.00559 0.00019 1.0 1.0 1.732 
AZYC 245.853 34.8793 -0.0017 0.00255 0.00042 1.0 1.0 1.732 
BALD 241.0986 37.7834 -0.00639 -0.00027 0.00406 1.0 1.0 1.732 
BAR1 240.9703 33.4805 -0.00585 0.00161 0.00627 1.0 1.0 1.732 
BBDM 240.01850000000002 34.5822 -0.00597 0.00168 -0.00325 1.0 1.0 1.732 
BBRY 243.11579999999998 34.2643 -0.00669 0.0031 0.00318 1.0 1.0 1.732 
BEMT 244.0018 34.0005 -0.00507 0.00239 -1e-05 1.0 1.0 1.732 
BEPK 241.9259 35.8784 -0.09892 0.01287 -0.00807 1.0 1.0 1.732 
BFLD 240.9547 35.4131 -0.01226 0.00186 0.0037 1.0 1.0 1.732 
BFSH 241.502 35.5911 -0.02916 0.00119 -0.0011 1.0 1.0 1.732 
BGIS 241.8403 33.9671 -0.00343 0.00573 0.00246 1.0 1.0 1.732 
BILL 242.93540000000002 33.5782 -0.00693 0.0056 -0.00319 1.0 1.0 1.732 
BKAP 243.9196 35.287 0.00224 -0.00126 -0.00543 1.0 1.0 1.732 
BKMS 241.9053 33.9623 -0.00493 0.00374 -0.00024 1.0 1.0 1.732 
BLYT 245.2851 33.6104 -0.00619 0.00108 0.00162 1.0 1.0 1.732 
BMHL 243.947 34.2514 -0.00405 0.00321 0.0067 1.0 1.0 1.732 
BOMG 244.27030000000002 33.3646 -0.00483 0.00219 0.00185 1.0 1.0 1.732 
BSRY 242.988 34.9186 -0.0027 0.00742 0.00802 1.0 1.0 1.732 
BTDM 241.8118 34.2928 -0.00487 0.00704 0.01035 1.0 1.0 1.732 
BUEG 239.80360000000002 34.6128 -0.01127 0.00036 0.00053 1.0 1.0 1.732 
BVPP 240.6525 35.1573 -0.00837 0.00155 0.0034 1.0 1.0 1.732 
CA99 241.1033 37.6446 -0.00515 -0.00156 0.00079 1.0 1.0 1.732 
CACT 244.0101 33.6551 -0.00682 0.00349 0.00226 1.0 1.0 1.732 
CAND 239.5663 35.9394 -0.00819 0.0014 0.00168 1.0 1.0 1.732 
CARH 239.5692 35.8884 -0.00696 0.00249 -0.00772 1.0 1.0 1.732 
CASE 242.596 33.4554 -0.00521 0.00462 -0.00095 1.0 1.0 1.732 
CASN 240.1547 34.4157 -0.0067 0.00297 0.00143 1.0 1.0 1.732 
CAT2 241.6662 33.3116 -0.00583 0.00256 0.00274 1.0 1.0 1.732 
CAT3 241.517 33.4458 -0.00486 0.00378 0.0037 1.0 1.0 1.732 
CBHS 241.3702 34.1386 -0.00696 0.00342 0.01276 1.0 1.0 1.732 
CCCC 242.3288 35.5653 -0.04983 0.21314 0.00253 1.0 1.0 1.732 
CCCS 242.1351 33.8627 -0.0074 0.00339 0.00183 1.0 1.0 1.732 
CDMT 243.66410000000002 34.8295 7e-05 0.00126 0.00463 1.0 1.0 1.732 
CHIL 241.974 34.3334 -0.00412 0.00459 0.0035 1.0 1.0 1.732 
CHMS 242.1723 34.6405 -0.00378 0.01208 0.00242 1.0 1.0 1.732 
CHOW 239.7895 37.0849 -0.00562 0.00219 -0.01226 1.0 1.0 1.732 
CIRX 241.0627 34.1096 -0.00602 0.00256 0.00638 1.0 1.0 1.732 
CIT1 241.8727 34.1367 -0.00865 0.00364 0.00263 1.0 1.0 1.732 
CJMG 242.5755 34.2712 -0.00873 0.00875 0.007 1.0 1.0 1.732 
CJMS 242.5206 34.3138 -0.00673 0.00885 0.00401 1.0 1.0 1.732 
CLAR 242.2912 34.1099 -0.00674 0.00674 0.00156 1.0 1.0 1.732 
CLBD 242.689 33.1354 -0.00567 0.0031 0.00523 1.0 1.0 1.732 
CMP9 241.58859999999999 34.3532 -0.00595 0.00443 -0.00711 1.0 1.0 1.732 
CNPP 242.3911 33.8576 -0.00547 0.00336 0.00218 1.0 1.0 1.732 
COPR 240.1205 34.4149 -0.00765 0.00095 -0.0029 1.0 1.0 1.732 
CPBN 242.42700000000002 35.0717 -0.00298 0.03753 0.00978 1.0 1.0 1.732 
CRBT 239.2492 35.7916 -0.00728 0.00141 0.00462 1.0 1.0 1.732 
CRCN 240.43200000000002 36.114 -0.00983 0.00052 0.00419 1.0 1.0 1.732 
CRFP 242.90030000000002 34.0391 -0.00432 0.00519 0.00381 1.0 1.0 1.732 
CRGG 240.27519999999998 35.2421 -0.0062 0.00375 0.00203 1.0 1.0 1.732 
CRHS 241.72719999999998 33.8235 -0.00882 -0.00417 0.00864 1.0 1.0 1.732 
CRRS 244.265 33.0698 -0.00594 0.00261 0.00034 1.0 1.0 1.732 
CRU1 240.21519999999998 34.0293 -0.00606 0.00167 0.00061 1.0 1.0 1.732 
CSCI 240.961 34.1684 -0.00491 0.00372 -0.00046 1.0 1.0 1.732 
CSDH 241.7433 33.8615 -0.00357 0.0027 0.0117 1.0 1.0 1.732 
CSST 240.6288 34.4081 -0.00603 0.00201 0.00223 1.0 1.0 1.732 
CTDM 241.3868 34.5165 -0.00419 0.00423 0.00795 1.0 1.0 1.732 
CTMS 243.62959999999998 34.1241 -0.00401 0.0041 -0.00784 1.0 1.0 1.732 
CUHS 240.3261 34.9426 -0.00901 0.0018 -0.00106 1.0 1.0 1.732 
CVHS 242.0983 34.082 -0.00645 0.0046 -0.00149 1.0 1.0 1.732 
DAM2 241.60309999999998 34.3348 -0.00413 0.00222 -0.00668 1.0 1.0 1.732 
DAM3 241.60250000000002 34.334 -0.00384 0.00631 -0.00573 1.0 1.0 1.732 
DDMN 241.0188 37.7442 -0.00633 0.00039 0.00263 1.0 1.0 1.732 
DHLG 244.212 33.3898 -0.0069 0.00292 -0.01064 1.0 1.0 1.732 
DLNO 240.7569 35.75 -0.01257 0.00197 -0.00385 1.0 1.0 1.732 
DLUZ 242.6928 33.4306 -0.00315 0.00312 0.00101 1.0 1.0 1.732 
DOND 240.3099 37.2643 -0.00752 0.00081 0.00815 1.0 1.0 1.732 
DONO 240.982 36.6925 -0.00998 0.00152 0.00372 1.0 1.0 1.732 
DS13 243.20850000000002 35.2478 0.00797 -0.0001 -0.00676 1.0 1.0 1.732 
DSME 242.7505 33.0365 -0.00846 0.00238 0.00328 1.0 1.0 1.732 
DSSC 243.28789999999998 33.7333 -0.00548 0.00462 0.00301 1.0 1.0 1.732 
DTPG 242.1541 35.2675 0.00086 0.04374 0.00829 1.0 1.0 1.732 
DYH2 241.8725 33.9383 -0.00482 0.00265 0.0046 1.0 1.0 1.732 
ECFS 242.5883 33.6477 -0.00598 0.00495 0.00236 1.0 1.0 1.732 
EDPP 241.1696 34.9462 -0.00664 0.00214 -0.00346 1.0 1.0 1.732 
ELLY 241.8712 33.5835 -0.00804 -0.01603 -0.01136 1.0 1.0 1.732 
ELSC 241.79160000000002 34.0297 -0.00509 0.00415 0.00279 1.0 1.0 1.732 
ELSG 242.574 33.6491 -0.00602 0.00413 0.0015 1.0 1.0 1.732 
EOCG 240.2302 34.4508 -0.00744 0.00261 0.00452 1.0 1.0 1.732 
ERRG 244.1773 33.1164 -0.00683 0.00054 0.00052 1.0 1.0 1.732 
EWPP 242.4744 34.1042 -0.00486 0.00365 -0.00136 1.0 1.0 1.732 
FCTF 241.55790000000002 34.0666 -0.03158 -0.06541 0.01346 1.0 1.0 1.732 
FGST 239.9906 34.733 -0.00382 0.00066 -0.00362 1.0 1.0 1.732 
FHOG 243.0641 34.0935 -0.00738 0.00366 -0.00328 1.0 1.0 1.732 
FMTP 241.10590000000002 34.4099 -0.00581 0.00262 -0.00015 1.0 1.0 1.732 
FMVT 241.11599999999999 34.3563 -0.00618 0.00308 0.0026 1.0 1.0 1.732 
FVPK 242.0643 33.6623 -0.00694 0.00517 -0.00056 1.0 1.0 1.732 
FZHS 241.10660000000001 34.8002 -0.00604 0.00455 0.0083 1.0 1.0 1.732 
GHRP 242.6021 34.2039 -0.00604 0.00838 -0.00023 1.0 1.0 1.732 
GISA 242.7817 34.0693 -0.00436 0.00564 0.01109 1.0 1.0 1.732 
GLRS 244.4786 33.2748 -0.00564 0.00054 0.00197 1.0 1.0 1.732 
GMAG 243.6174 34.2914 -0.00411 0.00182 0.0011 1.0 1.0 1.732 
GMPK 245.17270000000002 33.0511 -0.00463 0.00082 -0.00185 1.0 1.0 1.732 
GMRC 244.3398 34.784 -0.00394 0.001 5e-05 1.0 1.0 1.732 
GNPS 245.8106 34.3086 -0.00582 -0.00036 -0.00262 1.0 1.0 1.732 
GOL2 243.1107 35.4252 0.02643 -0.00649 -0.00866 1.0 1.0 1.732 
GR8R 239.58429999999998 36.399 -0.00611 0.00153 0.00095 1.0 1.0 1.732 
HAR7 242.70080000000002 35.0115 -0.00586 0.02249 0.00603 1.0 1.0 1.732 
HBCO 241.7142 33.7836 -0.00362 0.00321 0.00484 1.0 1.0 1.732 
HCMN 243.56990000000002 34.7548 -0.00352 0.0023 0.00536 1.0 1.0 1.732 
HELB 240.977 36.6788 -0.00839 0.00029 -0.00523 1.0 1.0 1.732 
HIVI 242.2005 34.7599 -0.00383 0.01581 -0.00172 1.0 1.0 1.732 
HMTG 242.9985 33.7081 -0.0054 0.005 -0.00048 1.0 1.0 1.732 
HNPS 244.3647 33.705 -0.00561 0.00049 -0.00107 1.0 1.0 1.732 
HOGS 239.5205 35.8667 -0.00844 0.00124 0.00438 1.0 1.0 1.732 
HOL3 242.1549 34.4582 -0.00636 0.01161 0.01011 1.0 1.0 1.732 
HOTK 241.1787 37.6586 -0.00635 -0.00128 0.00675 1.0 1.0 1.732 
HUNT 239.5976 35.8808 -0.00676 0.00206 0.00132 1.0 1.0 1.732 
HVYS 240.8125 34.4412 -0.00622 0.00321 0.00275 1.0 1.0 1.732 
I40A 244.08859999999999 34.7273 -0.00183 0.0004 -0.01006 1.0 1.0 1.732 
IDOG 243.7785 33.7968 -0.00591 0.00409 0.00281 1.0 1.0 1.732 
IDQG 243.761 33.768 -0.00462 0.00141 -0.00091 1.0 1.0 1.732 
IMPS 244.8549 34.1576 -0.00322 0.0018 -0.00201 1.0 1.0 1.732 
ISLK 241.5257 35.6623 -0.03242 -0.00018 0.00597 1.0 1.0 1.732 
JLN5 239.1671 35.8732 -0.00762 0.00291 0.00465 1.0 1.0 1.732 
JNHG 242.0446 34.4491 -0.0026 0.00949 0.00021 1.0 1.0 1.732 
JPLM 241.8268 34.2048 -0.00355 0.0061 0.00024 1.0 1.0 1.732 
KBRC 240.9918 34.3985 -0.00495 0.00285 -0.00582 1.0 1.0 1.732 
KGMN 245.9976 35.2311 -0.00594 -0.00192 -0.00032 1.0 1.0 1.732 
KING 245.95850000000002 35.1974 -0.00585 8e-05 -0.00534 1.0 1.0 1.732 
KNOL 241.0208 37.6591 -0.00617 -0.00089 -0.00349 1.0 1.0 1.732 
KRAC 241.11950000000002 37.7133 -0.00579 -0.00162 0.00522 1.0 1.0 1.732 
KYVW 243.82659999999998 33.9254 -0.00411 0.00271 0.00356 1.0 1.0 1.732 
LAND 239.5267 35.8998 -0.00843 0.002 0.00591 1.0 1.0 1.732 
LAPC 241.4253 34.1819 -0.00504 0.0051 0.00577 1.0 1.0 1.732 
LBC1 241.8628 33.8321 -0.00932 0.00161 0.01464 1.0 1.0 1.732 
LBC2 241.8268 33.7916 -0.00588 0.00487 -0.0004 1.0 1.0 1.732 
LDES 243.5672 34.2673 -0.00297 0.00041 -0.00219 1.0 1.0 1.732 
LEMA 240.2176 36.292 -0.01035 0.00141 0.00422 1.0 1.0 1.732 
LFRS 241.5872 34.0951 -0.00447 0.00395 0.00303 1.0 1.0 1.732 
LGWD 242.2355 33.6406 -0.00652 0.00277 0.00222 1.0 1.0 1.732 
LINC 240.9827 37.6372 -0.00687 -3e-05 0.00371 1.0 1.0 1.732 
LINJ 241.86079999999998 34.662 -0.00333 0.00825 0.01037 1.0 1.0 1.732 
LJRN 241.1323 34.8075 -0.00778 0.0049 0.00129 1.0 1.0 1.732 
LKHG 243.2412 33.236 -0.00397 0.00294 -0.00801 1.0 1.0 1.732 
LL01 242.16500000000002 34.4855 -0.00559 0.01083 0.01146 1.0 1.0 1.732 
LLAS 242.1621 34.586 -0.00492 0.01204 0.00656 1.0 1.0 1.732 
LMHG 242.6087 33.7442 -0.00702 0.0059 -0.01332 1.0 1.0 1.732 
LNMT 243.06029999999998 35.0902 0.00068 0.00625 0.00364 1.0 1.0 1.732 
LOMP 239.5534 34.6909 -0.00759 0.00067 0.00188 1.0 1.0 1.732 
LORS 242.2459 34.1333 -0.00557 0.00541 0.00572 1.0 1.0 1.732 
LOWS 239.4057 35.8287 -0.00722 5e-05 0.00361 1.0 1.0 1.732 
LPHS 242.0433 34.0268 -0.00769 0.0063 0.00365 1.0 1.0 1.732 
LRRG 241.97 34.5271 -0.00486 0.00705 -0.00289 1.0 1.0 1.732 
LVMS 240.8963 34.7336 -0.00855 0.00322 0.00067 1.0 1.0 1.732 
MASW 239.55689999999998 35.8326 -0.00702 -0.00022 -0.00223 1.0 1.0 1.732 
MAT2 242.5633 33.8568 -0.00398 0.00417 0.00414 1.0 1.0 1.732 
MERC 244.02100000000002 36.6325 -0.00313 -0.00085 -0.00403 1.0 1.0 1.732 
MHMS 241.7559 33.9391 -0.00377 0.00509 0.00225 1.0 1.0 1.732 
MIDA 239.5412 35.9219 -0.00822 0.00237 -0.00025 1.0 1.0 1.732 
MINS 240.9391 37.6538 -0.00628 0.00025 0.00273 1.0 1.0 1.732 
MJPK 242.4495 33.7145 -0.00672 0.00397 -0.00048 1.0 1.0 1.732 
MLFP 242.68200000000002 33.9184 -0.00415 0.00462 0.00375 1.0 1.0 1.732 
MNMC 239.5659 35.9695 -0.00892 0.00063 -0.00233 1.0 1.0 1.732 
MPWD 241.122 34.2955 -0.00729 0.0028 -0.00472 1.0 1.0 1.732 
MSOB 242.7899 34.2308 -0.00207 0.01006 0.02369 1.0 1.0 1.732 
MTGG 243.3528 33.1992 -0.00404 0.00401 0.01153 1.0 1.0 1.732 
MULN 239.9084 36.5651 -0.00709 0.002 -0.00175 1.0 1.0 1.732 
MUSB 240.69060000000002 37.1699 -0.00678 0.00039 0.0059 1.0 1.0 1.732 
MVFD 243.47469999999998 33.2109 -0.00846 0.00193 -0.0067 1.0 1.0 1.732 
MWTP 241.0553 37.6405 -0.00574 -0.00227 -0.00036 1.0 1.0 1.732 
NDAP 245.38139999999999 34.7677 -0.00222 0.0015 0.00186 1.0 1.0 1.732 
NHRG 240.8587 34.4987 -0.00646 0.00242 0.00356 1.0 1.0 1.732 
NOCO 242.43040000000002 33.9197 -0.00675 0.00461 0.00431 1.0 1.0 1.732 
NOPK 241.652 33.9797 -0.00502 0.00396 0.00238 1.0 1.0 1.732 
OAES 243.9323 34.141 -0.00283 0.00149 0.00057 1.0 1.0 1.732 
OCSD 242.6533 33.2407 -0.00517 0.00377 0.00061 1.0 1.0 1.732 
OEOC 242.2559 33.7659 -0.00835 0.00407 0.00315 1.0 1.0 1.732 
ORES 239.72140000000002 34.7391 -0.00731 0.00126 -0.00656 1.0 1.0 1.732 
ORMT 243.1849 34.6749 -0.00151 0.00488 0.00494 1.0 1.0 1.732 
OVLS 240.85809999999998 34.3274 -0.00719 0.00325 -0.00273 1.0 1.0 1.732 
OZST 240.6466 34.6834 -0.00754 0.0012 0.00244 1.0 1.0 1.732 
P006 245.54309999999998 36.1542 -0.00442 0.00153 -0.00441 1.0 1.0 1.732 
P056 240.9371 36.0274 -0.01495 0.00163 -0.00391 1.0 1.0 1.732 
P091 242.4685 36.6143 -0.00723 -0.02353 0.00274 1.0 1.0 1.732 
P092 242.5932 36.8042 -0.00749 -0.01292 0.00339 1.0 1.0 1.732 
P093 242.0059 36.606 -0.00607 -0.01157 0.00303 1.0 1.0 1.732 
P094 242.29579999999999 37.2008 -0.00505 -0.00632 -0.00153 1.0 1.0 1.732 
P245 240.2939 37.7131 -0.00651 -0.00023 0.00591 1.0 1.0 1.732 
P280 239.6524 35.5441 -0.00756 0.0011 -0.00024 1.0 1.0 1.732 
P281 239.6105 35.8411 -0.00624 0.00077 0.00042 1.0 1.0 1.732 
P282 239.6548 35.8378 -0.00788 -0.00025 0.00337 1.0 1.0 1.732 
P283 239.7147 35.8067 -0.00705 0.0009 0.00098 1.0 1.0 1.732 
P284 239.0932 35.9333 -0.00608 0.00285 -0.00422 1.0 1.0 1.732 
P285 239.01850000000002 36.4172 -0.00679 0.00125 0.00346 1.0 1.0 1.732 
P287 239.3022 36.0248 -0.00806 0.00231 -0.00226 1.0 1.0 1.732 
P288 239.1211 36.1402 -0.00535 -0.0005 0.00169 1.0 1.0 1.732 
P289 239.25119999999998 36.1068 -0.00705 0.00116 -0.00482 1.0 1.0 1.732 
P290 239.2717 36.1789 -0.00734 -0.00033 0.00294 1.0 1.0 1.732 
P291 239.3552 35.9228 -0.0066 9e-05 0.00663 1.0 1.0 1.732 
P292 239.5247 36.0075 -0.00912 0.0019 0.00504 1.0 1.0 1.732 
P293 239.457 36.0894 -0.00694 0.00042 0.00218 1.0 1.0 1.732 
P294 239.5601 36.1232 -0.00753 0.00233 -0.00172 1.0 1.0 1.732 
P295 239.1576 35.6971 -0.00712 0.00085 -0.00105 1.0 1.0 1.732 
P296 239.63639999999998 36.0517 -0.00715 0.00429 0.01035 1.0 1.0 1.732 
P297 239.4481 35.9741 -0.00684 0.00018 -0.0002 1.0 1.0 1.732 
P298 239.70589999999999 36.0158 -0.0071 0.00147 0.00323 1.0 1.0 1.732 
P299 239.2898 36.2568 -0.00716 -0.00031 -0.00018 1.0 1.0 1.732 
P300 239.723 36.3044 -0.00703 -1e-05 0.00298 1.0 1.0 1.732 
P301 239.2569 36.8063 -0.0065 0.00041 0.00316 1.0 1.0 1.732 
P302 239.38139999999999 36.6347 -0.00763 -0.00096 0.00568 1.0 1.0 1.732 
P304 239.64339999999999 36.739 -0.00657 0.00188 0.00074 1.0 1.0 1.732 
P305 239.8032 37.3522 -0.008 0.0021 -0.00638 1.0 1.0 1.732 
P306 239.3555 37.7952 -0.00674 0.00161 0.00042 1.0 1.0 1.732 
P307 239.94209999999998 36.9473 -0.00862 0.00276 -0.00534 1.0 1.0 1.732 
P308 240.15980000000002 37.9012 -0.0059 0.00157 0.00733 1.0 1.0 1.732 
P311 241.4802 37.1776 -0.00542 -0.00152 -0.00101 1.0 1.0 1.732 
P463 242.83530000000002 36.0225 0.0144 -0.02342 0.00313 1.0 1.0 1.732 
P464 242.59 36.159 -0.0235 -0.09248 0.01692 1.0 1.0 1.732 
P465 241.86759999999998 36.4668 -0.00836 -0.00751 0.00624 1.0 1.0 1.732 
P466 242.2105 36.5312 -0.00345 -0.02352 0.00377 1.0 1.0 1.732 
P467 241.9094 36.5702 -0.00673 -0.00948 0.00577 1.0 1.0 1.732 
P468 241.8816 36.9757 -0.00437 -0.00471 -0.00442 1.0 1.0 1.732 
P469 242.0642 37.2314 -0.00593 -0.00448 0.00292 1.0 1.0 1.732 
P470 242.6061 34.4624 -0.00488 0.00731 0.00187 1.0 1.0 1.732 
P471 242.4591 33.5621 -0.00543 0.00279 0.00186 1.0 1.0 1.732 
P474 242.75130000000001 33.3552 -0.00494 0.00336 -0.00064 1.0 1.0 1.732 
P476 242.81029999999998 33.4396 -0.00507 0.00354 -0.00328 1.0 1.0 1.732 
P477 242.8866 33.5028 -0.00544 0.00351 -0.00775 1.0 1.0 1.732 
P478 242.9284 33.2357 -0.00575 0.00336 -0.00209 1.0 1.0 1.732 
P479 243.21710000000002 33.4933 -0.00737 0.00204 -0.00343 1.0 1.0 1.732 
P482 243.3286 33.2402 -0.00679 0.00443 0.00388 1.0 1.0 1.732 
P483 243.4307 33.0592 -0.00413 0.0024 0.00238 1.0 1.0 1.732 
P484 243.3792 33.3756 -0.00543 0.00267 -0.00127 1.0 1.0 1.732 
P485 243.591 33.2102 -0.00617 0.0048 0.00489 1.0 1.0 1.732 
P486 243.67770000000002 33.2602 -0.00536 0.00098 0.00111 1.0 1.0 1.732 
P487 243.8169 33.2135 -0.0049 0.00165 -0.00606 1.0 1.0 1.732 
P488 243.9212 33.201 -0.00679 0.00255 0.0004 1.0 1.0 1.732 
P489 243.8884 33.2962 -0.00546 0.00063 -0.00039 1.0 1.0 1.732 
P490 243.5741 33.5235 -0.00453 0.00218 -0.00181 1.0 1.0 1.732 
P491 243.7732 33.5747 -0.00431 0.00244 -0.00296 1.0 1.0 1.732 
P495 244.3716 33.045 -0.00534 0.00239 0.00357 1.0 1.0 1.732 
P505 244.313 33.4239 -0.00503 0.00095 0.00065 1.0 1.0 1.732 
P506 244.4898 33.0814 -0.00528 -0.00045 0.00067 1.0 1.0 1.732 
P507 244.38760000000002 33.2 -0.00583 0.00015 0.00579 1.0 1.0 1.732 
P508 244.5713 33.2478 -0.00498 0.00034 -0.00376 1.0 1.0 1.732 
P510 244.6567 33.1436 -0.00662 0.00063 -0.00793 1.0 1.0 1.732 
P511 244.7039 33.8869 -0.00467 0.00189 -0.0012 1.0 1.0 1.732 
P512 240.3056 37.5626 -0.00401 -0.00036 -0.00134 1.0 1.0 1.732 
P513 239.34980000000002 34.9073 -0.00737 0.00081 -0.00069 1.0 1.0 1.732 
P514 239.5903 35.0107 -0.00746 0.00168 0.00246 1.0 1.0 1.732 
P515 239.7602 34.8706 -0.00827 0.00041 -0.00084 1.0 1.0 1.732 
P516 239.6166 35.1062 -0.00728 0.00056 0.00844 1.0 1.0 1.732 
P517 241.82240000000002 34.3764 -0.00538 0.00646 -0.0008 1.0 1.0 1.732 
P518 239.9247 35.02 -0.00761 0.00192 -0.00429 1.0 1.0 1.732 
P519 240.2076 34.5078 -0.00722 0.00155 -0.00078 1.0 1.0 1.732 
P520 240.3836 34.6305 -0.00624 0.00247 -0.00386 1.0 1.0 1.732 
P521 240.1846 34.8886 -0.00828 0.00086 -0.00126 1.0 1.0 1.732 
P523 239.1397 35.3044 -0.00614 0.00108 0.00287 1.0 1.0 1.732 
P525 239.1919 35.4258 -0.00626 0.00045 0.00058 1.0 1.0 1.732 
P526 239.1303 35.636 -0.00674 0.00034 0.00114 1.0 1.0 1.732 
P527 239.3952 35.7541 -0.00868 0.00088 0.00307 1.0 1.0 1.732 
P528 239.4546 35.3278 -0.00756 0.00093 -5e-05 1.0 1.0 1.732 
P529 239.6462 35.4405 -0.00772 0.00159 0.00292 1.0 1.0 1.732 
P530 239.5196 35.6248 -0.00823 -0.00053 0.00458 1.0 1.0 1.732 
P531 239.46339999999998 35.7927 -0.00776 0.00108 0.00721 1.0 1.0 1.732 
P532 239.733 35.6338 -0.00732 0.00148 0.0007 1.0 1.0 1.732 
P533 239.62900000000002 35.7479 -0.0059 0.00036 0.00375 1.0 1.0 1.732 
P535 239.8986 35.2351 -0.00758 0.00125 0.00485 1.0 1.0 1.732 
P536 239.975 35.2798 -0.00637 0.00132 -0.0028 1.0 1.0 1.732 
P537 240.06470000000002 35.3168 -0.00803 0.00016 -0.00082 1.0 1.0 1.732 
P538 239.8875 35.5342 -0.0082 0.00182 -0.00248 1.0 1.0 1.732 
P539 239.81799999999998 35.7027 -0.00798 0.00134 -0.00238 1.0 1.0 1.732 
P540 239.86939999999998 35.8013 -0.0103 0.00035 -0.00519 1.0 1.0 1.732 
P541 239.9993 35.6867 -0.00832 0.00131 0.0035 1.0 1.0 1.732 
P542 239.7074 35.6889 -0.00796 0.00047 0.0013 1.0 1.0 1.732 
P543 240.2868 35.319 -0.00959 0.00087 0.00959 1.0 1.0 1.732 
P544 240.262 35.7313 -0.00979 -0.00012 -0.00012 1.0 1.0 1.732 
P545 240.4642 35.4998 -0.01064 0.00103 -0.0019 1.0 1.0 1.732 
P546 239.8451 35.9279 -0.00814 0.0024 0.00135 1.0 1.0 1.732 
P547 240.0906 35.9347 -0.00946 0.00132 -0.00149 1.0 1.0 1.732 
P548 240.4961 34.4668 -0.00497 0.00205 0.00079 1.0 1.0 1.732 
P550 240.8854 34.6601 -0.00718 0.00179 0.00416 1.0 1.0 1.732 
P551 240.84539999999998 34.8562 -0.00955 0.00733 -0.00645 1.0 1.0 1.732 
P552 239.755 35.6867 -0.00582 0.00182 -0.00425 1.0 1.0 1.732 
P553 241.12099999999998 34.8351 -0.00655 0.00314 0.00558 1.0 1.0 1.732 
P554 241.152 34.7923 -0.00603 0.00553 0.00377 1.0 1.0 1.732 
P555 241.3306 34.695 -0.00852 0.00357 0.00459 1.0 1.0 1.732 
P556 241.4545 34.7711 -0.00593 0.00561 0.01274 1.0 1.0 1.732 
P557 241.3444 34.9444 -0.00766 0.00372 -0.00028 1.0 1.0 1.732 
P558 241.38830000000002 35.1386 -0.00987 0.00217 -0.00502 1.0 1.0 1.732 
P560 241.4591 34.8218 -0.00651 0.0061 -0.00345 1.0 1.0 1.732 
P561 241.6009 34.6185 -0.00447 0.0077 -0.03134 1.0 1.0 1.732 
P563 240.5788 35.4187 -0.01059 0.00235 0.00555 1.0 1.0 1.732 
P564 240.6506 35.6229 -0.01275 0.00137 -0.00514 1.0 1.0 1.732 
P565 240.76330000000002 35.7439 -0.01189 0.00093 -0.00493 1.0 1.0 1.732 
P566 240.7707 36.3245 -0.00892 0.00236 -0.00042 1.0 1.0 1.732 
P567 241.2464 35.4209 -0.01552 0.0008 -0.00024 1.0 1.0 1.732 
P568 241.8735 35.2543 -0.01013 0.01237 -0.00089 1.0 1.0 1.732 
P569 241.87619999999998 35.378 -0.01597 0.01209 0.00736 1.0 1.0 1.732 
P570 241.74 35.6673 -0.05173 0.00054 -0.00576 1.0 1.0 1.732 
P572 241.0454 36.5855 -0.01084 0.00242 0.00154 1.0 1.0 1.732 
P573 241.73950000000002 36.0931 -0.03435 0.00808 0.00245 1.0 1.0 1.732 
P574 242.36610000000002 34.2868 -0.00667 0.00764 -0.00045 1.0 1.0 1.732 
P575 242.45780000000002 34.2155 -0.00479 0.00696 -0.00028 1.0 1.0 1.732 
P576 239.03 35.6697 -0.0082 0.00017 0.00624 1.0 1.0 1.732 
P577 242.68110000000001 34.3046 -0.00485 0.00483 0.00213 1.0 1.0 1.732 
P578 239.761 35.6943 -0.00703 0.00266 -0.00537 1.0 1.0 1.732 
P579 241.9942 35.0388 -0.00279 0.01738 0.00234 1.0 1.0 1.732 
P580 242.8078 35.6209 0.19171 -0.02267 -0.00603 1.0 1.0 1.732 
P581 242.27100000000002 34.5097 -0.00462 0.01007 0.00535 1.0 1.0 1.732 
P582 242.4511 34.6343 -0.00412 0.01166 -0.00193 1.0 1.0 1.732 
P583 242.45659999999998 34.987 -0.00241 0.0266 0.00727 1.0 1.0 1.732 
P584 243.04840000000002 33.8926 -0.00559 0.00369 0.00141 1.0 1.0 1.732 
P585 243.4543 34.0193 -0.00556 0.00209 0.01068 1.0 1.0 1.732 
P586 242.71949999999998 34.5348 -0.0066 0.00951 0.00649 1.0 1.0 1.732 
P587 241.9687 34.3322 -0.00389 0.00697 0.00266 1.0 1.0 1.732 
P588 242.73239999999998 34.7854 -0.002 0.01352 0.00432 1.0 1.0 1.732 
P589 242.88979999999998 34.6207 -0.00461 0.00954 0.003 1.0 1.0 1.732 
P590 242.6352 35.1168 -0.00542 0.03704 0.00697 1.0 1.0 1.732 
P591 241.9835 35.1524 -0.00419 0.01808 0.00241 1.0 1.0 1.732 
P592 242.6968 35.2386 -0.00525 0.04048 0.00363 1.0 1.0 1.732 
P593 242.79489999999998 35.3879 0.01785 0.01669 -0.00231 1.0 1.0 1.732 
P594 242.60989999999998 35.8967 0.06576 -0.12663 0.00516 1.0 1.0 1.732 
P595 242.5972 35.6976 0.51405 -0.24984 0.04284 1.0 1.0 1.732 
P596 243.1105 35.9982 0.01922 0.00092 -0.00462 1.0 1.0 1.732 
P597 243.1116 35.7106 0.05366 -0.00259 -0.00672 1.0 1.0 1.732 
P598 243.28969999999998 34.1925 -0.00255 0.0015 0.00085 1.0 1.0 1.732 
P600 243.7881 33.8658 -0.00338 0.00201 0.00071 1.0 1.0 1.732 
P601 243.9198 33.9593 -0.0039 0.00077 -0.00189 1.0 1.0 1.732 
P602 239.7721 35.7292 -0.00764 0.0008 -0.00194 1.0 1.0 1.732 
P603 243.97050000000002 34.7169 -0.00201 0.00075 -0.00528 1.0 1.0 1.732 
P604 243.32850000000002 34.9368 0.00023 0.00236 0.00573 1.0 1.0 1.732 
P605 242.0633 34.3411 -0.00456 0.00667 0.00057 1.0 1.0 1.732 
P606 243.12040000000002 34.4621 -0.003 0.00485 0.00244 1.0 1.0 1.732 
P607 244.1793 33.741 -0.00387 0.00203 0.00377 1.0 1.0 1.732 
P608 244.3134 33.9941 -0.00397 0.00169 -0.00374 1.0 1.0 1.732 
P609 243.1072 34.0627 -0.00635 0.00596 -0.00236 1.0 1.0 1.732 
P611 244.3502 35.2048 0.00067 -0.00086 -0.00016 1.0 1.0 1.732 
P612 242.6845 34.1874 -0.00525 0.00544 -0.00093 1.0 1.0 1.732 
P613 242.95 34.1962 -0.00436 0.00629 0.00301 1.0 1.0 1.732 
P614 244.74970000000002 34.7318 -0.00368 0.00087 0.00793 1.0 1.0 1.732 
P615 243.2371 35.2046 0.00631 -0.00069 -0.01055 1.0 1.0 1.732 
P616 242.1067 35.4246 -0.01012 0.04124 0.00076 1.0 1.0 1.732 
P617 243.4284 35.3206 0.01001 -0.00129 0.00149 1.0 1.0 1.732 
P618 243.8961 35.1419 -9e-05 5e-05 -0.0085 1.0 1.0 1.732 
P619 243.8782 35.5259 0.00527 0.00122 -0.00312 1.0 1.0 1.732 
P621 244.4561 35.4728 -0.0016 -0.00067 -0.00121 1.0 1.0 1.732 
P623 245.4006 34.1889 -0.0031 0.00326 -0.0084 1.0 1.0 1.732 
P625 245.0349 34.8444 -0.00415 0.00153 -0.00079 1.0 1.0 1.732 
P626 244.76170000000002 35.2911 -0.0043 0.00306 -0.01493 1.0 1.0 1.732 
P627 241.6215 37.9731 -0.00576 6e-05 0.00551 1.0 1.0 1.732 
P629 240.8206 37.3759 -0.0071 0.00191 0.00402 1.0 1.0 1.732 
P630 240.9996 37.613 -0.00531 -0.00076 0.00308 1.0 1.0 1.732 
P631 241.0841 37.6053 -0.00604 -0.0004 -6e-05 1.0 1.0 1.732 
P632 240.9139 37.7857 -0.00568 0.00067 0.00618 1.0 1.0 1.732 
P635 240.862 37.8393 -0.00605 0.00121 -0.0034 1.0 1.0 1.732 
P638 241.0565 37.7343 -0.0052 0.00039 9e-05 1.0 1.0 1.732 
P639 241.1313 37.6546 -0.00617 -0.00071 -0.00101 1.0 1.0 1.732 
P641 241.1481 37.8782 -0.00375 -0.00293 0.00307 1.0 1.0 1.732 
P642 241.1833 37.5914 -0.0052 -0.00099 0.00146 1.0 1.0 1.732 
P643 241.30180000000001 37.5616 -0.00445 -0.00063 0.00337 1.0 1.0 1.732 
P646 241.18 37.677 -0.00517 -0.0009 0.0041 1.0 1.0 1.732 
P647 241.2323 37.7544 -0.0053 -0.00069 0.00434 1.0 1.0 1.732 
P648 240.9808 37.8 -0.0062 0.00062 0.00589 1.0 1.0 1.732 
P649 241.2638 37.9035 -0.00624 -0.0017 0.00598 1.0 1.0 1.732 
P650 241.4451 37.8913 -0.00495 -0.00011 -0.002 1.0 1.0 1.732 
P651 241.613 37.5631 -0.00473 -0.00163 0.00527 1.0 1.0 1.732 
P652 241.7615 37.5892 -0.0043 -0.00191 0.00399 1.0 1.0 1.732 
P653 241.5283 37.7375 -0.00443 -0.00228 0.00403 1.0 1.0 1.732 
P724 241.4389 37.4395 -0.00481 -0.0015 -0.00337 1.0 1.0 1.732 
P725 240.2544 37.0889 -0.00641 0.00011 0.00955 1.0 1.0 1.732 
P726 241.8533 37.2805 -0.00547 -0.00362 0.00382 1.0 1.0 1.732 
P727 241.5332 37.2736 -0.00488 -0.00312 0.00055 1.0 1.0 1.732 
P729 240.9039 34.2631 -0.0058 0.00385 -0.00137 1.0 1.0 1.732 
P742 243.3974 33.4955 -0.0018 0.002 0.00935 1.0 1.0 1.732 
P789 239.5283 35.9466 -0.00654 0.00199 -0.0017 1.0 1.0 1.732 
P790 239.4846 35.9291 -0.00694 0.003 0.00065 1.0 1.0 1.732 
P795 243.8519 34.5081 -0.00355 0.00358 -0.00268 1.0 1.0 1.732 
P797 243.4075 33.5373 -0.00398 0.00431 0.00333 1.0 1.0 1.732 
P799 241.6937 33.9276 -0.00639 0.00379 0.01072 1.0 1.0 1.732 
P800 241.65089999999998 34.0217 -0.00583 0.00451 0.00521 1.0 1.0 1.732 
P808 241.3785 34.836 -0.00722 0.0051 -0.00178 1.0 1.0 1.732 
P809 240.76319999999998 35.7439 -0.01619 0.00017 -0.01424 1.0 1.0 1.732 
P810 240.76330000000002 35.744 -0.00806 0.00423 -0.00274 1.0 1.0 1.732 
P811 241.98340000000002 35.1524 -0.00411 0.01954 0.00493 1.0 1.0 1.732 
P812 241.9835 35.1525 -0.0027 0.0179 -0.00321 1.0 1.0 1.732 
PALG 242.9682 33.389 -0.00577 0.00302 -0.00658 1.0 1.0 1.732 
PBPP 242.0774 34.5082 -0.0053 0.009 0.0124 1.0 1.0 1.732 
PEA1 239.2414 36.1869 -0.0081 -0.00016 -0.0005 1.0 1.0 1.732 
PEA2 239.2332 36.1805 -0.00815 0.00039 -0.00624 1.0 1.0 1.732 
PKDB 239.45839999999998 35.9452 -0.00755 0.00396 -0.01266 1.0 1.0 1.732 
PKRD 241.7671 34.0716 -0.00544 0.00882 0.00804 1.0 1.0 1.732 
PMOB 243.1405 33.3572 -0.00917 0.00283 0.03325 1.0 1.0 1.732 
PMTN 240.94310000000002 37.8314 -0.00742 0.00045 -0.00018 1.0 1.0 1.732 
POBG 243.0763 33.6871 -0.00522 0.00337 -0.00295 1.0 1.0 1.732 
POMM 239.5216 35.9199 -0.00802 0.00241 0.00115 1.0 1.0 1.732 
PPBF 242.8179 33.8357 -0.00643 0.00364 -0.00334 1.0 1.0 1.732 
PSDM 242.1929 34.0918 -0.00583 0.00435 -0.001 1.0 1.0 1.732 
PVHS 241.62779999999998 33.7795 -0.00487 0.00315 0.00458 1.0 1.0 1.732 
PVRS 241.6794 33.7739 -0.00647 0.0074 0.00475 1.0 1.0 1.732 
QHTP 241.7552 34.6287 -0.00614 0.00692 0.00864 1.0 1.0 1.732 
RAAP 243.08280000000002 33.0422 -0.00796 0.00324 -0.00966 1.0 1.0 1.732 
RAMT 242.3167 35.3387 0.00741 0.08813 0.00441 1.0 1.0 1.732 
RAPT 240.5513 36.6649 -0.00859 0.00045 4e-05 1.0 1.0 1.732 
RBRU 240.1713 36.7591 -0.00549 0.00045 0.00582 1.0 1.0 1.732 
RCA2 240.28 34.5 -0.00811 0.00126 0.00559 1.0 1.0 1.732 
RCSC 242.4135 33.4441 -0.00494 0.00404 -0.0061 1.0 1.0 1.732 
RDMT 243.37529999999998 34.6439 -0.00344 0.00415 -0.0011 1.0 1.0 1.732 
RDOM 241.1021 37.6771 -0.00541 -0.00037 0.00708 1.0 1.0 1.732 
REPO 243.5317 36.8404 -0.00516 -0.00276 0.00264 1.0 1.0 1.732 
RHCG 241.9866 34.0009 -0.00563 0.00396 0.00393 1.0 1.0 1.732 
RHCL 241.97379999999998 34.0191 -0.00566 0.00591 -0.00316 1.0 1.0 1.732 
RKMG 242.3906 33.6741 -0.0052 0.00357 0.00025 1.0 1.0 1.732 
RMVJ 242.4447 33.4858 -0.00463 0.00356 0.0003 1.0 1.0 1.732 
RNCH 239.4752 35.9 -0.00954 0.00036 0.00347 1.0 1.0 1.732 
RSTP 241.8071 34.8751 -0.00544 0.011 -0.00507 1.0 1.0 1.732 
RTHS 242.6467 34.0891 -0.00638 0.00657 0.00341 1.0 1.0 1.732 
SACY 242.1044 33.7432 -0.00806 0.00271 0.0043 1.0 1.0 1.732 
SAWC 241.04680000000002 37.6899 -0.00612 -0.00158 0.00529 1.0 1.0 1.732 
SBCC 242.3385 33.553 -0.00651 0.00523 -0.00458 1.0 1.0 1.732 
SCIA 242.61169999999998 34.6074 -0.0057 0.01068 0.00361 1.0 1.0 1.732 
SGPS 243.3043 33.9125 -0.0107 0.00618 0.01048 1.0 1.0 1.732 
SHN5 239.6529 35.6742 -0.00812 0.0006 0.00231 1.0 1.0 1.732 
SHP5 239.3287 35.2686 -0.00676 -0.00133 0.00324 1.0 1.0 1.732 
SHRC 241.0544 37.6249 -0.0063 -0.00037 0.00038 1.0 1.0 1.732 
SILK 241.7361 34.1029 -0.00343 0.00689 0.00477 1.0 1.0 1.732 
SIMM 240.00220000000002 35.3511 -0.00854 0.00497 -0.00475 1.0 1.0 1.732 
SKYB 241.5214 34.4386 -0.00474 0.00648 0.00504 1.0 1.0 1.732 
SLMS 244.0222 33.2922 -0.00673 0.00105 -0.00587 1.0 1.0 1.732 
SNHS 242.07139999999998 33.9273 -0.00796 0.00229 0.01702 1.0 1.0 1.732 
SOMT 240.9357 34.3199 -0.00639 0.00244 -0.00426 1.0 1.0 1.732 
SONG 242.43970000000002 33.3807 -0.00583 0.0046 0.00492 1.0 1.0 1.732 
SPMS 242.15120000000002 33.9927 -0.00564 0.00582 0.00236 1.0 1.0 1.732 
SRS1 239.9348 34.0043 -0.00663 0.00188 0.00138 1.0 1.0 1.732 
SYNG 239.93040000000002 34.6072 -0.00801 0.00147 0.00555 1.0 1.0 1.732 
TAFT 240.51479999999998 35.1565 -0.00943 0.00071 -0.0038 1.0 1.0 1.732 
TBLP 239.6397 35.9174 -0.00679 0.00067 -0.00181 1.0 1.0 1.732 
TEHA 241.53019999999998 35.1431 -0.00845 0.00494 0.00737 1.0 1.0 1.732 
THCP 241.5854 35.1582 -0.00959 0.0053 0.00221 1.0 1.0 1.732 
THMG 243.9228 33.6506 -0.00385 0.00055 0.00491 1.0 1.0 1.732 
THMS 242.2332 33.5496 -0.00476 0.00375 -0.00774 1.0 1.0 1.732 
TILC 241.1371 37.6189 -0.00608 -0.00194 0.00561 1.0 1.0 1.732 
TIVA 243.77030000000002 36.9348 -0.00532 -0.00113 -0.0044 1.0 1.0 1.732 
TJRN 239.8674 34.4835 -0.00566 0.00178 0.00069 1.0 1.0 1.732 
TOST 241.1633 34.248 -0.0044 0.00376 -3e-05 1.0 1.0 1.732 
TPOG 241.7714 34.8789 -0.00435 0.00921 0.00641 1.0 1.0 1.732 
TRLK 239.1714 37.4666 -0.00691 0.00109 -0.0043 1.0 1.0 1.732 
USC2 241.7226 34.0195 -0.00491 0.0052 0.00884 1.0 1.0 1.732 
USGC 243.91469999999998 33.0301 -0.00503 0.0025 -0.0105 1.0 1.0 1.732 
USLO 239.3389 35.3118 -0.00757 0.00155 0.0053 1.0 1.0 1.732 
VDCY 241.78 34.1786 -0.00465 0.00536 0.0014 1.0 1.0 1.732 
VIMT 241.4856 34.1264 -0.00475 0.00392 0.0014 1.0 1.0 1.732 
VINZ 241.061 34.9624 -0.01012 0.00247 0.00286 1.0 1.0 1.732 
VNCO 240.76229999999998 34.2758 -0.00611 0.00309 -0.00309 1.0 1.0 1.732 
VNCX 241.5155 34.2932 -0.00601 0.00518 0.00085 1.0 1.0 1.732 
VNPS 241.8788 34.5015 -0.00488 0.00974 0.00641 1.0 1.0 1.732 
VTIS 241.7062 33.7126 -0.00554 0.00131 0.00704 1.0 1.0 1.732 
VTOR 242.8068 33.225 -0.00572 0.00385 0.00076 1.0 1.0 1.732 
WASG 241.44299999999998 35.7384 -0.03432 -0.00233 0.01183 1.0 1.0 1.732 
WATC 241.3461 37.6643 -0.00537 -0.00157 0.00543 1.0 1.0 1.732 
WCHS 242.0889 34.0619 -0.00592 0.00538 -0.00233 1.0 1.0 1.732 
WGPP 241.0163 35.0108 -0.00993 0.00114 0.00236 1.0 1.0 1.732 
WHFG 241.648 35.6951 -0.04254 0.0019 -0.00518 1.0 1.0 1.732 
WHYT 242.35649999999998 33.6745 -0.0072 0.00505 0.00779 1.0 1.0 1.732 
WIDC 243.6082 33.9348 -0.00225 0.00208 -0.00504 1.0 1.0 1.732 
WKPK 241.2585 34.5685 -0.00483 0.00639 -0.0028 1.0 1.0 1.732 
WMAP 241.5857 34.2594 -0.00493 0.00445 -0.00064 1.0 1.0 1.732 
WMDG 244.41809999999998 33.0383 -0.0046 0.00047 0.00341 1.0 1.0 1.732 
WNRA 241.9407 34.0432 -0.00522 0.00565 -0.0063 1.0 1.0 1.732 
WOMT 243.0683 34.669 -0.00597 0.0061 0.00501 1.0 1.0 1.732 
WORG 241.7576 35.6956 -0.05828 -0.00189 0.00041 1.0 1.0 1.732 
WRHS 241.57240000000002 33.9582 -0.007 0.00504 0.00429 1.0 1.0 1.732 
WWFG 244.4212 33.2788 -0.00433 0.00151 -0.00099 1.0 1.0 1.732 
WWMT 243.3461 33.9553 -0.00962 0.00257 0.0098 1.0 1.0 1.732 
ZLA1 241.9161 34.6035 -0.00576 0.00784 -0.00349 1.0 1.0 1.732 
