241.85458 35.343193 -0.0005395318664795784
241.87236 35.343193 -0.012964527308804923
241.89014 35.734306 0.007205986849420018
241.89014 35.71653 -0.007120508421795992
241.90791 35.734306 0.011899418677504346
241.90791 35.71653 -0.00640190514884411
242.03236 35.805416 -0.014105687249691246
242.03236 35.78764 -0.02242583187366283
242.05014 35.805416 -0.0199234091347118
242.05014 35.78764 -0.01361963574608728
242.06792 35.94764 -0.012882585701518963
242.06792 35.92986 -0.010939825108078158
242.06792 35.805416 -0.0263932378206838
242.06792 35.78764 -0.006855508550453124
242.06792 35.76986 -0.01071446606564369
242.06792 35.752083 -0.031803064290397406
242.06792 35.734306 -0.03890036427297709
242.06792 35.71653 -0.02846340791655494
242.06792 35.343193 -0.021071367569076686
242.0857 35.94764 -0.0006002855907761631
242.0857 35.92986 -0.004666346827010573
242.0857 35.805416 -0.03755212230298402
242.0857 35.78764 -0.02234243692184204
242.0857 35.76986 -0.01889267522529385
242.0857 35.752083 -0.018375494405752243
242.0857 35.734306 -0.022036016946197834
242.0857 35.71653 -0.02967655313121728
242.0857 35.343193 -0.02959806857619822
242.10347 35.983192 0.0016263253762153554
242.10347 35.965416 0.0052023398190379835
242.10347 35.94764 0.004307480800830918
242.10347 35.92986 0.0001571807367886785
242.10347 35.912083 0.0018555119213259919
242.10347 35.894306 -0.008258894110916626
242.10347 35.87653 -0.02139999388831705
242.10347 35.85875 -0.03466351724788526
242.10347 35.840973 -0.042828076380977353
242.10347 35.823193 -0.0482668162419331
242.10347 35.805416 -0.05767638372116338
242.10347 35.78764 -0.04857783038481994
242.10347 35.76986 -0.038344745833612526
242.10347 35.752083 -0.028277210232505262
242.10347 35.69875 -0.026531519090629854
242.10347 35.680973 -0.03502637571303631
242.12125 35.983192 -0.0012097153969646973
242.12125 35.965416 0.003983121510029483
242.12125 35.94764 0.0076346718395171875
242.12125 35.92986 0.009533804018728165
242.12125 35.912083 0.014447862814215853
242.12125 35.894306 0.004521658149117008
242.12125 35.87653 -0.009789923064437572
242.12125 35.85875 -0.017982716429866735
242.12125 35.840973 -0.022892756374236406
242.12125 35.823193 -0.028278926847173508
242.12125 35.805416 -0.03563382884651636
242.12125 35.78764 -0.04904279367988246
242.12125 35.76986 -0.03717509113439432
242.12125 35.752083 -0.03597437977402104
242.12125 35.69875 -0.019818464545726014
242.12125 35.680973 -0.027406588080555988
242.13904 35.983192 -0.004181164136462766
242.13904 35.965416 0.004758231477738947
242.13904 35.94764 0.006867138595831143
242.13904 35.92986 0.006496813255763539
242.13904 35.912083 0.0071978586356414576
242.13904 35.894306 -0.0017414283252122353
242.13904 35.87653 0.00224940731511844
242.13904 35.85875 0.00023763188199443785
242.13904 35.840973 0.005950791074703865
242.13904 35.823193 -0.005373598292970988
242.13904 35.805416 -0.008303514418630475
242.13904 35.78764 -0.020745655682783387
242.13904 35.76986 -0.018868694324743363
242.13904 35.752083 -0.02426223070470121
242.13904 35.734306 -0.024746886146746888
242.13904 35.71653 -0.035059049115033714
242.13904 35.663193 -0.03365521756776514
242.13904 35.645416 -0.03742473764077371
242.1568 35.983192 -0.005418966639775709
242.1568 35.965416 0.0008380571871544409
242.1568 35.94764 0.0029723537509726283
242.1568 35.92986 0.0077767213102755
242.1568 35.912083 0.006989358519007685
242.1568 35.894306 0.003976849284076517
242.1568 35.87653 0.014400508060279538
242.1568 35.85875 0.013597828616073143
242.1568 35.840973 0.005043542815179408
242.1568 35.823193 0.00879699151738017
242.1568 35.805416 0.006563135266471731
242.1568 35.78764 0.00898423563959333
242.1568 35.76986 -0.009776361827268348
242.1568 35.752083 -0.005115046994055017
242.1568 35.734306 -0.012956026441886148
242.1568 35.71653 -0.021982452865698304
242.1568 35.663193 -0.034351135273476885
242.1568 35.645416 -0.031925990257492945
242.17459 35.983192 -0.010385237117458881
242.17459 35.965416 -0.0018379844747994228
242.17459 35.94764 0.00010269895422168607
242.17459 35.92986 -0.0008252682960204066
242.17459 35.912083 5.656438282976295e-05
242.17459 35.894306 -0.00018618444720988614
242.17459 35.87653 0.0070403037553711245
242.17459 35.85875 0.008333349208068691
242.17459 35.840973 0.0020508451118615156
242.17459 35.823193 0.008538684163863636
242.17459 35.805416 0.018057057126663695
242.17459 35.78764 0.03544911055000874
242.17459 35.76986 0.011836955459147591
242.17459 35.752083 0.006706487931553179
242.17459 35.734306 -0.004652964471727611
242.17459 35.71653 -0.001833825084921803
242.17459 35.69875 -0.02203190951447105
242.17459 35.680973 -0.022669579749109547
242.17459 35.663193 -0.026737828122171348
242.17459 35.645416 -0.025262235766707275
242.19235 35.983192 -0.01034215500044127
242.19235 35.965416 0.0036458907792597042
242.19235 35.94764 0.0035866545443783843
242.19235 35.92986 0.004768553595021471
242.19235 35.912083 0.007825847512215572
242.19235 35.894306 0.01479146107851148
242.19235 35.87653 0.00788287865999554
242.19235 35.85875 0.0016249035957369151
242.19235 35.840973 0.007613237008353646
242.19235 35.823193 0.020945373346818785
242.19235 35.805416 0.025268320155594992
242.19235 35.78764 0.03289644275159875
242.19235 35.76986 0.024310941803682012
242.19235 35.752083 0.02510760474004639
242.19235 35.734306 0.014033683639047667
242.19235 35.71653 0.007240827898672003
242.19235 35.69875 -0.016088855206953134
242.19235 35.680973 -0.018804511845315133
242.19235 35.663193 -0.015313195911813321
242.19235 35.645416 -0.017148565695890752
242.21014 35.983192 -0.0034075787729999016
242.21014 35.965416 0.002520575515376468
242.21014 35.94764 0.009264268064486478
242.21014 35.92986 0.010761639620143565
242.21014 35.912083 0.010256002581915918
242.21014 35.894306 0.029633060612920287
242.21014 35.87653 0.017776934700597796
242.21014 35.85875 0.019403443014920196
242.21014 35.840973 0.016226431344977255
242.21014 35.823193 0.024380244460542988
242.21014 35.805416 0.03781338930742961
242.21014 35.78764 0.040567330285980086
242.21014 35.76986 0.040872739742952496
242.21014 35.752083 0.0389974603770111
242.21014 35.734306 0.02300973993092789
242.21014 35.71653 0.014527811299218624
242.21014 35.69875 -0.005539740803645582
242.21014 35.680973 -0.009390491526284656
242.21014 35.663193 -0.01046022171807151
242.21014 35.645416 -0.012135347133863716
242.21014 35.62764 -0.01259861958100475
242.21014 35.60986 -0.014549168434681542
242.21014 35.592083 -0.012117373463975602
242.21014 35.574306 -0.014256045840792646
242.22792 35.983192 0.005357713141713308
242.22792 35.965416 0.004697965004683051
242.22792 35.94764 0.009946743350731514
242.22792 35.92986 0.009010661575886106
242.22792 35.912083 0.016833928837032608
242.22792 35.894306 0.03404048199563772
242.22792 35.87653 0.04775894542941228
242.22792 35.85875 0.043879765624403544
242.22792 35.840973 0.03571672652787394
242.22792 35.823193 0.038899282916992295
242.22792 35.805416 0.05235728217981406
242.22792 35.78764 0.06476668190363677
242.22792 35.76986 0.061964067588083205
242.22792 35.752083 0.04245088560033161
242.22792 35.734306 0.036421896541317306
242.22792 35.71653 0.018591360450931016
242.22792 35.69875 0.002901844666787723
242.22792 35.680973 -0.0033381956752949193
242.22792 35.663193 -0.004608523744769999
242.22792 35.645416 -0.0063199825214636934
242.22792 35.62764 -0.009602572639964946
242.22792 35.60986 -0.013026517169173052
242.22792 35.592083 -0.009872878637461113
242.22792 35.574306 -0.013161231962988358
242.2457 35.94764 0.0062190633036464105
242.2457 35.92986 -0.0004582157167574985
242.2457 35.912083 -0.005837094653572891
242.2457 35.894306 0.03571200280846068
242.2457 35.87653 0.08727420378109702
242.2457 35.85875 0.06093125119150711
242.2457 35.840973 0.05329852971015936
242.2457 35.823193 0.05340939931345229
242.2457 35.805416 0.0752136911447226
242.2457 35.78764 0.07983605043513825
242.2457 35.76986 0.0694707865323223
242.2457 35.752083 0.05494936489640939
242.2457 35.734306 0.04323802651012179
242.2457 35.71653 0.030993507391649383
242.2457 35.69875 0.011081251330614689
242.2457 35.680973 0.0028412410048250514
242.2457 35.663193 0.004878463264901517
242.2457 35.645416 -0.001885130128664203
242.2457 35.62764 -0.005486822612310954
242.2457 35.60986 -0.011857689284413303
242.2457 35.592083 -0.01188591871284364
242.2457 35.574306 -0.014435952362837984
242.26347 35.94764 -0.009393572995896729
242.26347 35.92986 -0.0301010342230508
242.26347 35.912083 -0.03153385856266523
242.26347 35.894306 0.0261283701426738
242.26347 35.87653 0.13297328516810986
242.26347 35.85875 0.08638059844069979
242.26347 35.840973 0.057206447252938
242.26347 35.823193 0.07087440286005842
242.26347 35.805416 0.08866322439052354
242.26347 35.78764 0.09345470424045171
242.26347 35.76986 0.08465142071606457
242.26347 35.752083 0.06394315267296405
242.26347 35.734306 0.051741701360443426
242.26347 35.71653 0.03645732660955317
242.26347 35.69875 0.015600166802088061
242.26347 35.680973 0.010160984173313986
242.26347 35.663193 0.005009967988523434
242.26347 35.645416 -5.62639301863177e-05
242.26347 35.62764 -0.00451678137105567
242.26347 35.60986 -0.00889216948246789
242.26347 35.592083 -0.011784952711601238
242.26347 35.574306 -0.011433993190813223
242.28125 35.94764 -0.028508862187237846
242.28125 35.92986 -0.053892920001398184
242.28125 35.912083 -0.09325845519279931
242.28125 35.87653 0.17447547668541458
242.28125 35.85875 0.08052204299231491
242.28125 35.840973 0.06807826247324777
242.28125 35.823193 0.09319424217040218
242.28125 35.805416 0.11442824123022899
242.28125 35.78764 0.12086618775347874
242.28125 35.76986 0.09844696172014128
242.28125 35.752083 0.07595855824484221
242.28125 35.734306 0.05974573156625321
242.28125 35.71653 0.040644584047567794
242.28125 35.69875 0.020339000319887057
242.28125 35.680973 0.011872865588320514
242.28125 35.663193 0.003988058840100228
242.28125 35.645416 -0.0012470609062972815
242.28125 35.62764 -0.0064879216127441686
242.28125 35.60986 -0.007561119622751675
242.28125 35.592083 -0.007485966157830523
242.28125 35.574306 -0.004353377309932932
242.28125 35.556526 -0.007528991060755795
242.28125 35.53875 -0.005367304637363806
242.28125 35.520973 -0.007851288937631151
242.28125 35.503193 -0.007417237128664902
242.29903 35.94764 -0.029954745431953193
242.29903 35.92986 -0.05119186445481642
242.29903 35.912083 -0.09096302351498711
242.29903 35.894306 -0.19230151772698226
242.29903 35.87653 -0.026330874347647415
242.29903 35.85875 0.1177019250616631
242.29903 35.840973 0.12591862940790988
242.29903 35.823193 0.13070133604007583
242.29903 35.805416 0.13797242934324266
242.29903 35.78764 0.13527562959170997
242.29903 35.76986 0.10585651289763609
242.29903 35.752083 0.07956698552183272
242.29903 35.734306 0.0628659891709546
242.29903 35.71653 0.04159397266545972
242.29903 35.69875 0.019171188667743116
242.29903 35.680973 0.004087743349892314
242.29903 35.663193 -0.0012667931340873684
242.29903 35.645416 -0.0004640360810355959
242.29903 35.62764 -0.004211014168253466
242.29903 35.60986 -0.002735175813547014
242.29903 35.592083 -0.005306304012413082
242.29903 35.574306 -0.005912486669595464
242.29903 35.556526 0.0001090279933895072
242.29903 35.53875 -0.004750409504103053
242.29903 35.520973 -0.004987417551252899
242.29903 35.503193 -0.012400547508945136
242.3168 35.94764 -0.023349984576790515
242.3168 35.92986 -0.0443084535431443
242.3168 35.912083 -0.0911909435295559
242.3168 35.894306 -0.1438072649483113
242.3168 35.87653 -0.16706726109156728
242.3168 35.85875 0.016267543895623654
242.3168 35.840973 0.2631894180956071
242.3168 35.823193 0.1637129822118153
242.3168 35.805416 0.146676432455422
242.3168 35.78764 0.14421357606870422
242.3168 35.76986 0.12632731104644873
242.3168 35.752083 0.08317109527757266
242.3168 35.734306 0.06621332375263861
242.3168 35.71653 0.04319109870997845
242.3168 35.69875 0.014867911870788508
242.3168 35.680973 -0.002573065468501501
242.3168 35.663193 -0.006856031089625181
242.3168 35.645416 -9.547923197023023e-05
242.3168 35.62764 -0.0023417826163487643
242.3168 35.60986 -0.003560435423717867
242.3168 35.592083 0.0003684186984935778
242.3168 35.574306 -0.001710891622330929
242.3168 35.556526 0.0018495429411690325
242.3168 35.53875 -0.0027574703011070383
242.3168 35.520973 -0.006592195683766962
242.3168 35.503193 -0.019043840210121808
242.33458 35.94764 -0.024568382563133595
242.33458 35.92986 -0.04195562476879
242.33458 35.912083 -0.07081219647687974
242.33458 35.894306 -0.13378343316505475
242.33458 35.87653 -0.15334925198873645
242.33458 35.85875 -0.1922277665881949
242.33458 35.840973 0.3123057146370446
242.33458 35.823193 0.1403736542609067
242.33458 35.805416 0.11601703350825321
242.33458 35.78764 0.13850211586328148
242.33458 35.76986 0.1821052777991628
242.33458 35.752083 0.08029846254694284
242.33458 35.734306 0.08528836956616015
242.33458 35.71653 0.03989565952511773
242.33458 35.69875 0.016171005877602618
242.33458 35.680973 -0.0037502197393143866
242.33458 35.663193 -0.010717367959791002
242.33458 35.645416 -0.0033745446120798106
242.33458 35.62764 0.0024142867540646595
242.33458 35.60986 0.012974103178746976
242.33458 35.592083 0.01318540999303075
242.33458 35.574306 0.00739533645503327
242.33458 35.556526 -0.004281556852967406
242.33458 35.53875 -0.007408282840488714
242.33458 35.520973 -0.0097440473925339
242.33458 35.503193 -0.01607010101115633
242.35236 35.94764 -0.03253355288341904
242.35236 35.92986 -0.05382920341078166
242.35236 35.912083 -0.0803423313509399
242.35236 35.894306 -0.1218058157730111
242.35236 35.87653 -0.1410201549954705
242.35236 35.85875 -0.1456581848010749
242.35236 35.840973 -0.20898085629336446
242.35236 35.823193 0.024925207238538194
242.35236 35.805416 0.10382727526396957
242.35236 35.78764 0.17206888303927348
242.35236 35.76986 0.185076926993478
242.35236 35.752083 0.05543521724692091
242.35236 35.734306 0.07435857162588994
242.35236 35.71653 0.04997861435183898
242.35236 35.69875 0.0313145585602127
242.35236 35.680973 0.00442254569669881
242.35236 35.663193 -0.017862273369006476
242.35236 35.645416 0.003703435276933481
242.35236 35.62764 0.01579394315133195
242.35236 35.60986 0.03666456514900315
242.35236 35.592083 0.026848242830015592
242.35236 35.574306 0.003882821596798612
242.35236 35.556526 -0.006421350851948971
242.35236 35.53875 -0.012464875037139729
242.37015 35.94764 -0.039485025658018036
242.37015 35.92986 -0.05781015748032131
242.37015 35.912083 -0.08523153096936784
242.37015 35.894306 -0.11561000413282194
242.37015 35.87653 -0.11644009034052016
242.37015 35.85875 -0.10652941918462902
242.37015 35.840973 -0.10894679938299393
242.37015 35.823193 -0.13568490003200787
242.37015 35.805416 0.30227224220540594
242.37015 35.78764 0.2070145746801763
242.37015 35.76986 0.005184903025205856
242.37015 35.752083 0.05703800522827168
242.37015 35.734306 0.06308007844084473
242.37015 35.71653 0.025782220038153947
242.37015 35.69875 -0.01775423930700165
242.37015 35.680973 -0.03315924023172462
242.37015 35.663193 -0.016933525987404968
242.37015 35.645416 0.01618065226212756
242.37015 35.62764 0.03976386191416237
242.37015 35.60986 0.0635823742766625
242.37015 35.592083 0.026296780300704606
242.37015 35.574306 -0.002992474442841996
242.37015 35.556526 -0.008266947337994907
242.37015 35.53875 -0.012022519205982372
242.38791 35.94764 -0.043173714428753285
242.38791 35.92986 -0.05704647484222111
242.38791 35.912083 -0.07634408649819782
242.38791 35.894306 -0.09217119944688223
242.38791 35.87653 -0.08376344617547965
242.38791 35.85875 -0.0655873343037149
242.38791 35.840973 -0.052864528713169184
242.38791 35.823193 -0.06191258516224213
242.38791 35.805416 0.6250378784815848
242.38791 35.78764 0.2709977415169012
242.38791 35.76986 -0.01801324577461727
242.38791 35.752083 0.027721478545545852
242.38791 35.734306 0.048241854344985347
242.38791 35.71653 0.016110805729484257
242.38791 35.69875 -0.020380963809260133
242.38791 35.680973 -0.051359592246153385
242.38791 35.663193 -0.021850491067152533
242.38791 35.645416 0.02045870488010673
242.38791 35.62764 0.06463143225564597
242.38791 35.60986 0.10416188961918485
242.38791 35.592083 0.02075047798705857
242.38791 35.574306 -0.021767349170812945
242.4057 35.94764 -0.037880557738680085
242.4057 35.92986 -0.04590450635821987
242.4057 35.912083 -0.06087427390846803
242.4057 35.894306 -0.06859814279983109
242.4057 35.87653 -0.05793272335077397
242.4057 35.85875 -0.03484342851884291
242.4057 35.840973 -0.014021704049327705
242.4057 35.823193 -0.011910741695077609
242.4057 35.805416 -0.04279559093114671
242.4057 35.78764 0.20236938778979907
242.4057 35.76986 -0.19298633422670655
242.4057 35.752083 0.05272941747416099
242.4057 35.734306 0.0877649548342449
242.4057 35.71653 0.03138575020979639
242.4057 35.69875 -0.06055202939530796
242.4057 35.680973 -0.07381008876615675
242.4057 35.663193 -0.039618599456626324
242.4057 35.645416 0.03527779552143967
242.4057 35.62764 0.09372027786346909
242.4057 35.60986 0.17503875439524064
242.4057 35.592083 -0.052809251108083016
242.4057 35.574306 -0.01956661237303446
242.42346 35.912083 -0.046227173838774685
242.42346 35.894306 -0.044956731495938373
242.42346 35.87653 -0.036892015503575154
242.42346 35.85875 -0.015939375016723073
242.42346 35.840973 0.009136258379180417
242.42346 35.823193 0.009128659590765448
242.42346 35.805416 0.03042390799836081
242.42346 35.78764 0.001722080962451411
242.42346 35.76986 -0.10131524227271194
242.42346 35.752083 -0.4354264057766477
242.42346 35.734306 -0.27010321356442946
242.42346 35.71653 0.014785672889886026
242.42346 35.69875 -0.09691299402360548
242.42346 35.680973 -0.09722428812954742
242.42346 35.663193 -0.04205264703421613
242.42346 35.645416 0.04358157446578742
242.42346 35.62764 0.1373420724033556
242.42346 35.60986 -0.08779994312922063
242.42346 35.592083 -0.039661066066554285
242.42346 35.574306 0.008834083522406319
242.44125 35.912083 -0.038145588762466
242.44125 35.894306 -0.03452671648767084
242.44125 35.87653 -0.02547185054612475
242.44125 35.85875 -0.003669939430513941
242.44125 35.840973 0.018783119963771883
242.44125 35.823193 0.03191858913745052
242.44125 35.805416 0.0420026962617015
242.44125 35.78764 0.038029007842235896
242.44125 35.76986 -0.018087653029933926
242.44125 35.752083 -0.13983332964113399
242.44125 35.734306 -0.49936843779618934
242.44125 35.71653 -0.6805921662577796
242.44125 35.69875 -0.13839585558249862
242.44125 35.680973 -0.09299571619823638
242.44125 35.663193 -0.07468483137807991
242.44125 35.645416 -0.010615276811122065
242.44125 35.62764 -0.11964320224409568
242.44125 35.60986 -0.08809189793714817
242.44125 35.592083 -0.0028204043053522837
242.44125 35.574306 0.030666617845211686
242.45903 35.912083 -0.025906942356699478
242.45903 35.894306 -0.023294850632738992
242.45903 35.87653 -0.013415625935790924
242.45903 35.85875 0.004243343458750035
242.45903 35.840973 0.021952252553696122
242.45903 35.823193 0.03174585247076531
242.45903 35.805416 0.04207692042464012
242.45903 35.78764 0.03450477960299858
242.45903 35.76986 0.005564675566580135
242.45903 35.752083 -0.06457691843324787
242.45903 35.734306 -0.15544990388032165
242.45903 35.71653 -0.5044943910180265
242.45903 35.69875 -0.6845654793784007
242.45903 35.680973 -0.1726148444848199
242.45903 35.663193 -0.1482513108067166
242.45903 35.645416 -0.4189196244735292
242.45903 35.62764 -0.08699190912894672
242.45903 35.60986 -0.02907438705390651
242.45903 35.592083 0.030835990230655627
242.45903 35.574306 0.06706078838511931
242.4768 35.912083 -0.01556442652277474
242.4768 35.894306 -0.012593888166181613
242.4768 35.87653 -0.007587210317580695
242.4768 35.85875 0.01152774564253669
242.4768 35.840973 0.020344245149334375
242.4768 35.823193 0.03282065776269438
242.4768 35.805416 0.03482404963100541
242.4768 35.78764 0.017891288657174598
242.4768 35.76986 -0.008373804180205724
242.4768 35.752083 -0.06038146739518224
242.4768 35.734306 -0.10703228750512478
242.4768 35.71653 -0.17636531920771492
242.4768 35.69875 -0.4222386153761695
242.4768 35.680973 -0.5456084858070569
242.4768 35.663193 -0.1971716995372625
242.4768 35.645416 -0.09244078575834179
242.4768 35.62764 -0.05251134520762396
242.4768 35.60986 0.029029727405888828
242.4768 35.592083 0.0816595507464503
242.4768 35.574306 0.08962083607209731
242.49458 35.912083 -0.00752237980827631
242.49458 35.894306 -0.0003934786822466941
242.49458 35.87653 0.00038744097263435084
242.49458 35.85875 0.008437850787671675
242.49458 35.840973 0.016204113772532752
242.49458 35.823193 0.020480853638330687
242.49458 35.805416 0.014538480271308551
242.49458 35.78764 -0.0024809844458272834
242.49458 35.76986 -0.020038027478261333
242.49458 35.752083 -0.06634624307889714
242.49458 35.734306 -0.08619299428378024
242.49458 35.71653 -0.12540948128172374
242.49458 35.69875 -0.10475407733084868
242.49458 35.680973 -0.3783053336071674
242.49458 35.663193 -0.06005973102428193
242.49458 35.645416 -0.059217246310048904
242.49458 35.62764 0.00745472579098079
242.49458 35.60986 0.08604698297771464
242.49458 35.592083 0.12447504467963796
242.49458 35.574306 0.12282346978464972
242.49458 35.556526 0.09062899541429564
242.49458 35.53875 0.06532559480455485
242.51236 35.912083 -0.00034864985300613743
242.51236 35.894306 6.5034899843861155e-06
242.51236 35.87653 -9.37480396538265e-05
242.51236 35.85875 0.00561295559018022
242.51236 35.840973 0.01076345444543056
242.51236 35.823193 0.011855824781874386
242.51236 35.805416 0.002837981328796535
242.51236 35.78764 -0.01242621749898673
242.51236 35.76986 -0.03287907574053622
242.51236 35.752083 -0.05988381044760799
242.51236 35.734306 -0.062422728862062016
242.51236 35.71653 -0.07379324832478684
242.51236 35.69875 -0.06379215519928971
242.51236 35.680973 -0.0931545541289222
242.51236 35.663193 -0.28352341124939806
242.51236 35.645416 0.056498820827455415
242.51236 35.62764 0.06702331355878699
242.51236 35.60986 0.13011174251740754
242.51236 35.592083 0.18301872664657803
242.51236 35.574306 0.15576164357351735
242.51236 35.556526 0.10509288514450646
242.51236 35.53875 0.05259727700094158
242.53014 35.912083 -0.002607820376777795
242.53014 35.894306 -0.0011519027999558045
242.53014 35.87653 -0.0010205574198973097
242.53014 35.85875 0.0008290161440028879
242.53014 35.840973 0.0034469360988093334
242.53014 35.823193 0.0038872789129893726
242.53014 35.805416 -0.007268837335178996
242.53014 35.78764 -0.025878122925995672
242.53014 35.76986 -0.03827438461751592
242.53014 35.752083 -0.05761751494523759
242.53014 35.734306 -0.06447761379679395
242.53014 35.71653 -0.07530028636525826
242.53014 35.69875 -0.059762565379395116
242.53014 35.680973 -0.027063543908802556
242.53014 35.663193 -0.020700258482594047
242.53014 35.645416 -0.22795520761643018
242.53014 35.62764 0.09083582410001952
242.53014 35.60986 0.19654631295442834
242.53014 35.592083 0.27345046612977714
242.53014 35.574306 0.1952820156669191
242.53014 35.556526 0.10470261967981151
242.53014 35.53875 0.04006393827087271
242.53014 35.520973 0.014711979589361004
242.53014 35.503193 0.005075645447999877
242.54791 35.912083 -8.520738565919936e-06
242.54791 35.894306 0.002798445097423158
242.54791 35.87653 -0.0027141086796178965
242.54791 35.85875 -0.0029108608119084722
242.54791 35.840973 -0.0054770289715148635
242.54791 35.823193 -0.005058197863773553
242.54791 35.805416 -0.01800707367532628
242.54791 35.78764 -0.03282153303185212
242.54791 35.76986 -0.04545246467049138
242.54791 35.752083 -0.06001974141243588
242.54791 35.734306 -0.06752511673647021
242.54791 35.71653 -0.08180593827594068
242.54791 35.69875 -0.06107998363254663
242.54791 35.680973 -0.013396959659483898
242.54791 35.663193 0.028647209224786307
242.54791 35.645416 -0.037681076736717056
242.54791 35.62764 0.23756963698563732
242.54791 35.60986 0.28468909130081343
242.54791 35.592083 0.3675255153930674
242.54791 35.574306 0.21028266433056486
242.54791 35.556526 0.0794875598051916
242.54791 35.53875 0.010516985064479331
242.54791 35.520973 -0.01379988118917995
242.54791 35.503193 -0.013303385620959854
242.5657 35.912083 -0.001960912491291572
242.5657 35.894306 0.0007927352301916359
242.5657 35.87653 -0.004806322108689719
242.5657 35.85875 -0.006242299422673493
242.5657 35.840973 -0.017020554813003214
242.5657 35.823193 -0.011850356312861965
242.5657 35.805416 -0.024888031757948514
242.5657 35.78764 -0.03714839481316129
242.5657 35.76986 -0.04132857661637357
242.5657 35.752083 -0.05754680453083488
242.5657 35.734306 -0.07367976590533937
242.5657 35.71653 -0.08391254635487766
242.5657 35.69875 -0.05723336096128451
242.5657 35.680973 -0.0027483524417535876
242.5657 35.663193 0.023808819632872846
242.5657 35.645416 -0.020362598029242118
242.5657 35.62764 0.18597248611203127
242.5657 35.60986 0.10647214128555854
242.5657 35.592083 0.2935351961414405
242.5657 35.574306 0.12987241149050915
242.5657 35.556526 0.010464642354505005
242.5657 35.53875 -0.042686857713250925
242.5657 35.520973 -0.04045933195272074
242.5657 35.503193 -0.020312802664274557
242.5657 35.485416 -0.01040923508151359
242.5657 35.46764 -0.00010957529558149048
242.58347 35.912083 0.001396971471770838
242.58347 35.894306 0.001404379641428491
242.58347 35.87653 -0.005693399416599368
242.58347 35.85875 -0.007783927681541895
242.58347 35.840973 -0.01761191341556305
242.58347 35.823193 -0.015796072562892324
242.58347 35.805416 -0.031239033670382832
242.58347 35.78764 -0.040081041204211826
242.58347 35.76986 -0.04492374145668818
242.58347 35.752083 -0.05640183275863522
242.58347 35.734306 -0.07149959053965627
242.58347 35.71653 -0.06485362581912019
242.58347 35.69875 -0.037934708417548424
242.58347 35.680973 -0.004871963384687705
242.58347 35.663193 0.020719533381419963
242.58347 35.645416 0.011476716589428282
242.58347 35.62764 -0.040621126927119944
242.58347 35.60986 0.12611957801307172
242.58347 35.592083 0.06338436818212831
242.58347 35.574306 0.03838211211139636
242.58347 35.556526 -0.08757363251192708
242.58347 35.53875 -0.09037332431460755
242.58347 35.520973 -0.053291303752318
242.58347 35.503193 -0.01364419153216781
242.58347 35.485416 -0.007820065375167995
242.58347 35.46764 0.0024146735800615812
242.60126 35.912083 0.00021222100723261583
242.60126 35.894306 -0.004244989653305234
242.60126 35.87653 -0.012147392658495702
242.60126 35.85875 -0.016313884975249673
242.60126 35.840973 -0.020028031326397508
242.60126 35.823193 -0.025014655141879602
242.60126 35.805416 -0.030719162475139505
242.60126 35.78764 -0.03852264948209291
242.60126 35.76986 -0.04517925845007659
242.60126 35.752083 -0.060442547483263276
242.60126 35.734306 -0.05683459178349182
242.60126 35.71653 -0.044513398772945245
242.60126 35.69875 -0.021443655682063245
242.60126 35.680973 -0.006079923180265623
242.60126 35.663193 0.02816328099224008
242.60126 35.645416 0.033943680516689945
242.60126 35.62764 0.013054881744073044
242.60126 35.60986 -0.06297133603201771
242.60126 35.592083 0.06721669804734515
242.60126 35.574306 -0.07763509978786931
242.60126 35.556526 -0.10635605738001577
242.60126 35.53875 -0.08325909062425779
242.60126 35.520973 -0.037242810019732585
242.60126 35.503193 -0.013532415472395025
242.61902 35.912083 -0.000888051636959316
242.61902 35.894306 -0.005383449131160414
242.61902 35.87653 -0.012794702205710731
242.61902 35.85875 -0.01821775833672143
242.61902 35.840973 -0.0225336193615837
242.61902 35.823193 -0.02747438706382707
242.61902 35.805416 -0.031168838834901957
242.61902 35.78764 -0.03737190830536319
242.61902 35.76986 -0.0494921877154888
242.61902 35.752083 -0.07634153297536947
242.61902 35.734306 -0.04057834149462375
242.61902 35.71653 -0.023509748541995557
242.61902 35.69875 -0.01284723068497573
242.61902 35.680973 0.020243549175070485
242.61902 35.663193 0.04406304406707978
242.61902 35.645416 0.06986304072713717
242.61902 35.62764 0.03610142439093483
242.61902 35.60986 -0.01719063955343625
242.61902 35.592083 -0.14308352849173872
242.61902 35.574306 -0.06714051827049189
242.61902 35.556526 -0.04328302827045771
242.61902 35.53875 -0.0438728244130914
242.61902 35.520973 -0.018048699028370543
242.61902 35.503193 -0.007556466525963278
242.63681 35.912083 -0.002940711483378485
242.63681 35.894306 -0.009036306431815022
242.63681 35.87653 -0.01591825519996206
242.63681 35.85875 -0.020528677421525268
242.63681 35.840973 -0.02194844256795775
242.63681 35.823193 -0.027337390366032166
242.63681 35.805416 -0.030203309166181774
242.63681 35.78764 -0.03710633135851055
242.63681 35.76986 -0.04710068054332203
242.63681 35.752083 -0.03667006128566261
242.63681 35.734306 -0.03436541349023514
242.63681 35.71653 0.0052830720320598545
242.63681 35.69875 0.003058930008780658
242.63681 35.680973 0.025081393005522812
242.63681 35.663193 0.04075541830722562
242.63681 35.645416 0.04905631271552896
242.63681 35.62764 0.038075351901532384
242.63681 35.60986 -0.02632378110507838
242.63681 35.592083 -0.13605681141436404
242.63681 35.574306 -0.10667316355690137
242.63681 35.556526 -0.04452559777100801
242.63681 35.53875 -0.014724725951238346
242.63681 35.520973 -0.0010822491649546268
242.63681 35.503193 0.005550887058934917
242.65459 35.912083 -0.005565174568276758
242.65459 35.894306 -0.008762852570280692
242.65459 35.87653 -0.014519593617160736
242.65459 35.85875 -0.017518069783747064
242.65459 35.840973 -0.017186007945265147
242.65459 35.823193 -0.022789318903034705
242.65459 35.805416 -0.028537802320724975
242.65459 35.78764 -0.02915910130164462
242.65459 35.76986 -0.039350337154888226
242.65459 35.752083 -0.029827167109824415
242.65459 35.734306 -0.037318117006923474
242.65459 35.71653 -0.010372317798315434
242.65459 35.69875 0.00848681128483808
242.65459 35.680973 0.021589658214400897
242.65459 35.663193 0.029002227119903745
242.65459 35.645416 0.05047647822585777
242.65459 35.62764 0.02567713742994404
242.65459 35.60986 -0.036012654073891315
242.65459 35.592083 -0.12075229973279206
242.65459 35.574306 -0.08728745197429577
242.65459 35.556526 -0.01442885306258937
242.65459 35.53875 -0.003982235085718988
242.65459 35.520973 0.009136390722134416
242.65459 35.503193 0.010333399112996224
242.67236 35.912083 0.000729961028009693
242.67236 35.894306 -0.0013177315283392846
242.67236 35.87653 -0.009400906961336289
242.67236 35.85875 -0.013667398896758845
242.67236 35.840973 -0.014299054905590608
242.67236 35.823193 -0.017440766630629892
242.67236 35.805416 -0.02331144390359069
242.67236 35.78764 -0.02389720139375423
242.67236 35.76986 -0.02983707325748511
242.67236 35.752083 -0.024692403978900518
242.67236 35.734306 -0.01506455762660508
242.67236 35.71653 -0.01248319851658286
242.67236 35.69875 0.010248381264845063
242.67236 35.680973 0.031193777409878998
242.67236 35.663193 0.05501859291257827
242.67236 35.645416 0.04183389424362255
242.67236 35.62764 0.015574531118265622
242.67236 35.60986 -0.031042059667848898
242.67236 35.592083 -0.07056650306849105
242.67236 35.574306 -0.07044050655849948
242.67236 35.556526 -0.03562288484271914
242.67236 35.53875 0.007024615404998852
242.67236 35.520973 0.014304259257626878
242.67236 35.503193 0.019059960105989093
242.69014 35.912083 0.0001234919837787285
242.69014 35.894306 -0.0024275021310489683
242.69014 35.87653 -0.00707503870004543
242.69014 35.85875 -0.011993183805913979
242.69014 35.840973 -0.014911039469605716
242.69014 35.823193 -0.014387837433485484
242.69014 35.805416 -0.019169491753193685
242.69014 35.78764 -0.006010683139691192
242.69014 35.76986 -0.015240069182438476
242.69014 35.752083 -0.010678548783211617
242.69014 35.734306 -0.004941641749711817
242.69014 35.71653 0.0070877502198349596
242.69014 35.69875 0.018331064796591523
242.69014 35.680973 0.04548617911169234
242.69014 35.663193 0.047876541130636774
242.69014 35.645416 0.028888040960842465
242.69014 35.62764 0.019229947290863803
242.69014 35.60986 -0.00993742490853361
242.69014 35.592083 -0.03951682345156568
242.69014 35.574306 -0.0493485581127914
242.69014 35.556526 -0.022949295368649314
242.69014 35.53875 0.007845886055787454
242.69014 35.520973 0.01819373890407497
242.69014 35.503193 0.03784636263105369
242.70792 35.87653 -0.008092562723607075
242.70792 35.85875 -0.010113030123767741
242.70792 35.840973 -0.009916422931987301
242.70792 35.823193 -0.008299531534702823
242.70792 35.805416 -0.006325835118530271
242.70792 35.78764 -0.0025064870562661046
242.70792 35.76986 -0.004543003476439433
242.70792 35.752083 0.006156774182190794
242.70792 35.734306 0.0078024145066585004
242.70792 35.71653 0.012416306033613683
242.70792 35.69875 0.019323216865893056
242.70792 35.680973 0.040703585699353284
242.70792 35.663193 0.04192046416496692
242.70792 35.645416 0.039092105809231226
242.70792 35.62764 0.022878429336960437
242.70792 35.60986 0.00669044527163043
242.70792 35.592083 -0.013979037304487407
242.70792 35.574306 -0.024780505210761222
242.70792 35.556526 -0.007234911503003927
242.70792 35.53875 0.0035925304725356044
242.70792 35.520973 0.01882398321608557
242.70792 35.503193 0.02416718994666986
242.7257 35.87653 -0.008747017356819015
242.7257 35.85875 -0.009403535087913653
242.7257 35.840973 -0.005430993605071058
242.7257 35.823193 -0.004841617004634424
242.7257 35.805416 -0.0017011372491767263
242.7257 35.78764 0.0029511517234522833
242.7257 35.76986 0.007091123331708998
242.7257 35.752083 0.006599180988142134
242.7257 35.734306 0.011954790542662963
242.7257 35.71653 0.017857884520353695
242.7257 35.69875 0.028616151802773687
242.7257 35.680973 0.03995610081487372
242.7257 35.663193 0.042221169669812986
242.7257 35.645416 0.03709007333173875
242.7257 35.62764 0.030211816450483542
242.7257 35.60986 0.015216722924739579
242.7257 35.592083 0.0015269334110881994
242.7257 35.574306 -0.005658001126586126
242.7257 35.556526 0.006201202535756262
242.7257 35.53875 0.008734115019345137
242.7257 35.520973 0.016594463841209953
242.7257 35.503193 0.015535384592342105
242.74347 35.87653 -0.007705284755630093
242.74347 35.85875 -0.011208240921257787
242.74347 35.76986 0.003539040192231363
242.74347 35.752083 0.011905290346197084
242.74347 35.734306 0.01991126023701076
242.74347 35.71653 0.02464327280435813
242.74347 35.69875 0.034586415335702114
242.74347 35.680973 0.04411338286787428
242.74347 35.663193 0.04523376639189808
242.74347 35.645416 0.0378822970798596
242.74347 35.62764 0.02940906585024325
242.74347 35.60986 0.017086433294251135
242.74347 35.592083 0.0067833226875343156
242.74347 35.574306 0.004274604427205175
242.74347 35.556526 0.015353242617462487
242.74347 35.53875 0.014975722392685423
242.74347 35.520973 0.016661311361862247
242.74347 35.503193 0.017088605778072058
242.76126 35.87653 -0.0056017594895149125
242.76126 35.85875 -0.011660795961773662
242.76126 35.76986 0.007295161888899865
242.76126 35.752083 0.02106356680528662
242.76126 35.734306 0.027327075307406523
242.76126 35.71653 0.03312460354077454
242.76126 35.69875 0.03741673681227092
242.76126 35.680973 0.040503009985286664
242.76126 35.663193 0.03912999709862297
242.76126 35.645416 0.03507585750306941
242.76126 35.62764 0.028341275744806577
242.76126 35.60986 0.019294167896766606
242.76126 35.592083 0.006405804254371594
242.76126 35.574306 0.01563612604740608
242.76126 35.556526 0.018283023357934414
242.76126 35.53875 0.019652268893787628
242.76126 35.520973 0.021012721734429307
242.76126 35.503193 0.01936205582216853
242.77902 35.87653 -0.002001671322893417
242.77902 35.85875 -0.009082839900008244
242.77902 35.592083 0.011645112280746633
242.77902 35.574306 0.017475584399620936
242.77902 35.556526 0.02256217753532347
242.77902 35.53875 0.024213066245751827
242.79681 35.87653 -0.004003505529938903
242.79681 35.85875 -0.00537512391888921
242.79681 35.592083 0.018039919285205874
242.79681 35.574306 0.020003198636173447
242.79681 35.556526 0.024220289113921517
242.79681 35.53875 0.02796356018586743
242.81458 35.87653 -0.0030963216630256196
242.81458 35.85875 -0.0076142406221864495
242.81458 35.805416 0.000918345539731219
242.81458 35.78764 0.0015283832331210168
242.81458 35.592083 0.01977428306093923
242.81458 35.574306 0.022604671043989888
242.81458 35.556526 0.027222249159229356
242.81458 35.53875 0.031177466271480603
242.83237 35.87653 0.004812963209289603
242.83237 35.85875 -0.002571485940958948
242.83237 35.805416 0.011521751971307781
242.83237 35.78764 0.010188836884249639
242.83237 35.592083 0.018747743808386952
242.83237 35.574306 0.020665294451886085
242.83237 35.556526 0.02783164399308545
242.83237 35.53875 0.029989846686797703
242.85013 35.62764 0.009829464518351205
242.85013 35.60986 0.01852970366930734
242.85013 35.592083 0.021860250783442448
242.85013 35.574306 0.023910822656972558
242.86792 35.62764 0.016595780910810376
242.86792 35.60986 0.020034737704956868
242.86792 35.592083 0.02307070385666049
242.86792 35.574306 0.025735798112997865
242.8857 35.76986 0.00936029525784629
242.8857 35.752083 0.003820181074930082
242.8857 35.734306 0.0032824044998486096
242.8857 35.71653 0.0062698197254228705
242.8857 35.69875 0.006687007721609517
242.8857 35.680973 0.010374910831651096
242.90347 35.76986 0.012413119000042036
242.90347 35.752083 0.009571386715395647
242.90347 35.734306 0.011598314459047632
242.90347 35.71653 0.014558148902676774
242.90347 35.69875 0.018656326024213202
242.90347 35.680973 0.016170448169724072
243.09903 36.160973 -0.0002621272348159315
243.09903 36.143192 0.0014269360779813889
243.1168 36.160973 0.0019491477749113764
243.1168 36.143192 0.0027684798919397624
243.13458 36.160973 0.002892353364083531
243.13458 36.143192 0.004454543695791718
243.13458 36.125416 0.009313352649601765
243.13458 36.10764 0.01308214369376471
243.13458 36.089863 0.022475092905087514
243.13458 36.072083 0.018900552674571008
243.13458 36.054306 0.020997767448769
243.13458 36.03653 0.024774168203430987
243.13458 36.01875 0.027274867193365755
243.13458 36.000973 0.030815889874450914
243.15236 36.160973 0.011974331050531965
243.15236 36.143192 0.016234706214884792
243.15236 36.125416 0.015033360083195526
243.15236 36.10764 0.01595689397270101
243.15236 36.089863 0.026807791199926392
243.15236 36.072083 0.02611594253950266
243.15236 36.054306 0.025567745749398907
243.15236 36.03653 0.03313574434796179
243.15236 36.01875 0.03354059127567904
243.15236 36.000973 0.03002847863147739
243.17014 36.01875 0.035010291323512244
243.17014 36.000973 0.030019455556975175
241.82791 36.152084 -0.000787795714676548
241.82791 36.116528 0.0020295868654924554
241.82791 36.08097 -8.762560043949937e-05
241.82791 36.045418 -0.0003097967351186944
241.82791 36.00986 0.003878073899248201
241.82791 35.974304 -0.0025241157454952094
241.82791 35.93875 -0.0010941499137501875
241.82791 35.903194 -0.00035762773653951613
241.82791 35.867638 0.004862994125697358
241.82791 35.832085 0.009544073432302368
241.82791 35.796528 0.007687619722963397
241.82791 35.76097 0.02050589100972066
241.82791 35.725418 0.02206845353284058
241.82791 35.68986 0.015242766843568789
241.82791 35.654305 0.007921175469526885
241.82791 35.61875 0.0006261740533318998
241.82791 35.583195 -0.006978072432015368
241.82791 35.547638 -0.010860716162529547
241.82791 35.51208 -0.00685515983274068
241.82791 35.47653 -0.0028418757968873085
241.82791 35.44097 0.003604294183219227
241.82791 35.40542 0.016004262005686547
241.82791 35.36986 0.011001504527875466
241.82791 35.334305 0.012352519839794048
241.86346 36.152084 -0.0030621282335092787
241.86346 36.116528 -0.00034215052351577353
241.86346 36.08097 -0.005720702259360779
241.86346 36.045418 -0.003916368712378866
241.86346 36.00986 0.0061919965889323855
241.86346 35.974304 -0.00047056362283357835
241.86346 35.93875 -0.0009963455286621098
241.86346 35.903194 -0.00039674236548119246
241.86346 35.867638 -0.0030665176943439065
241.86346 35.832085 0.006524144410994685
241.86346 35.796528 0.004197931257157235
241.86346 35.76097 0.0054273072246463425
241.86346 35.725418 0.004723489376114637
241.86346 35.68986 0.003077105886427449
241.86346 35.654305 0.00015893814769574188
241.86346 35.61875 -0.004738137416630685
241.86346 35.583195 -0.015678248204662758
241.86346 35.547638 -0.014131508907285541
241.86346 35.51208 -0.007946788752978608
241.86346 35.47653 -0.003105657436954644
241.86346 35.44097 -0.00607101585902298
241.86346 35.40542 0.0009627939517341168
241.86346 35.36986 -0.008972720351861307
241.89902 36.152084 -0.0034824095417444467
241.89902 36.116528 -0.00414483734404133
241.89902 36.08097 -0.0035099864340111964
241.89902 36.045418 0.0019037679174113333
241.89902 36.00986 -0.0029299703233695903
241.89902 35.974304 -0.006018444594339305
241.89902 35.93875 0.004635883724451034
241.89902 35.903194 -0.0005939681594034074
241.89902 35.867638 -0.0011571540205988426
241.89902 35.832085 0.0013940701462228297
241.89902 35.796528 0.00600876359274783
241.89902 35.76097 0.01737093051029579
241.89902 35.68986 -0.010458583332244024
241.89902 35.654305 -0.005951159098320474
241.89902 35.61875 -0.005578381415680518
241.89902 35.583195 -0.017168744028587722
241.89902 35.547638 -0.02342290624696723
241.89902 35.51208 -0.01739411550232651
241.89902 35.47653 -0.005431796647136413
241.89902 35.44097 -0.014935075066263803
241.89902 35.40542 -0.008887621446719387
241.89902 35.36986 -0.018691794494174976
241.89902 35.334305 -0.021609037829962714
241.93459 36.152084 -0.004609945213699751
241.93459 36.116528 -0.001533726962897915
241.93459 36.08097 -0.0012539498738297645
241.93459 36.045418 0.0016468361809109568
241.93459 36.00986 -0.0008295753781741837
241.93459 35.974304 -0.00683351207338833
241.93459 35.93875 0.0023332215676499513
241.93459 35.903194 -0.004713553833631853
241.93459 35.867638 -0.003411011387214148
241.93459 35.832085 0.00602010158987927
241.93459 35.796528 0.011803142180506342
241.93459 35.76097 0.011574178815467157
241.93459 35.725418 0.010747310828314025
241.93459 35.68986 -0.01351576815509499
241.93459 35.654305 -0.013991590924251625
241.93459 35.61875 -0.009565333115973122
241.93459 35.583195 -0.015438408749395373
241.93459 35.547638 -0.024879402397420133
241.93459 35.51208 -0.01114078884001061
241.93459 35.47653 -0.011580174456514285
241.93459 35.44097 -0.016063688437362354
241.93459 35.40542 -0.007911542587741113
241.93459 35.36986 -0.009906596412804548
241.93459 35.334305 -0.012002489426043582
241.97014 36.152084 -0.008567902668001283
241.97014 36.116528 -0.00932928048638249
241.97014 36.08097 -0.005007759574577853
241.97014 36.045418 -0.0010326277063672836
241.97014 36.00986 -0.00044893617862349494
241.97014 35.974304 -0.0049345266198817656
241.97014 35.93875 -0.004178914980185251
241.97014 35.903194 -0.012113121806173244
241.97014 35.867638 0.001082550000061619
241.97014 35.832085 0.0024347811222026686
241.97014 35.796528 0.005537961895108384
241.97014 35.76097 0.009829468132524923
241.97014 35.725418 0.005815951267881855
241.97014 35.68986 0.002276439116909987
241.97014 35.654305 -0.013379198343619295
241.97014 35.61875 -0.009981949465030296
241.97014 35.583195 -0.009129522223025523
241.97014 35.547638 -0.02133673093718691
241.97014 35.51208 -0.014851057326735652
241.97014 35.47653 -0.009277648174763594
241.97014 35.44097 -0.008867191413755365
241.97014 35.40542 -0.0056430734018680494
241.97014 35.36986 -0.012632707291500251
241.97014 35.334305 -0.01653512437602998
242.00569 36.152084 -0.0074381258921179996
242.00569 36.116528 -0.010914571153858648
242.00569 36.08097 -0.007406002505623456
242.00569 36.045418 -0.013549192745672052
242.00569 36.00986 -0.010894982230827237
242.00569 35.974304 -0.006494607078564578
242.00569 35.93875 -0.005908507613771159
242.00569 35.903194 0.0010759794960732774
242.00569 35.867638 -0.0035845905591973537
242.00569 35.832085 -0.0013307051983099116
242.00569 35.796528 -0.00985965887829593
242.00569 35.76097 -0.006754820689930496
242.00569 35.725418 0.0015666864586491858
242.00569 35.68986 -0.012683876308200157
242.00569 35.654305 -0.010916988538808403
242.00569 35.61875 -0.018497885159578176
242.00569 35.583195 -0.02836193831963342
242.00569 35.547638 -0.019634100373191146
242.00569 35.51208 -0.018968256770953297
242.00569 35.47653 -0.014327386156899826
242.00569 35.44097 -0.015274953585337113
242.00569 35.40542 -0.004662548017854045
242.00569 35.36986 -0.009657914733073352
242.00569 35.334305 -0.023673758896765908
242.04126 36.152084 -0.010160035111451365
242.04126 36.116528 0.0029191459719839965
242.04126 36.08097 -0.002166380502536912
242.04126 36.045418 -0.009779666954040799
242.04126 36.00986 -0.019414038616829506
242.04126 35.974304 -0.020718684350407378
242.04126 35.93875 -0.008787690804017256
242.04126 35.903194 -0.00833716995312496
242.04126 35.867638 -0.01604478688536798
242.04126 35.832085 -0.021243827600001777
242.04126 35.76097 -0.023938657999387047
242.04126 35.725418 -0.028689411548472543
242.04126 35.68986 -0.019547954255931352
242.04126 35.654305 -0.022855906275402897
242.04126 35.61875 -0.025570578381380903
242.04126 35.583195 -0.034748501422911623
242.04126 35.547638 -0.020591841323889346
242.04126 35.51208 -0.016434893960366473
242.04126 35.47653 -0.01758061556394471
242.04126 35.44097 -0.01950826549611865
242.04126 35.40542 -0.01982503785045949
242.04126 35.36986 -0.01314111523715335
242.04126 35.334305 -0.013944333381032795
242.07681 36.152084 0.00312529169339946
242.07681 36.116528 0.001723329327374486
242.07681 36.08097 -0.005352075401237206
242.07681 36.045418 -0.004621003389564197
242.07681 36.00986 -0.0036322107080735758
242.07681 35.974304 -0.0033339197232993348
242.07681 35.903194 -0.01653815464073706
242.07681 35.867638 -0.03039358402583134
242.07681 35.832085 -0.03564708129370339
242.07681 35.68986 -0.03399111681555578
242.07681 35.654305 -0.02866478566515436
242.07681 35.61875 -0.02470457462506291
242.07681 35.583195 -0.02581942050136711
242.07681 35.547638 -0.021505164777123588
242.07681 35.51208 -0.02197791665122964
242.07681 35.47653 -0.019448469937284586
242.07681 35.44097 -0.01876983434514224
242.07681 35.40542 -0.014240343369872583
242.07681 35.36986 -0.0234039548116838
242.11237 36.152084 -0.004367887147164353
242.11237 36.116528 -0.003382493068553866
242.11237 36.08097 0.005857925387497484
242.11237 36.045418 -0.008188998350743713
242.11237 36.00986 -0.003360040664354462
242.11237 35.725418 -0.03525224696827638
242.11237 35.654305 -0.038777830395361285
242.11237 35.61875 -0.028359172597663282
242.11237 35.583195 -0.024053064742291665
242.11237 35.547638 -0.02500449827621027
242.11237 35.51208 -0.02236257427841356
242.11237 35.47653 -0.022625088742572567
242.11237 35.44097 -0.022891044054121755
242.11237 35.40542 -0.012712970633953834
242.11237 35.36986 -0.013143672551525244
242.11237 35.334305 -0.020550054128166365
242.14792 36.152084 -0.008515630106563128
242.14792 36.116528 -0.00326729710487173
242.14792 36.08097 -0.007564528962301318
242.14792 36.045418 -0.014580368782868407
242.14792 36.00986 -0.014410733876752506
242.14792 35.68986 -0.031976913611689486
242.14792 35.61875 -0.025457003604991535
242.14792 35.583195 -0.021729366900985987
242.14792 35.547638 -0.016031096668076603
242.14792 35.51208 -0.013699733512826285
242.14792 35.47653 -0.020840358376289912
242.14792 35.44097 -0.019302601052607192
242.14792 35.40542 -0.014536358280389856
242.14792 35.36986 -0.024362406644185187
242.14792 35.334305 -0.018513433012511304
242.18347 36.152084 -0.010635453019552
242.18347 36.116528 -0.009066556406812401
242.18347 36.08097 -0.014045323154513864
242.18347 36.045418 -0.016203613720980635
242.18347 36.00986 -0.024517783829064402
242.18347 35.61875 -0.017803463802365055
242.18347 35.583195 -0.013067584872713187
242.18347 35.547638 -0.013558052604415331
242.18347 35.51208 -0.013388266095567874
242.18347 35.47653 -0.02222840800814075
242.18347 35.44097 -0.01319612879943495
242.18347 35.40542 -0.015771743600704095
242.18347 35.36986 -0.021620367858486266
242.18347 35.334305 -0.0039256006098763625
242.21902 36.152084 -0.01430529098050068
242.21902 36.116528 -0.016053064545816106
242.21902 36.08097 -0.011298981494371195
242.21902 36.045418 -0.01251582456959612
242.21902 36.00986 -0.007722505077510891
242.21902 35.547638 -0.013551291723754244
242.21902 35.51208 -0.016721664208926575
242.21902 35.47653 -0.017686153101792224
242.21902 35.44097 -0.018903932346246478
242.21902 35.40542 -0.03422419141750607
242.21902 35.36986 -0.017210598678752968
242.21902 35.334305 0.008743982510484239
242.25458 36.152084 -0.013616869681215062
242.25458 36.116528 -0.010749561125106945
242.25458 36.08097 -0.006884057066845854
242.25458 36.045418 -0.011164097806612927
242.25458 36.00986 -0.007089803874875761
242.25458 35.974304 -0.0009065748905076124
242.25458 35.547638 -0.018507736245763233
242.25458 35.51208 -0.007254275319043026
242.25458 35.47653 -0.010502692256630093
242.25458 35.44097 -0.030325377899843596
242.25458 35.40542 -0.02092907335683766
242.25458 35.36986 -0.013666614238250031
242.25458 35.334305 0.008288867935984476
242.29013 36.152084 -0.01615853141887358
242.29013 36.116528 -0.009091808173981003
242.29013 36.08097 -0.012581297182584453
242.29013 36.045418 -0.017195434818703413
242.29013 36.00986 -0.013451041615834783
242.29013 35.974304 -0.0058107014969228585
242.29013 35.47653 -0.022727877727909532
242.29013 35.44097 -0.018066482096579045
242.29013 35.40542 -0.01739775311595243
242.29013 35.36986 -0.0014223418124400464
242.29013 35.334305 0.00581512236392966
242.32568 36.152084 -0.015025374370841262
242.32568 36.116528 -0.008164779529403358
242.32568 36.08097 -0.012363164836262812
242.32568 36.045418 -0.008621296894933496
242.32568 36.00986 -0.012984056900153015
242.32568 35.974304 -0.014462138519606413
242.32568 35.47653 -0.01314250412241795
242.32568 35.44097 -0.019780696407500784
242.32568 35.40542 -0.007957204562205125
242.32568 35.36986 -0.003246151898236946
242.32568 35.334305 -0.0035209566819909208
242.36125 36.152084 -0.010081627504765878
242.36125 36.116528 -0.006414514482752723
242.36125 36.08097 -0.008165767644765787
242.36125 36.045418 -0.013348714927917421
242.36125 36.00986 -0.020552338539480353
242.36125 35.974304 -0.024922665134705785
242.36125 35.51208 -0.007314502106369705
242.36125 35.47653 -0.012163984832126572
242.36125 35.44097 -0.01735951253275682
242.36125 35.40542 -0.012927307459493664
242.36125 35.36986 -0.002767269134733543
242.36125 35.334305 -0.0008172697742936039
242.3968 36.152084 -0.0032499864675431533
242.3968 36.116528 -0.007075310980577371
242.3968 36.08097 -0.008445041431396572
242.3968 36.045418 -0.01395326069996411
242.3968 36.00986 -0.023428441207051773
242.3968 35.974304 -0.028246240649639556
242.3968 35.547638 -0.005896470384800678
242.3968 35.51208 0.002117850789903855
242.3968 35.47653 -0.014333319178414454
242.3968 35.44097 -0.012033709419913302
242.3968 35.40542 -0.004843006291209484
242.3968 35.36986 -0.00601369947737895
242.3968 35.334305 -0.002566877054817566
242.43236 36.152084 -0.0018191685187265647
242.43236 36.116528 -0.0006994398847931238
242.43236 36.08097 -0.009915259996077251
242.43236 36.045418 -0.01360283415594183
242.43236 36.00986 -0.015601202444511283
242.43236 35.974304 -0.018310153665556758
242.43236 35.93875 -0.03182321403408772
242.43236 35.547638 0.021550669397279537
242.43236 35.51208 0.010332537504103526
242.43236 35.47653 -0.004956717564642658
242.43236 35.44097 -0.0036111632354050363
242.43236 35.40542 -0.0016380537090562655
242.43236 35.36986 -0.007003320272676229
242.43236 35.334305 -0.0012799581705037304
242.46793 36.152084 0.006018180751991127
242.46793 36.116528 -0.002381875311084046
242.46793 36.08097 -0.009148887466821541
242.46793 36.045418 -0.013941789649363524
242.46793 36.00986 -0.008197167959213353
242.46793 35.974304 -0.013050071930940335
242.46793 35.93875 -0.012091699643737505
242.46793 35.547638 0.0607579500904933
242.46793 35.51208 0.01719577563256741
242.46793 35.47653 0.0028082215474704644
242.46793 35.44097 0.006267854940919006
242.46793 35.40542 0.003756459372814991
242.46793 35.36986 -0.010508722868054737
242.46793 35.334305 -0.004872693835940113
242.50348 36.152084 -0.005527877433884158
242.50348 36.116528 -0.008764551497368989
242.50348 36.08097 -0.007166810668496185
242.50348 36.045418 -0.006190100489658942
242.50348 36.00986 -0.0016208539682564804
242.50348 35.974304 -0.013083188831885126
242.50348 35.93875 0.00410628615255746
242.50348 35.51208 0.024532849537929766
242.50348 35.47653 0.006924106767699258
242.50348 35.44097 -0.0019447020791496378
242.50348 35.40542 -0.00379115862313302
242.50348 35.36986 0.002475936504574623
242.50348 35.334305 0.0036623984908901175
242.53903 36.152084 -0.007653303674000411
242.53903 36.116528 -0.008485991361967732
242.53903 36.08097 -0.007408987676893866
242.53903 36.045418 -0.009244672231174048
242.53903 36.00986 -0.003681537851748906
242.53903 35.974304 -0.013695339241475951
242.53903 35.93875 -0.005756913834298445
242.53903 35.47653 -0.007758175791274441
242.53903 35.44097 -0.00019987440531835793
242.53903 35.40542 0.009308948689273483
242.53903 35.36986 0.01089993177721157
242.53903 35.334305 0.011502269549670206
242.57458 36.152084 -0.012135298927387149
242.57458 36.116528 -0.011571364212805219
242.57458 36.08097 -0.003886100325481895
242.57458 36.045418 0.0023121198010330607
242.57458 36.00986 -0.0008492102872323659
242.57458 35.974304 -0.010670600715817179
242.57458 35.93875 -0.005258623642487059
242.57458 35.44097 0.0030423364816517806
242.57458 35.40542 0.004071498224841853
242.57458 35.36986 0.012575390272888096
242.57458 35.334305 0.011279017744796005
242.61014 36.152084 -0.009093176935109686
242.61014 36.116528 -0.005003667827814223
242.61014 36.08097 -0.006536000532983088
242.61014 36.045418 -0.0021966739064158552
242.61014 36.00986 -0.004600139056224535
242.61014 35.974304 0.0027805822683044466
242.61014 35.93875 -0.0009180936662528966
242.61014 35.47653 0.00012343094541376193
242.61014 35.44097 0.0028105409059000393
242.61014 35.40542 0.0025240897782273473
242.61014 35.36986 0.007198550855819576
242.61014 35.334305 0.011033413848017428
242.64569 36.152084 -0.005888074531676925
242.64569 36.116528 0.0008365017261657212
242.64569 36.08097 2.2823889456492774e-05
242.64569 36.045418 0.00104812290169113
242.64569 36.00986 0.0026402670965284935
242.64569 35.974304 0.007756441522641192
242.64569 35.93875 0.00022936727425176655
242.64569 35.47653 0.005858180457846855
242.64569 35.44097 0.004264195739111843
242.64569 35.40542 0.006096823918205374
242.64569 35.36986 0.008140437485610968
242.64569 35.334305 0.013107195671364705
242.68124 36.152084 -0.0069347437755153795
242.68124 36.116528 -0.0018900469202464427
242.68124 36.08097 0.007861893404722877
242.68124 36.045418 0.0016029628581904955
242.68124 36.00986 0.0029720583080223035
242.68124 35.974304 0.003758649134140578
242.68124 35.93875 0.0009642656369580928
242.68124 35.47653 0.019316105332898598
242.68124 35.44097 0.006170588607465048
242.68124 35.40542 0.007549411541194179
242.68124 35.36986 0.011174087958659793
242.68124 35.334305 0.01533739532540743
242.7168 36.152084 -8.040392812262188e-05
242.7168 36.116528 -0.0008866986459154565
242.7168 36.08097 0.004332572258854228
242.7168 36.045418 0.0037343034093170416
242.7168 36.00986 0.002439725241929208
242.7168 35.974304 0.004809937609009286
242.7168 35.93875 0.0007120319069102432
242.7168 35.903194 -0.01026675878881056
242.7168 35.47653 0.01629645241738685
242.7168 35.44097 0.011714688797475087
242.7168 35.40542 0.009001098210927837
242.7168 35.36986 0.015217356790539205
242.7168 35.334305 0.016643105498466138
242.75235 36.152084 0.006977247259557505
242.75235 36.116528 0.0059735648611012
242.75235 36.08097 0.00012630373494261667
242.75235 36.045418 -0.0048965236979234585
242.75235 36.00986 -0.005980790891436133
242.75235 35.974304 -0.0004573379783772251
242.75235 35.93875 -0.004844454543237481
242.75235 35.903194 -0.00435089418146755
242.75235 35.832085 -0.008001937424662792
242.75235 35.796528 0.0014795282717761649
242.75235 35.47653 0.019494870593838726
242.75235 35.44097 0.016469550890220695
242.75235 35.40542 0.015373331645101636
242.75235 35.36986 0.018445413290866942
242.75235 35.334305 0.018893898922972434
242.78792 36.152084 0.011435037923796172
242.78792 36.116528 0.007353602414262802
242.78792 36.08097 0.0003803286608493363
242.78792 36.045418 0.002859608812067654
242.78792 36.00986 -0.006210344885518892
242.78792 35.974304 0.003812694876205773
242.78792 35.93875 -0.004461618815135564
242.78792 35.903194 -0.004597409278226612
242.78792 35.832085 -0.0037795773792562853
242.78792 35.796528 0.0014359956520292178
242.78792 35.76097 0.016489019440631053
242.78792 35.725418 0.027725886520206244
242.78792 35.68986 0.029405315217859412
242.78792 35.654305 0.028786531544702176
242.78792 35.61875 0.021174337758848222
242.78792 35.51208 0.02413547689511515
242.78792 35.47653 0.020968031406782606
242.78792 35.44097 0.017826654562571563
242.78792 35.40542 0.022950227195117218
242.78792 35.36986 0.02006530929347694
242.78792 35.334305 0.020879829313807767
242.82347 36.152084 -0.005053003775374513
242.82347 36.116528 0.003485387825948571
242.82347 36.08097 0.001661806921176367
242.82347 36.045418 0.0026276570021298365
242.82347 36.00986 -0.004162430565438288
242.82347 35.974304 -0.003001527999786466
242.82347 35.93875 0.004598414130549379
242.82347 35.903194 0.00502200197207911
242.82347 35.832085 -0.001470288523546942
242.82347 35.76097 0.009616735434088225
242.82347 35.725418 0.014236652612828832
242.82347 35.68986 0.016633389645352464
242.82347 35.654305 0.01995716045339857
242.82347 35.61875 0.017738692600928113
242.82347 35.51208 0.02339817353994965
242.82347 35.47653 0.028137593143870723
242.82347 35.44097 0.026098733778869426
242.82347 35.40542 0.02846949046949828
242.82347 35.36986 0.02780945301608153
242.82347 35.334305 0.026061535647215243
242.85904 36.152084 -0.008975830548799212
242.85904 36.116528 0.0005622494045872473
242.85904 36.08097 0.0015572513784760413
242.85904 36.045418 0.00607572986357835
242.85904 36.00986 -0.004150309799650115
242.85904 35.974304 -0.0031852427029412933
242.85904 35.93875 -0.0023396014589818007
242.85904 35.903194 0.0047911182726522936
242.85904 35.867638 0.012716516978296621
242.85904 35.832085 0.005332560449458873
242.85904 35.796528 0.00562171241673369
242.85904 35.76097 0.0011504596966873254
242.85904 35.725418 0.005076510347956975
242.85904 35.68986 0.006877153024500704
242.85904 35.654305 0.015186041673640877
242.85904 35.547638 0.02948622480590947
242.85904 35.51208 0.03068067531088059
242.85904 35.47653 0.025520883023387342
242.85904 35.44097 0.033297925827103725
242.85904 35.40542 0.03307521124918347
242.85904 35.36986 0.030967448634557686
242.85904 35.334305 0.03160572620351638
242.89459 36.152084 -0.005497995816742881
242.89459 36.116528 -0.0009107227049993481
242.89459 36.08097 -0.000346015879098608
242.89459 36.045418 -0.0040530470617190575
242.89459 36.00986 0.0011282788904519864
242.89459 35.974304 0.0023541251782644435
242.89459 35.93875 0.002713948870023075
242.89459 35.903194 0.0007670011431543319
242.89459 35.867638 0.009405928821341128
242.89459 35.832085 0.007382001702028629
242.89459 35.796528 0.011994665124781437
242.89459 35.654305 0.015362520327396656
242.89459 35.61875 0.021599136879237438
242.89459 35.583195 0.03008424518578315
242.89459 35.547638 0.02738414631607841
242.89459 35.51208 0.03229018458216627
242.89459 35.47653 0.03065174707388202
242.89459 35.44097 0.033179730757651786
242.89459 35.40542 0.03357867018924266
242.89459 35.36986 0.03204156775844673
242.89459 35.334305 0.0343072502788059
242.93015 36.152084 -0.005084104850768687
242.93015 36.116528 -0.005743757134654092
242.93015 36.08097 -0.007375433392006848
242.93015 36.045418 -0.005257302597219203
242.93015 36.00986 -0.0010321681892545564
242.93015 35.974304 0.002743775652896331
242.93015 35.93875 0.008157269100012
242.93015 35.903194 0.00547401335791254
242.93015 35.867638 0.013052523645067718
242.93015 35.832085 0.005907212994831115
242.93015 35.796528 0.011635031286673966
242.93015 35.76097 0.019228127432274172
242.93015 35.725418 0.022715991711254283
242.93015 35.68986 0.02900217227185986
242.93015 35.654305 0.023049539753779144
242.93015 35.61875 0.029766998171208342
242.93015 35.583195 0.032497306503801865
242.93015 35.547638 0.03196338971126758
242.93015 35.51208 0.03241864626294676
242.93015 35.47653 0.0335650071257569
242.93015 35.44097 0.02971004481551212
242.93015 35.40542 0.032134163517820793
242.93015 35.36986 0.03528159550295161
242.93015 35.334305 0.03360174016968221
242.9657 36.152084 -0.010678479149308183
242.9657 36.116528 -0.011253171707633142
242.9657 36.08097 -0.0026085948719009946
242.9657 36.045418 0.0008868397226155095
242.9657 36.00986 -0.0003536242804161177
242.9657 35.974304 0.005511993529143722
242.9657 35.93875 0.010833378237906165
242.9657 35.903194 0.014168555600531554
242.9657 35.867638 0.018739223399069416
242.9657 35.832085 0.014445550675210597
242.9657 35.796528 0.009933572482484151
242.9657 35.76097 0.013406635473448197
242.9657 35.725418 0.021950504166395282
242.9657 35.68986 0.025387757027209884
242.9657 35.654305 0.02966945865633619
242.9657 35.61875 0.02988267377483407
242.9657 35.583195 0.033664770682457115
242.9657 35.547638 0.03390327513242855
242.9657 35.51208 0.0278960554992682
242.9657 35.47653 0.033385830108440706
242.9657 35.44097 0.030983052595237308
242.9657 35.40542 0.02841921858801881
242.9657 35.36986 0.029491586847198284
242.9657 35.334305 0.033035276711493367
243.00125 36.152084 -0.014709580561754566
243.00125 36.116528 -0.01592038835608512
243.00125 36.08097 -0.0076881860094800206
243.00125 36.045418 -0.001093773941974626
243.00125 36.00986 0.00494009068568603
243.00125 35.974304 0.006117180127669104
243.00125 35.93875 0.00854763529827935
243.00125 35.903194 0.011288823283090617
243.00125 35.867638 0.014461539648250622
243.00125 35.832085 0.018813431216762058
243.00125 35.796528 0.013375811400177767
243.00125 35.76097 0.021048855575274514
243.00125 35.725418 0.017749408832221217
243.00125 35.68986 0.02229608065122915
243.00125 35.654305 0.03070923163489385
243.00125 35.61875 0.03219827528250542
243.00125 35.583195 0.03533020175870133
243.00125 35.547638 0.03189259616507786
243.00125 35.51208 0.03408977500882432
243.00125 35.47653 0.02669119942200339
243.00125 35.44097 0.03408987928266963
243.00125 35.40542 0.02844993517463669
243.00125 35.36986 0.029060100999280317
243.00125 35.334305 0.03331864812481518
243.0368 36.152084 -0.007903238450641892
243.0368 36.116528 -0.0022823852190559726
243.0368 36.08097 0.0017649261275326025
243.0368 36.045418 0.003819014094150877
243.0368 36.00986 0.005181357346665583
243.0368 35.974304 0.010105009537805805
243.0368 35.93875 0.01716339031424098
243.0368 35.903194 0.011675043502228914
243.0368 35.867638 0.017008363022821923
243.0368 35.832085 0.017363127307145315
243.0368 35.796528 0.019502232317706106
243.0368 35.76097 0.020853021351993475
243.0368 35.725418 0.024071339418845303
243.0368 35.68986 0.02384817609482312
243.0368 35.654305 0.0308158754279155
243.0368 35.61875 0.03322365091466188
243.0368 35.583195 0.036216932098362714
243.0368 35.547638 0.03292050857824097
243.0368 35.51208 0.034645725620634685
243.0368 35.47653 0.02661598080987035
243.0368 35.44097 0.029182175175744944
243.0368 35.40542 0.031916609765688754
243.0368 35.36986 0.031111124538844008
243.0368 35.334305 0.03172349260219499
243.07236 36.152084 -0.0017746876918915723
243.07236 36.116528 0.00198892881376991
243.07236 36.08097 0.009916252121716665
243.07236 36.045418 0.0071448589340024765
243.07236 36.00986 0.012541972047986544
243.07236 35.974304 0.016942795357539266
243.07236 35.93875 0.028085948922491596
243.07236 35.903194 0.02310382522764126
243.07236 35.867638 0.021428850680719723
243.07236 35.832085 0.025835493486616255
243.07236 35.796528 0.020146012581531134
243.07236 35.76097 0.02538260956434682
243.07236 35.725418 0.03282897181460853
243.07236 35.68986 0.026614305199812907
243.07236 35.654305 0.02812991624690507
243.07236 35.61875 0.03281814475087476
243.07236 35.583195 0.03222805350767491
243.07236 35.547638 0.032650309331730146
243.07236 35.51208 0.03375319411542724
243.07236 35.47653 0.03080935328257381
243.07236 35.44097 0.030865653552451626
243.07236 35.40542 0.031195369556102963
243.07236 35.36986 0.035111029225167574
243.07236 35.334305 0.033462282541553014
243.10791 36.116528 0.005918298396495547
243.10791 36.08097 0.01348081446170208
243.10791 36.045418 0.012616778453379336
243.10791 36.00986 0.014799849787598678
243.10791 35.974304 0.022650466695241955
243.10791 35.93875 0.029512325895387992
243.10791 35.903194 0.025879311008973623
243.10791 35.867638 0.026525671470665146
243.10791 35.832085 0.02060440371644834
243.10791 35.796528 0.02379605253815993
243.10791 35.76097 0.022604504444889928
243.10791 35.725418 0.025437066512439294
243.10791 35.68986 0.027770658756417044
243.10791 35.654305 0.026113041304363135
243.10791 35.61875 0.029737638942521905
243.10791 35.583195 0.03135503827525439
243.10791 35.547638 0.03155321628580848
243.10791 35.51208 0.02914501332021742
243.10791 35.47653 0.033017218003703955
243.10791 35.44097 0.03169944998663046
243.10791 35.40542 0.032627150655460985
243.10791 35.36986 0.03527168400024719
243.10791 35.334305 0.034501270616422525
243.14346 35.974304 0.02803096708364719
243.14346 35.93875 0.03127823238955628
243.14346 35.903194 0.017870878460272743
243.14346 35.867638 0.011240654943914331
243.14346 35.832085 0.024746111939549294
243.14346 35.796528 0.03238557637123606
243.14346 35.76097 0.02730529029446429
243.14346 35.725418 0.025695590376865363
243.14346 35.68986 0.024684774350825556
243.14346 35.654305 0.02399535409330962
243.14346 35.61875 0.02803762558786463
243.14346 35.583195 0.03269872670473089
243.14346 35.547638 0.036775195929006965
243.14346 35.51208 0.02748962861076753
243.14346 35.47653 0.032456992520588375
243.14346 35.44097 0.031286531770360906
243.14346 35.40542 0.03496590893304846
243.14346 35.36986 0.036170644145339145
243.14346 35.334305 0.03470248133519963
243.17903 36.152084 0.025780201789389428
243.17903 36.116528 0.025710202585744864
243.17903 36.08097 0.02775381422618567
243.17903 36.045418 0.03928349861623764
243.17903 35.974304 0.025842665663191322
243.17903 35.93875 0.026135309247649112
243.17903 35.903194 0.0169168221586503
243.17903 35.867638 0.02143061980170309
243.17903 35.832085 0.024408435176430356
243.17903 35.796528 0.030726625849801653
243.17903 35.76097 0.03248931498373653
243.17903 35.725418 0.025804816630472682
243.17903 35.68986 0.026501448600651192
243.17903 35.654305 0.02807183678204634
243.17903 35.61875 0.028162794025679103
243.17903 35.583195 0.0335815719950357
243.17903 35.547638 0.03582748686005081
243.17903 35.51208 0.03193059739193218
243.17903 35.47653 0.03430281473882566
243.17903 35.44097 0.03224145430640455
243.17903 35.40542 0.0368594394610067
243.17903 35.36986 0.033539310545241834
243.17903 35.334305 0.0385499653385026
