241.85458 35.343193 -0.005198
241.87236 35.343193 -0.017704
241.89014 35.734306 0.037394
241.89014 35.71653 0.021885
241.90791 35.734306 0.045218
241.90791 35.71653 0.02555
242.03236 35.805416 0.061306
242.03236 35.78764 0.052349
242.05014 35.805416 0.064859
242.05014 35.78764 0.070161
242.06792 35.94764 0.032678
242.06792 35.92986 0.043325
242.06792 35.805416 0.069215
242.06792 35.78764 0.087244
242.06792 35.76986 0.0802
242.06792 35.752083 0.054679
242.06792 35.734306 0.042206
242.06792 35.71653 0.046761
242.06792 35.343193 -0.02903
242.0857 35.94764 0.048209
242.0857 35.92986 0.054332
242.0857 35.805416 0.070599
242.0857 35.78764 0.083599
242.0857 35.76986 0.082825
242.0857 35.752083 0.07772
242.0857 35.734306 0.067513
242.0857 35.71653 0.052851
242.0857 35.343193 -0.038123
242.10347 35.983192 0.0346
242.10347 35.965416 0.04681
242.10347 35.94764 0.056305
242.10347 35.92986 0.064142
242.10347 35.912083 0.078905
242.10347 35.894306 0.082061
242.10347 35.87653 0.081234
242.10347 35.85875 0.078105
242.10347 35.840973 0.076896
242.10347 35.823193 0.074786
242.10347 35.805416 0.065136
242.10347 35.78764 0.070951
242.10347 35.76986 0.075571
242.10347 35.752083 0.078506
242.10347 35.69875 0.055474
242.10347 35.680973 0.038721
242.12125 35.983192 0.032365
242.12125 35.965416 0.047086
242.12125 35.94764 0.062591
242.12125 35.92986 0.078614
242.12125 35.912083 0.099342
242.12125 35.894306 0.105814
242.12125 35.87653 0.106868
242.12125 35.85875 0.111251
242.12125 35.840973 0.114701
242.12125 35.823193 0.112835
242.12125 35.805416 0.104382
242.12125 35.78764 0.086118
242.12125 35.76986 0.090496
242.12125 35.752083 0.082636
242.12125 35.69875 0.069341
242.12125 35.680973 0.05237
242.13904 35.983192 0.029492
242.13904 35.965416 0.048791
242.13904 35.94764 0.064306
242.13904 35.92986 0.080539
242.13904 35.912083 0.100492
242.13904 35.894306 0.112062
242.13904 35.87653 0.135543
242.13904 35.85875 0.149379
242.13904 35.840973 0.165199
242.13904 35.823193 0.157416
242.13904 35.805416 0.15199
242.13904 35.78764 0.13244
242.13904 35.76986 0.124273
242.13904 35.752083 0.107363
242.13904 35.734306 0.094939
242.13904 35.71653 0.072892
242.13904 35.663193 0.04247
242.13904 35.645416 0.02922
242.1568 35.983192 0.027723
242.1568 35.965416 0.04499
242.1568 35.94764 0.062063
242.1568 35.92986 0.086258
242.1568 35.912083 0.108981
242.1568 35.894306 0.131905
242.1568 35.87653 0.167458
242.1568 35.85875 0.186976
242.1568 35.840973 0.190719
242.1568 35.823193 0.197674
242.1568 35.805416 0.190678
242.1568 35.78764 0.182744
242.1568 35.76986 0.150531
242.1568 35.752083 0.140601
242.1568 35.734306 0.118269
242.1568 35.71653 0.095484
242.1568 35.663193 0.047397
242.1568 35.645416 0.039416
242.17459 35.983192 0.021489
242.17459 35.965416 0.041349
242.17459 35.94764 0.05954
242.17459 35.92986 0.080968
242.17459 35.912083 0.110547
242.17459 35.894306 0.143472
242.17459 35.87653 0.183734
242.17459 35.85875 0.211636
242.17459 35.840973 0.220406
242.17459 35.823193 0.229044
242.17459 35.805416 0.230148
242.17459 35.78764 0.232527
242.17459 35.76986 0.190969
242.17459 35.752083 0.167474
242.17459 35.734306 0.138686
242.17459 35.71653 0.125545
242.17459 35.69875 0.090899
242.17459 35.680973 0.077133
242.17459 35.663193 0.060961
242.17459 35.645416 0.051089
242.19235 35.983192 0.019491
242.19235 35.965416 0.044523
242.19235 35.94764 0.061454
242.19235 35.92986 0.087791
242.19235 35.912083 0.125565
242.19235 35.894306 0.175285
242.19235 35.87653 0.212709
242.19235 35.85875 0.242111
242.19235 35.840973 0.266567
242.19235 35.823193 0.279645
242.19235 35.805416 0.26975
242.19235 35.78764 0.255824
242.19235 35.76986 0.223555
242.19235 35.752083 0.201543
242.19235 35.734306 0.169811
242.19235 35.71653 0.144775
242.19235 35.69875 0.105373
242.19235 35.680973 0.088315
242.19235 35.663193 0.078701
242.19235 35.645416 0.064583
242.21014 35.983192 0.023725
242.21014 35.965416 0.039617
242.21014 35.94764 0.063024
242.21014 35.92986 0.091582
242.21014 35.912083 0.132166
242.21014 35.894306 0.206803
242.21014 35.87653 0.255831
242.21014 35.85875 0.306667
242.21014 35.840973 0.326047
242.21014 35.823193 0.32894
242.21014 35.805416 0.319069
242.21014 35.78764 0.291353
242.21014 35.76986 0.260969
242.21014 35.752083 0.231325
242.21014 35.734306 0.19133
242.21014 35.71653 0.162378
242.21014 35.69875 0.124732
242.21014 35.680973 0.105445
242.21014 35.663193 0.090352
242.21014 35.645416 0.075478
242.21014 35.62764 0.062247
242.21014 35.60986 0.047814
242.21014 35.592083 0.038148
242.21014 35.574306 0.024549
242.22792 35.983192 0.029481
242.22792 35.965416 0.036723
242.22792 35.94764 0.056655
242.22792 35.92986 0.082575
242.22792 35.912083 0.136726
242.22792 35.894306 0.224529
242.22792 35.87653 0.323736
242.22792 35.85875 0.390139
242.22792 35.840973 0.408886
242.22792 35.823193 0.396957
242.22792 35.805416 0.373442
242.22792 35.78764 0.34401
242.22792 35.76986 0.302655
242.22792 35.752083 0.25032
242.22792 35.734306 0.217114
242.22792 35.71653 0.176827
242.22792 35.69875 0.142282
242.22792 35.680973 0.119703
242.22792 35.663193 0.103618
242.22792 35.645416 0.087826
242.22792 35.62764 0.070679
242.22792 35.60986 0.053445
242.22792 35.592083 0.043033
242.22792 35.574306 0.026833
242.2457 35.94764 0.043223
242.2457 35.92986 0.059502
242.2457 35.912083 0.101361
242.2457 35.894306 0.229325
242.2457 35.87653 0.403046
242.2457 35.85875 0.481507
242.2457 35.840973 0.503606
242.2457 35.823193 0.470146
242.2457 35.805416 0.436021
242.2457 35.78764 0.385953
242.2457 35.76986 0.329359
242.2457 35.752083 0.277541
242.2457 35.734306 0.236013
242.2457 35.71653 0.199733
242.2457 35.69875 0.16
242.2457 35.680973 0.134759
242.2457 35.663193 0.121352
242.2457 35.645416 0.099669
242.2457 35.62764 0.080995
242.2457 35.60986 0.059225
242.2457 35.592083 0.043815
242.2457 35.574306 0.02656
242.26347 35.94764 0.01687
242.26347 35.92986 0.010405
242.26347 35.912083 0.047714
242.26347 35.894306 0.199323
242.26347 35.87653 0.480116
242.26347 35.85875 0.598877
242.26347 35.840973 0.594467
242.26347 35.823193 0.543194
242.26347 35.805416 0.483343
242.26347 35.78764 0.422157
242.26347 35.76986 0.361391
242.26347 35.752083 0.300275
242.26347 35.734306 0.256437
242.26347 35.71653 0.216027
242.26347 35.69875 0.174714
242.26347 35.680973 0.151871
242.26347 35.663193 0.130836
242.26347 35.645416 0.110066
242.26347 35.62764 0.089169
242.26347 35.60986 0.067431
242.26347 35.592083 0.046845
242.26347 35.574306 0.030233
242.28125 35.94764 -0.010711
242.28125 35.92986 -0.034065
242.28125 35.912083 -0.056007
242.28125 35.87653 0.510286
242.28125 35.85875 0.697671
242.28125 35.840973 0.67933
242.28125 35.823193 0.600801
242.28125 35.805416 0.530243
242.28125 35.78764 0.466017
242.28125 35.76986 0.389649
242.28125 35.752083 0.325497
242.28125 35.734306 0.276685
242.28125 35.71653 0.231769
242.28125 35.69875 0.190621
242.28125 35.680973 0.164582
242.28125 35.663193 0.140591
242.28125 35.645416 0.118951
242.28125 35.62764 0.095703
242.28125 35.60986 0.074766
242.28125 35.592083 0.054125
242.28125 35.574306 0.037408
242.28125 35.556526 0.016821
242.28125 35.53875 0.004882
242.28125 35.520973 -0.008277
242.28125 35.503193 -0.015459
242.29903 35.94764 -0.014323
242.29903 35.92986 -0.044167
242.29903 35.912083 -0.092792
242.29903 35.894306 -0.184425
242.29903 35.87653 0.142418
242.29903 35.85875 0.773047
242.29903 35.840973 0.730898
242.29903 35.823193 0.634387
242.29903 35.805416 0.559509
242.29903 35.78764 0.491726
242.29903 35.76986 0.410571
242.29903 35.752083 0.342969
242.29903 35.734306 0.293221
242.29903 35.71653 0.245555
242.29903 35.69875 0.201954
242.29903 35.680973 0.169287
242.29903 35.663193 0.147865
242.29903 35.645416 0.131724
242.29903 35.62764 0.108155
242.29903 35.60986 0.086488
242.29903 35.592083 0.059139
242.29903 35.574306 0.034953
242.29903 35.556526 0.020935
242.29903 35.53875 0.000587
242.29903 35.520973 -0.010735
242.29903 35.503193 -0.025553
242.3168 35.94764 -0.001413
242.3168 35.92986 -0.03455
242.3168 35.912083 -0.102868
242.3168 35.894306 -0.190684
242.3168 35.87653 -0.260853
242.3168 35.85875 0.212464
242.3168 35.840973 0.726906
242.3168 35.823193 0.628263
242.3168 35.805416 0.564678
242.3168 35.78764 0.51089
242.3168 35.76986 0.446167
242.3168 35.752083 0.362725
242.3168 35.734306 0.312179
242.3168 35.71653 0.261867
242.3168 35.69875 0.211795
242.3168 35.680973 0.176797
242.3168 35.663193 0.15682
242.3168 35.645416 0.146445
242.3168 35.62764 0.122337
242.3168 35.60986 0.093556
242.3168 35.592083 0.067089
242.3168 35.574306 0.036593
242.3168 35.556526 0.017152
242.3168 35.53875 -0.004122
242.3168 35.520973 -0.019033
242.3168 35.503193 -0.038255
242.33458 35.94764 0.010368
242.33458 35.92986 -0.015977
242.33458 35.912083 -0.062312
242.33458 35.894306 -0.156304
242.33458 35.87653 -0.231603
242.33458 35.85875 -0.32182
242.33458 35.840973 0.453951
242.33458 35.823193 0.530864
242.33458 35.805416 0.525471
242.33458 35.78764 0.517174
242.33458 35.76986 0.52054
242.33458 35.752083 0.379559
242.33458 35.734306 0.349896
242.33458 35.71653 0.275631
242.33458 35.69875 0.229039
242.33458 35.680973 0.191445
242.33458 35.663193 0.169583
242.33458 35.645416 0.16032
242.33458 35.62764 0.142169
242.33458 35.60986 0.119023
242.33458 35.592083 0.0808
242.33458 35.574306 0.04039
242.33458 35.556526 0.002716
242.33458 35.53875 -0.017649
242.33458 35.520973 -0.030357
242.33458 35.503193 -0.042251
242.35236 35.94764 0.017381
242.35236 35.92986 -0.008068
242.35236 35.912083 -0.045938
242.35236 35.894306 -0.113959
242.35236 35.87653 -0.195379
242.35236 35.85875 -0.301416
242.35236 35.840973 -0.38972
242.35236 35.823193 0.133746
242.35236 35.805416 0.46507
242.35236 35.78764 0.556864
242.35236 35.76986 0.543683
242.35236 35.752083 0.377684
242.35236 35.734306 0.360815
242.35236 35.71653 0.305275
242.35236 35.69875 0.261841
242.35236 35.680973 0.216751
242.35236 35.663193 0.180795
242.35236 35.645416 0.187627
242.35236 35.62764 0.174305
242.35236 35.60986 0.152589
242.35236 35.592083 0.09233
242.35236 35.574306 0.027172
242.35236 35.556526 -0.011354
242.35236 35.53875 -0.033979
242.37015 35.94764 0.022904
242.37015 35.92986 0.003011
242.37015 35.912083 -0.03418
242.37015 35.894306 -0.09267
242.37015 35.87653 -0.156368
242.37015 35.85875 -0.244388
242.37015 35.840973 -0.333317
242.37015 35.823193 -0.354289
242.37015 35.805416 0.386771
242.37015 35.78764 0.549807
242.37015 35.76986 0.374435
242.37015 35.752083 0.402032
242.37015 35.734306 0.373499
242.37015 35.71653 0.302811
242.37015 35.69875 0.231857
242.37015 35.680973 0.196982
242.37015 35.663193 0.200811
242.37015 35.645416 0.223031
242.37015 35.62764 0.222192
242.37015 35.60986 0.18986
242.37015 35.592083 0.083215
242.37015 35.574306 0.004007
242.37015 35.556526 -0.029278
242.37015 35.53875 -0.047027
242.38791 35.94764 0.026914
242.38791 35.92986 0.01147
242.38791 35.912083 -0.018919
242.38791 35.894306 -0.0645
242.38791 35.87653 -0.11477
242.38791 35.85875 -0.182676
242.38791 35.840973 -0.260551
242.38791 35.823193 -0.332146
242.38791 35.805416 0.378163
242.38791 35.78764 0.336373
242.38791 35.76986 0.309829
242.38791 35.752083 0.383703
242.38791 35.734306 0.380928
242.38791 35.71653 0.315747
242.38791 35.69875 0.249212
242.38791 35.680973 0.19665
242.38791 35.663193 0.214119
242.38791 35.645416 0.250456
242.38791 35.62764 0.278122
242.38791 35.60986 0.239317
242.38791 35.592083 0.055749
242.38791 35.574306 -0.039154
242.4057 35.94764 0.035019
242.4057 35.92986 0.023991
242.4057 35.912083 -0.003967
242.4057 35.894306 -0.041598
242.4057 35.87653 -0.083681
242.4057 35.85875 -0.134456
242.4057 35.840973 -0.196147
242.4057 35.823193 -0.268316
242.4057 35.805416 -0.345894
242.4057 35.78764 -0.067424
242.4057 35.76986 -0.14546
242.4057 35.752083 0.365948
242.4057 35.734306 0.430043
242.4057 35.71653 0.351176
242.4057 35.69875 0.229097
242.4057 35.680973 0.192314
242.4057 35.663193 0.213514
242.4057 35.645416 0.283608
242.4057 35.62764 0.342159
242.4057 35.60986 0.30502
242.4057 35.592083 -0.062151
242.4057 35.574306 -0.066534
242.42346 35.912083 0.006328
242.42346 35.894306 -0.021258
242.42346 35.87653 -0.059857
242.42346 35.85875 -0.101941
242.42346 35.840973 -0.149042
242.42346 35.823193 -0.220686
242.42346 35.805416 -0.260952
242.42346 35.78764 -0.326578
242.42346 35.76986 -0.390459
242.42346 35.752083 -0.404475
242.42346 35.734306 0.027826
242.42346 35.71653 0.341879
242.42346 35.69875 0.210039
242.42346 35.680973 0.187916
242.42346 35.663193 0.231646
242.42346 35.645416 0.310184
242.42346 35.62764 0.396305
242.42346 35.60986 -0.110325
242.42346 35.592083 -0.093418
242.42346 35.574306 -0.062884
242.44125 35.912083 0.008178
242.44125 35.894306 -0.015329
242.44125 35.87653 -0.047292
242.44125 35.85875 -0.079307
242.44125 35.840973 -0.119089
242.44125 35.823193 -0.170791
242.44125 35.805416 -0.222584
242.44125 35.78764 -0.279538
242.44125 35.76986 -0.366729
242.44125 35.752083 -0.446561
242.44125 35.734306 -0.486008
242.44125 35.71653 -0.399578
242.44125 35.69875 0.173209
242.44125 35.680973 0.210206
242.44125 35.663193 0.229804
242.44125 35.645416 0.295792
242.44125 35.62764 -0.211075
242.44125 35.60986 -0.138325
242.44125 35.592083 -0.070926
242.44125 35.574306 -0.057639
242.45903 35.912083 0.013441
242.45903 35.894306 -0.009063
242.45903 35.87653 -0.035216
242.45903 35.85875 -0.063687
242.45903 35.840973 -0.099446
242.45903 35.823193 -0.146818
242.45903 35.805416 -0.193868
242.45903 35.78764 -0.256009
242.45903 35.76986 -0.332155
242.45903 35.752083 -0.429792
242.45903 35.734306 -0.477744
242.45903 35.71653 -0.508504
242.45903 35.69875 -0.42128
242.45903 35.680973 0.135113
242.45903 35.663193 0.198315
242.45903 35.645416 -0.051883
242.45903 35.62764 -0.130852
242.45903 35.60986 -0.085095
242.45903 35.592083 -0.053144
242.45903 35.574306 -0.039203
242.4768 35.912083 0.016639
242.4768 35.894306 -0.003468
242.4768 35.87653 -0.030196
242.4768 35.85875 -0.050853
242.4768 35.840973 -0.088039
242.4768 35.823193 -0.125409
242.4768 35.805416 -0.174839
242.4768 35.78764 -0.242974
242.4768 35.76986 -0.318259
242.4768 35.752083 -0.41318
242.4768 35.734306 -0.484658
242.4768 35.71653 -0.511041
242.4768 35.69875 -0.443104
242.4768 35.680973 -0.29528
242.4768 35.663193 0.204174
242.4768 35.645416 -0.057041
242.4768 35.62764 -0.058276
242.4768 35.60986 -0.033392
242.4768 35.592083 -0.028728
242.4768 35.574306 -0.043304
242.49458 35.912083 0.01764
242.49458 35.894306 0.003613
242.49458 35.87653 -0.023697
242.49458 35.85875 -0.050199
242.49458 35.840973 -0.082209
242.49458 35.823193 -0.121323
242.49458 35.805416 -0.172689
242.49458 35.78764 -0.235986
242.49458 35.76986 -0.29961
242.49458 35.752083 -0.390266
242.49458 35.734306 -0.449
242.49458 35.71653 -0.509929
242.49458 35.69875 -0.445311
242.49458 35.680973 -0.414395
242.49458 35.663193 0.016359
242.49458 35.645416 0.039366
242.49458 35.62764 0.029493
242.49458 35.60986 0.006423
242.49458 35.592083 -0.026904
242.49458 35.574306 -0.04704
242.49458 35.556526 -0.062339
242.49458 35.53875 -0.059425
242.51236 35.912083 0.017982
242.51236 35.894306 -0.001088
242.51236 35.87653 -0.026236
242.51236 35.85875 -0.050833
242.51236 35.840973 -0.080362
242.51236 35.823193 -0.117214
242.51236 35.805416 -0.16627
242.51236 35.78764 -0.222852
242.51236 35.76986 -0.285214
242.51236 35.752083 -0.354066
242.51236 35.734306 -0.397147
242.51236 35.71653 -0.444717
242.51236 35.69875 -0.458467
242.51236 35.680973 -0.478289
242.51236 35.663193 -0.434636
242.51236 35.645416 0.148301
242.51236 35.62764 0.101364
242.51236 35.60986 0.016117
242.51236 35.592083 -0.028368
242.51236 35.574306 -0.057891
242.51236 35.556526 -0.068749
242.51236 35.53875 -0.078874
242.53014 35.912083 0.009129
242.53014 35.894306 -0.007332
242.53014 35.87653 -0.029741
242.53014 35.85875 -0.054774
242.53014 35.840973 -0.082739
242.53014 35.823193 -0.11581
242.53014 35.805416 -0.162527
242.53014 35.78764 -0.218158
242.53014 35.76986 -0.26864
242.53014 35.752083 -0.326936
242.53014 35.734306 -0.373568
242.53014 35.71653 -0.425539
242.53014 35.69875 -0.455124
242.53014 35.680973 -0.473755
242.53014 35.663193 -0.459571
242.53014 35.645416 -0.381037
242.53014 35.62764 0.106388
242.53014 35.60986 0.027292
242.53014 35.592083 -0.016278
242.53014 35.574306 -0.055461
242.53014 35.556526 -0.078082
242.53014 35.53875 -0.089444
242.53014 35.520973 -0.078026
242.53014 35.503193 -0.062833
242.54791 35.912083 0.005372
242.54791 35.894306 -0.008456
242.54791 35.87653 -0.034471
242.54791 35.85875 -0.058826
242.54791 35.840973 -0.088744
242.54791 35.823193 -0.118306
242.54791 35.805416 -0.163282
242.54791 35.78764 -0.211748
242.54791 35.76986 -0.259471
242.54791 35.752083 -0.310723
242.54791 35.734306 -0.357002
242.54791 35.71653 -0.41359
242.54791 35.69875 -0.440816
242.54791 35.680973 -0.443775
242.54791 35.663193 -0.430592
242.54791 35.645416 -0.454735
242.54791 35.62764 0.060756
242.54791 35.60986 0.037988
242.54791 35.592083 0.01226
242.54791 35.574306 -0.040876
242.54791 35.556526 -0.089996
242.54791 35.53875 -0.106221
242.54791 35.520973 -0.096527
242.54791 35.503193 -0.073711
242.5657 35.912083 -0.002709
242.5657 35.894306 -0.01552
242.5657 35.87653 -0.039981
242.5657 35.85875 -0.063423
242.5657 35.840973 -0.099032
242.5657 35.823193 -0.121102
242.5657 35.805416 -0.163464
242.5657 35.78764 -0.206854
242.5657 35.76986 -0.243943
242.5657 35.752083 -0.295202
242.5657 35.734306 -0.34904
242.5657 35.71653 -0.400588
242.5657 35.69875 -0.418703
242.5657 35.680973 -0.407284
242.5657 35.663193 -0.407788
242.5657 35.645416 -0.443268
242.5657 35.62764 -0.156844
242.5657 35.60986 -0.125176
242.5657 35.592083 0.013569
242.5657 35.574306 -0.065695
242.5657 35.556526 -0.126366
242.5657 35.53875 -0.139953
242.5657 35.520973 -0.111075
242.5657 35.503193 -0.072853
242.5657 35.485416 -0.050542
242.5657 35.46764 -0.031588
242.58347 35.912083 -0.005234
242.58347 35.894306 -0.019908
242.58347 35.87653 -0.044553
242.58347 35.85875 -0.066954
242.58347 35.840973 -0.09965
242.58347 35.823193 -0.122997
242.58347 35.805416 -0.165708
242.58347 35.78764 -0.203805
242.58347 35.76986 -0.239963
242.58347 35.752083 -0.28519
242.58347 35.734306 -0.336861
242.58347 35.71653 -0.369913
242.58347 35.69875 -0.384659
242.58347 35.680973 -0.390518
242.58347 35.663193 -0.392039
242.58347 35.645416 -0.404711
242.58347 35.62764 -0.418784
242.58347 35.60986 -0.138597
242.58347 35.592083 -0.115818
242.58347 35.574306 -0.102458
242.58347 35.556526 -0.194963
242.58347 35.53875 -0.171095
242.58347 35.520973 -0.114193
242.58347 35.503193 -0.060233
242.58347 35.485416 -0.044156
242.58347 35.46764 -0.026552
242.60126 35.912083 -0.012061
242.60126 35.894306 -0.03047
242.60126 35.87653 -0.05486
242.60126 35.85875 -0.077992
242.60126 35.840973 -0.103031
242.60126 35.823193 -0.131555
242.60126 35.805416 -0.162926
242.60126 35.78764 -0.198513
242.60126 35.76986 -0.2352
242.60126 35.752083 -0.283052
242.60126 35.734306 -0.314828
242.60126 35.71653 -0.34061
242.60126 35.69875 -0.357105
242.60126 35.680973 -0.379385
242.60126 35.663193 -0.375338
242.60126 35.645416 -0.384843
242.60126 35.62764 -0.391209
242.60126 35.60986 -0.385772
242.60126 35.592083 -0.13754
242.60126 35.574306 -0.214008
242.60126 35.556526 -0.205562
242.60126 35.53875 -0.157865
242.60126 35.520973 -0.094266
242.60126 35.503193 -0.057791
242.61902 35.912083 -0.018518
242.61902 35.894306 -0.036357
242.61902 35.87653 -0.05939
242.61902 35.85875 -0.082692
242.61902 35.840973 -0.107089
242.61902 35.823193 -0.134249
242.61902 35.805416 -0.16229
242.61902 35.78764 -0.195011
242.61902 35.76986 -0.235968
242.61902 35.752083 -0.29418
242.61902 35.734306 -0.292427
242.61902 35.71653 -0.311741
242.61902 35.69875 -0.338687
242.61902 35.680973 -0.341876
242.61902 35.663193 -0.348613
242.61902 35.645416 -0.339878
242.61902 35.62764 -0.3608
242.61902 35.60986 -0.349099
242.61902 35.592083 -0.377182
242.61902 35.574306 -0.223534
242.61902 35.556526 -0.151924
242.61902 35.53875 -0.122977
242.61902 35.520973 -0.077616
242.61902 35.503193 -0.053555
242.63681 35.912083 -0.025625
242.63681 35.894306 -0.044544
242.63681 35.87653 -0.066314
242.63681 35.85875 -0.087891
242.63681 35.840973 -0.10834
242.63681 35.823193 -0.134816
242.63681 35.805416 -0.160846
242.63681 35.78764 -0.193056
242.63681 35.76986 -0.230622
242.63681 35.752083 -0.25013
242.63681 35.734306 -0.280106
242.63681 35.71653 -0.274664
242.63681 35.69875 -0.311863
242.63681 35.680973 -0.323178
242.63681 35.663193 -0.334805
242.63681 35.645416 -0.339715
242.63681 35.62764 -0.336698
242.63681 35.60986 -0.349401
242.63681 35.592083 -0.382682
242.63681 35.574306 -0.282068
242.63681 35.556526 -0.168337
242.63681 35.53875 -0.104237
242.63681 35.520973 -0.067745
242.63681 35.503193 -0.045468
242.65459 35.912083 -0.032959
242.65459 35.894306 -0.048515
242.65459 35.87653 -0.068515
242.65459 35.85875 -0.087677
242.65459 35.840973 -0.105436
242.65459 35.823193 -0.131083
242.65459 35.805416 -0.158853
242.65459 35.78764 -0.183529
242.65459 35.76986 -0.219874
242.65459 35.752083 -0.238593
242.65459 35.734306 -0.276238
242.65459 35.71653 -0.280781
242.65459 35.69875 -0.293461
242.65459 35.680973 -0.309464
242.65459 35.663193 -0.324381
242.65459 35.645416 -0.311435
242.65459 35.62764 -0.322145
242.65459 35.60986 -0.342671
242.65459 35.592083 -0.367766
242.65459 35.574306 -0.273747
242.65459 35.556526 -0.151477
242.65459 35.53875 -0.104969
242.65459 35.520973 -0.066525
242.65459 35.503193 -0.047571
242.67236 35.912083 -0.031003
242.67236 35.894306 -0.044973
242.67236 35.87653 -0.066706
242.67236 35.85875 -0.086392
242.67236 35.840973 -0.104232
242.67236 35.823193 -0.1264
242.67236 35.805416 -0.15313
242.67236 35.78764 -0.176431
242.67236 35.76986 -0.206934
242.67236 35.752083 -0.228077
242.67236 35.734306 -0.246139
242.67236 35.71653 -0.271918
242.67236 35.69875 -0.276814
242.67236 35.680973 -0.280294
242.67236 35.663193 -0.273783
242.67236 35.645416 -0.291734
242.67236 35.62764 -0.304723
242.67236 35.60986 -0.318346
242.67236 35.592083 -0.310919
242.67236 35.574306 -0.260667
242.67236 35.556526 -0.181443
242.67236 35.53875 -0.10367
242.67236 35.520973 -0.07015
242.67236 35.503193 -0.046216
242.69014 35.912083 -0.035556
242.69014 35.894306 -0.049605
242.69014 35.87653 -0.06733
242.69014 35.85875 -0.086948
242.69014 35.840973 -0.106207
242.69014 35.823193 -0.123686
242.69014 35.805416 -0.148121
242.69014 35.78764 -0.156245
242.69014 35.76986 -0.188303
242.69014 35.752083 -0.20789
242.69014 35.734306 -0.227178
242.69014 35.71653 -0.240209
242.69014 35.69875 -0.252625
242.69014 35.680973 -0.245437
242.69014 35.663193 -0.256073
242.69014 35.645416 -0.277215
242.69014 35.62764 -0.274844
242.69014 35.60986 -0.277332
242.69014 35.592083 -0.269524
242.69014 35.574306 -0.238167
242.69014 35.556526 -0.173123
242.69014 35.53875 -0.109749
242.69014 35.520973 -0.073636
242.69014 35.503193 -0.03428
242.70792 35.87653 -0.070889
242.70792 35.85875 -0.086896
242.70792 35.840973 -0.102171
242.70792 35.823193 -0.117512
242.70792 35.805416 -0.133943
242.70792 35.78764 -0.149903
242.70792 35.76986 -0.172944
242.70792 35.752083 -0.184166
242.70792 35.734306 -0.204833
242.70792 35.71653 -0.222037
242.70792 35.69875 -0.235076
242.70792 35.680973 -0.229771
242.70792 35.663193 -0.2382
242.70792 35.645416 -0.241497
242.70792 35.62764 -0.247033
242.70792 35.60986 -0.241446
242.70792 35.592083 -0.231997
242.70792 35.574306 -0.208922
242.70792 35.556526 -0.158259
242.70792 35.53875 -0.118095
242.70792 35.520973 -0.078504
242.70792 35.503193 -0.053718
242.7257 35.87653 -0.073652
242.7257 35.85875 -0.08758
242.7257 35.840973 -0.098201
242.7257 35.823193 -0.113507
242.7257 35.805416 -0.127496
242.7257 35.78764 -0.141083
242.7257 35.76986 -0.156096
242.7257 35.752083 -0.17629
242.7257 35.734306 -0.190619
242.7257 35.71653 -0.203511
242.7257 35.69875 -0.209408
242.7257 35.680973 -0.210915
242.7257 35.663193 -0.215738
242.7257 35.645416 -0.220309
242.7257 35.62764 -0.217816
242.7257 35.60986 -0.214881
242.7257 35.592083 -0.204039
242.7257 35.574306 -0.18323
242.7257 35.556526 -0.143167
242.7257 35.53875 -0.114668
242.7257 35.520973 -0.084354
242.7257 35.503193 -0.066796
242.74347 35.87653 -0.074275
242.74347 35.85875 -0.090334
242.74347 35.76986 -0.15401
242.74347 35.752083 -0.163211
242.74347 35.734306 -0.172438
242.74347 35.71653 -0.183787
242.74347 35.69875 -0.187683
242.74347 35.680973 -0.188403
242.74347 35.663193 -0.192478
242.74347 35.645416 -0.198683
242.74347 35.62764 -0.198998
242.74347 35.60986 -0.196434
242.74347 35.592083 -0.186552
242.74347 35.574306 -0.165765
242.74347 35.556526 -0.130691
242.74347 35.53875 -0.108298
242.74347 35.520973 -0.086254
242.74347 35.503193 -0.06838
242.76126 35.87653 -0.073408
242.76126 35.85875 -0.091301
242.76126 35.76986 -0.144325
242.76126 35.752083 -0.146129
242.76126 35.734306 -0.154873
242.76126 35.71653 -0.162782
242.76126 35.69875 -0.16997
242.76126 35.680973 -0.175069
242.76126 35.663193 -0.180251
242.76126 35.645416 -0.182858
242.76126 35.62764 -0.18251
242.76126 35.60986 -0.179099
242.76126 35.592083 -0.17522
242.76126 35.574306 -0.146477
242.76126 35.556526 -0.123385
242.76126 35.53875 -0.102141
242.76126 35.520973 -0.082515
242.76126 35.503193 -0.068062
242.77902 35.87653 -0.070637
242.77902 35.85875 -0.08882
242.77902 35.592083 -0.158963
242.77902 35.574306 -0.136698
242.77902 35.556526 -0.114133
242.77902 35.53875 -0.095159
242.79681 35.87653 -0.073102
242.79681 35.85875 -0.084851
242.79681 35.592083 -0.142295
242.79681 35.574306 -0.126399
242.79681 35.556526 -0.107194
242.79681 35.53875 -0.088352
242.81458 35.87653 -0.072327
242.81458 35.85875 -0.086516
242.81458 35.805416 -0.110099
242.81458 35.78764 -0.120737
242.81458 35.592083 -0.131073
242.81458 35.574306 -0.116353
242.81458 35.556526 -0.098829
242.81458 35.53875 -0.081693
242.83237 35.87653 -0.064263
242.83237 35.85875 -0.080636
242.83237 35.805416 -0.095921
242.83237 35.78764 -0.107361
242.83237 35.592083 -0.123335
242.83237 35.574306 -0.111222
242.83237 35.556526 -0.092891
242.83237 35.53875 -0.079207
242.85013 35.62764 -0.137322
242.85013 35.60986 -0.122938
242.85013 35.592083 -0.112169
242.85013 35.574306 -0.101323
242.86792 35.62764 -0.121371
242.86792 35.60986 -0.113006
242.86792 35.592083 -0.103537
242.86792 35.574306 -0.093245
242.8857 35.76986 -0.101605
242.8857 35.752083 -0.11356
242.8857 35.734306 -0.11974
242.8857 35.71653 -0.121399
242.8857 35.69875 -0.12441
242.8857 35.680973 -0.122739
242.90347 35.76986 -0.093573
242.90347 35.752083 -0.102082
242.90347 35.734306 -0.104999
242.90347 35.71653 -0.106075
242.90347 35.69875 -0.104922
242.90347 35.680973 -0.109106
243.09903 36.160973 -0.017254
243.09903 36.143192 -0.016944
243.1168 36.160973 -0.015579
243.1168 36.143192 -0.016112
243.13458 36.160973 -0.015122
243.13458 36.143192 -0.014883
243.13458 36.125416 -0.011449
243.13458 36.10764 -0.009209
243.13458 36.089863 -0.00145
243.13458 36.072083 -0.006764
243.13458 36.054306 -0.00651
243.13458 36.03653 -0.004636
243.13458 36.01875 -0.004218
243.13458 36.000973 -0.002808
243.15236 36.160973 -0.006479
243.15236 36.143192 -0.003511
243.15236 36.125416 -0.006099
243.15236 36.10764 -0.006658
243.15236 36.089863 0.002614
243.15236 36.072083 0.000247
243.15236 36.054306 -0.00207
243.15236 36.03653 0.003694
243.15236 36.01875 0.002098
243.15236 36.000973 -0.003439
243.17014 36.01875 0.003656
243.17014 36.000973 -0.003258
241.82791 36.152084 -0.000434
241.82791 36.116528 0.004089
241.82791 36.08097 0.004023
241.82791 36.045418 0.0062
241.82791 36.00986 0.013098
241.82791 35.974304 0.009602
241.82791 35.93875 0.01397
241.82791 35.903194 0.017431
241.82791 35.867638 0.02492
241.82791 35.832085 0.031136
241.82791 35.796528 0.029977
241.82791 35.76097 0.042546
241.82791 35.725418 0.043008
241.82791 35.68986 0.034368
241.82791 35.654305 0.024695
241.82791 35.61875 0.014675
241.82791 35.583195 0.004166
241.82791 35.547638 -0.002652
241.82791 35.51208 -0.001464
241.82791 35.47653 -7.1e-05
241.82791 35.44097 0.004015
241.82791 35.40542 0.01434
241.82791 35.36986 0.007561
241.82791 35.334305 0.007423
241.86346 36.152084 -0.002198
241.86346 36.116528 0.002388
241.86346 36.08097 -0.000678
241.86346 36.045418 0.003912
241.86346 36.00986 0.017253
241.86346 35.974304 0.014151
241.86346 35.93875 0.017291
241.86346 35.903194 0.02134
241.86346 35.867638 0.02153
241.86346 35.832085 0.033086
241.86346 35.796528 0.031604
241.86346 35.76097 0.032443
241.86346 35.725418 0.030287
241.86346 35.68986 0.026335
241.86346 35.654305 0.02044
241.86346 35.61875 0.012166
241.86346 35.583195 -0.00231
241.86346 35.547638 -0.004275
241.86346 35.51208 -0.00141
241.86346 35.47653 0.000392
241.86346 35.44097 -0.005265
241.86346 35.40542 -0.000552
241.86346 35.36986 -0.012436
241.89902 36.152084 -0.002133
241.89902 36.116528 -0.000763
241.89902 36.08097 0.002466
241.89902 36.045418 0.011103
241.89902 36.00986 0.010118
241.89902 35.974304 0.011402
241.89902 35.93875 0.02668
241.89902 35.903194 0.025861
241.89902 35.867638 0.028995
241.89902 35.832085 0.034047
241.89902 35.796528 0.039644
241.89902 35.76097 0.050441
241.89902 35.68986 0.017648
241.89902 35.654305 0.01837
241.89902 35.61875 0.014545
241.89902 35.583195 -0.001373
241.89902 35.547638 -0.011829
241.89902 35.51208 -0.009716
241.89902 35.47653 -0.001265
241.89902 35.44097 -0.013824
241.89902 35.40542 -0.010358
241.89902 35.36986 -0.022287
241.89902 35.334305 -0.026911
241.93459 36.152084 -0.002794
241.93459 36.116528 0.002461
241.93459 36.08097 0.005614
241.93459 36.045418 0.012215
241.93459 36.00986 0.014317
241.93459 35.974304 0.0137
241.93459 35.93875 0.02874
241.93459 35.903194 0.027424
241.93459 35.867638 0.03358
241.93459 35.832085 0.046232
241.93459 35.796528 0.053208
241.93459 35.76097 0.052074
241.93459 35.725418 0.048557
241.93459 35.68986 0.020292
241.93459 35.654305 0.014974
241.93459 35.61875 0.014165
241.93459 35.583195 0.002999
241.93459 35.547638 -0.011468
241.93459 35.51208 -0.002341
241.93459 35.47653 -0.006834
241.93459 35.44097 -0.014773
241.93459 35.40542 -0.009476
241.93459 35.36986 -0.013766
241.93459 35.334305 -0.017658
241.97014 36.152084 -0.006314
241.97014 36.116528 -0.004794
241.97014 36.08097 0.002648
241.97014 36.045418 0.010817
241.97014 36.00986 0.016846
241.97014 35.974304 0.019025
241.97014 35.93875 0.027314
241.97014 35.903194 0.026942
241.97014 35.867638 0.046598
241.97014 35.832085 0.052195
241.97014 35.796528 0.056708
241.97014 35.76097 0.059549
241.97014 35.725418 0.051744
241.97014 35.68986 0.042832
241.97014 35.654305 0.020935
241.97014 35.61875 0.017777
241.97014 35.583195 0.012172
241.97014 35.547638 -0.00607
241.97014 35.51208 -0.004993
241.97014 35.47653 -0.004087
241.97014 35.44097 -0.007566
241.97014 35.40542 -0.007477
241.97014 35.36986 -0.016917
241.97014 35.334305 -0.022681
242.00569 36.152084 -0.004747
242.00569 36.116528 -0.005902
242.00569 36.08097 0.000909
242.00569 36.045418 -0.000573
242.00569 36.00986 0.00847
242.00569 35.974304 0.021136
242.00569 35.93875 0.031505
242.00569 35.903194 0.04866
242.00569 35.867638 0.052821
242.00569 35.832085 0.060723
242.00569 35.796528 0.053754
242.00569 35.76097 0.054425
242.00569 35.725418 0.057361
242.00569 35.68986 0.035865
242.00569 35.654305 0.029525
242.00569 35.61875 0.01375
242.00569 35.583195 -0.004004
242.00569 35.547638 -0.002496
242.00569 35.51208 -0.008174
242.00569 35.47653 -0.00889
242.00569 35.44097 -0.01419
242.00569 35.40542 -0.006986
242.00569 35.36986 -0.01456
242.00569 35.334305 -0.030465
242.04126 36.152084 -0.006993
242.04126 36.116528 0.00837
242.04126 36.08097 0.006665
242.04126 36.045418 0.004087
242.04126 36.00986 0.001797
242.04126 35.974304 0.010659
242.04126 35.93875 0.035406
242.04126 35.903194 0.049847
242.04126 35.867638 0.054501
242.04126 35.832085 0.056972
242.04126 35.76097 0.051651
242.04126 35.725418 0.039006
242.04126 35.68986 0.038313
242.04126 35.654305 0.02459
242.04126 35.61875 0.011621
242.04126 35.583195 -0.007158
242.04126 35.547638 -0.00163
242.04126 35.51208 -0.004904
242.04126 35.47653 -0.012175
242.04126 35.44097 -0.018936
242.04126 35.40542 -0.02291
242.04126 35.36986 -0.018886
242.04126 35.334305 -0.021552
242.07681 36.152084 0.006869
242.07681 36.116528 0.00762
242.07681 36.08097 0.003843
242.07681 36.045418 0.009782
242.07681 36.00986 0.018958
242.07681 35.974304 0.031577
242.07681 35.903194 0.054968
242.07681 35.867638 0.059025
242.07681 35.832085 0.064407
242.07681 35.68986 0.034718
242.07681 35.654305 0.026667
242.07681 35.61875 0.017897
242.07681 35.583195 0.005131
242.07681 35.547638 -0.00085
242.07681 35.51208 -0.010014
242.07681 35.47653 -0.014457
242.07681 35.44097 -0.019092
242.07681 35.40542 -0.018417
242.07681 35.36986 -0.030248
242.11237 36.152084 0.000147
242.11237 36.116528 0.003067
242.11237 36.08097 0.015327
242.11237 36.045418 0.00632
242.11237 36.00986 0.01979
242.11237 35.725418 0.063907
242.11237 35.654305 0.025321
242.11237 35.61875 0.02014
242.11237 35.583195 0.010361
242.11237 35.547638 -0.002885
242.11237 35.51208 -0.010408
242.11237 35.47653 -0.018566
242.11237 35.44097 -0.024594
242.11237 35.40542 -0.018375
242.11237 35.36986 -0.021369
242.11237 35.334305 -0.030337
242.14792 36.152084 -0.002901
242.14792 36.116528 0.004022
242.14792 36.08097 0.00228
242.14792 36.045418 -0.000323
242.14792 36.00986 0.008143
242.14792 35.68986 0.062973
242.14792 35.61875 0.029516
242.14792 35.583195 0.016235
242.14792 35.547638 0.007186
242.14792 35.51208 -0.002396
242.14792 35.47653 -0.018417
242.14792 35.44097 -0.022997
242.14792 35.40542 -0.022137
242.14792 35.36986 -0.034266
242.14792 35.334305 -0.029651
242.18347 36.152084 -0.00344
242.18347 36.116528 -0.000396
242.18347 36.08097 -0.003364
242.18347 36.045418 -0.002179
242.18347 36.00986 -0.003738
242.18347 35.61875 0.044459
242.18347 35.583195 0.028549
242.18347 35.547638 0.010164
242.18347 35.51208 -0.003691
242.18347 35.47653 -0.022395
242.18347 35.44097 -0.019634
242.18347 35.40542 -0.02581
242.18347 35.36986 -0.033489
242.18347 35.334305 -0.016546
242.21902 36.152084 -0.004919
242.21902 36.116528 -0.005187
242.21902 36.08097 0.0012
242.21902 36.045418 0.002133
242.21902 36.00986 0.010983
242.21902 35.547638 0.009666
242.21902 35.51208 -0.010065
242.21902 35.47653 -0.021716
242.21902 35.44097 -0.028968
242.21902 35.40542 -0.047209
242.21902 35.36986 -0.031279
242.21902 35.334305 -0.005421
242.25458 36.152084 -0.00138
242.25458 36.116528 0.003315
242.25458 36.08097 0.008925
242.25458 36.045418 0.006158
242.25458 36.00986 0.011587
242.25458 35.974304 0.020859
242.25458 35.547638 0.002344
242.25458 35.51208 -0.005832
242.25458 35.47653 -0.020049
242.25458 35.44097 -0.044982
242.25458 35.40542 -0.037305
242.25458 35.36986 -0.030055
242.25458 35.334305 -0.007372
242.29013 36.152084 -0.000504
242.29013 36.116528 0.00914
242.29013 36.08097 0.008221
242.29013 36.045418 0.005753
242.29013 36.00986 0.010259
242.29013 35.974304 0.015327
242.29013 35.47653 -0.039766
242.29013 35.44097 -0.038207
242.29013 35.40542 -0.037409
242.29013 35.36986 -0.020056
242.29013 35.334305 -0.011141
242.32568 36.152084 0.00435
242.32568 36.116528 0.014846
242.32568 36.08097 0.014672
242.32568 36.045418 0.022553
242.32568 36.00986 0.021549
242.32568 35.974304 0.019981
242.32568 35.47653 -0.039569
242.32568 35.44097 -0.045908
242.32568 35.40542 -0.031472
242.32568 35.36986 -0.023771
242.32568 35.334305 -0.021385
242.36125 36.152084 0.012917
242.36125 36.116528 0.021346
242.36125 36.08097 0.025263
242.36125 36.045418 0.026725
242.36125 36.00986 0.026919
242.36125 35.974304 0.029447
242.36125 35.51208 -0.044452
242.36125 35.47653 -0.048995
242.36125 35.44097 -0.049179
242.36125 35.40542 -0.03927
242.36125 35.36986 -0.024497
242.36125 35.334305 -0.019011
242.3968 36.152084 0.022821
242.3968 36.116528 0.024657
242.3968 36.08097 0.030217
242.3968 36.045418 0.033156
242.3968 36.00986 0.033646
242.3968 35.974304 0.039135
242.3968 35.547638 -0.061031
242.3968 35.51208 -0.05378
242.3968 35.47653 -0.060696
242.3968 35.44097 -0.048126
242.3968 35.40542 -0.03272
242.3968 35.36986 -0.027962
242.3968 35.334305 -0.020397
242.43236 36.152084 0.026389
242.43236 36.116528 0.033617
242.43236 36.08097 0.031821
242.43236 36.045418 0.036975
242.43236 36.00986 0.044821
242.43236 35.974304 0.050663
242.43236 35.93875 0.036349
242.43236 35.547638 -0.064724
242.43236 35.51208 -0.061469
242.43236 35.47653 -0.057775
242.43236 35.44097 -0.041475
242.43236 35.40542 -0.029305
242.43236 35.36986 -0.028035
242.43236 35.334305 -0.01804
242.46793 36.152084 0.035191
242.46793 36.116528 0.032815
242.46793 36.08097 0.033108
242.46793 36.045418 0.036206
242.46793 36.00986 0.049653
242.46793 35.974304 0.049207
242.46793 35.93875 0.043693
242.46793 35.547638 -0.054015
242.46793 35.51208 -0.065497
242.46793 35.47653 -0.051802
242.46793 35.44097 -0.030253
242.46793 35.40542 -0.02186
242.46793 35.36986 -0.02959
242.46793 35.334305 -0.019997
242.50348 36.152084 0.023376
242.50348 36.116528 0.025603
242.50348 36.08097 0.033229
242.50348 36.045418 0.040286
242.50348 36.00986 0.049582
242.50348 35.974304 0.038317
242.50348 35.93875 0.045257
242.50348 35.51208 -0.061237
242.50348 35.47653 -0.043913
242.50348 35.44097 -0.034222
242.50348 35.40542 -0.025991
242.50348 35.36986 -0.014062
242.50348 35.334305 -0.009598
242.53903 36.152084 0.019826
242.53903 36.116528 0.023541
242.53903 36.08097 0.029231
242.53903 36.045418 0.031335
242.53903 36.00986 0.03865
242.53903 35.974304 0.025432
242.53903 35.93875 0.020987
242.53903 35.47653 -0.050032
242.53903 35.44097 -0.026792
242.53903 35.40542 -0.009203
242.53903 35.36986 -0.003211
242.53903 35.334305 -0.000114
242.57458 36.152084 0.012951
242.57458 36.116528 0.016957
242.57458 36.08097 0.027684
242.57458 36.045418 0.035704
242.57458 36.00986 0.031716
242.57458 35.974304 0.016179
242.57458 35.93875 0.008061
242.57458 35.44097 -0.019074
242.57458 35.40542 -0.011914
242.57458 35.36986 -1.4e-05
242.57458 35.334305 0.000618
242.61014 36.152084 0.012869
242.61014 36.116528 0.019231
242.61014 36.08097 0.019204
242.61014 36.045418 0.023466
242.61014 36.00986 0.018146
242.61014 35.974304 0.018024
242.61014 35.93875 0.000189
242.61014 35.47653 -0.03151
242.61014 35.44097 -0.018648
242.61014 35.40542 -0.013296
242.61014 35.36986 -0.00541
242.61014 35.334305 0.000287
242.64569 36.152084 0.012457
242.64569 36.116528 0.020322
242.64569 36.08097 0.019617
242.64569 36.045418 0.018963
242.64569 36.00986 0.016024
242.64569 35.974304 0.012408
242.64569 35.93875 -0.009527
242.64569 35.47653 -0.03207
242.64569 35.44097 -0.021087
242.64569 35.40542 -0.012286
242.64569 35.36986 -0.006229
242.64569 35.334305 0.00111
242.68124 36.152084 0.007516
242.68124 36.116528 0.012668
242.68124 36.08097 0.021327
242.68124 36.045418 0.012102
242.68124 36.00986 0.007751
242.68124 35.974304 -0.000983
242.68124 35.93875 -0.01819
242.68124 35.47653 -0.029245
242.68124 35.44097 -0.026164
242.68124 35.40542 -0.015518
242.68124 35.36986 -0.006426
242.68124 35.334305 0.00105
242.7168 36.152084 0.010383
242.7168 36.116528 0.008785
242.7168 36.08097 0.011924
242.7168 36.045418 0.007375
242.7168 36.00986 -0.00046
242.7168 35.974304 -0.008031
242.7168 35.93875 -0.026287
242.7168 35.903194 -0.056344
242.7168 35.47653 -0.042516
242.7168 35.44097 -0.028417
242.7168 35.40542 -0.019751
242.7168 35.36986 -0.006505
242.7168 35.334305 -0.000661
242.75235 36.152084 0.013507
242.75235 36.116528 0.010962
242.75235 36.08097 0.00226
242.75235 36.045418 -0.007423
242.75235 36.00986 -0.015552
242.75235 35.974304 -0.020081
242.75235 35.93875 -0.038127
242.75235 35.903194 -0.055394
242.75235 35.832085 -0.107734
242.75235 35.796528 -0.128622
242.75235 35.47653 -0.046766
242.75235 35.44097 -0.030537
242.75235 35.40542 -0.018986
242.75235 35.36986 -0.00765
242.75235 35.334305 -0.001771
242.78792 36.152084 0.014194
242.78792 36.116528 0.007972
242.78792 36.08097 -0.002432
242.78792 36.045418 -0.005081
242.78792 36.00986 -0.021435
242.78792 35.974304 -0.02132
242.78792 35.93875 -0.04255
242.78792 35.903194 -0.058999
242.78792 35.832085 -0.100981
242.78792 35.796528 -0.121267
242.78792 35.76097 -0.13253
242.78792 35.725418 -0.145425
242.78792 35.68986 -0.160954
242.78792 35.654305 -0.166258
242.78792 35.61875 -0.162429
242.78792 35.51208 -0.07121
242.78792 35.47653 -0.049561
242.78792 35.44097 -0.034319
242.78792 35.40542 -0.016224
242.78792 35.36986 -0.010131
242.78792 35.334305 -0.003135
242.82347 36.152084 -0.005821
242.82347 36.116528 0.00012
242.82347 36.08097 -0.005533
242.82347 36.045418 -0.009958
242.82347 36.00986 -0.024058
242.82347 35.974304 -0.032464
242.82347 35.93875 -0.036961
242.82347 35.903194 -0.051331
242.82347 35.832085 -0.094942
242.82347 35.76097 -0.125875
242.82347 35.725418 -0.139439
242.82347 35.68986 -0.149102
242.82347 35.654305 -0.148339
242.82347 35.61875 -0.141837
242.82347 35.51208 -0.069737
242.82347 35.47653 -0.044003
242.82347 35.44097 -0.029345
242.82347 35.40542 -0.014405
242.82347 35.36986 -0.005885
242.82347 35.334305 -0.00102
242.85904 36.152084 -0.012981
242.85904 36.116528 -0.006367
242.85904 36.08097 -0.009447
242.85904 36.045418 -0.010415
242.85904 36.00986 -0.027806
242.85904 35.974304 -0.035917
242.85904 35.93875 -0.046221
242.85904 35.903194 -0.052361
242.85904 35.867638 -0.059639
242.85904 35.832085 -0.083712
242.85904 35.796528 -0.100733
242.85904 35.76097 -0.121736
242.85904 35.725418 -0.131574
242.85904 35.68986 -0.138407
242.85904 35.654305 -0.131515
242.85904 35.547638 -0.078808
242.85904 35.51208 -0.058647
242.85904 35.47653 -0.04633
242.85904 35.44097 -0.023839
242.85904 35.40542 -0.012356
242.85904 35.36986 -0.005486
242.85904 35.334305 0.001898
242.89459 36.152084 -0.01242
242.89459 36.116528 -0.01097
242.89459 36.08097 -0.014597
242.89459 36.045418 -0.023752
242.89459 36.00986 -0.025462
242.89459 35.974304 -0.032726
242.89459 35.93875 -0.042522
242.89459 35.903194 -0.056255
242.89459 35.867638 -0.060783
242.89459 35.832085 -0.076888
242.89459 35.796528 -0.086448
242.89459 35.654305 -0.113774
242.89459 35.61875 -0.102372
242.89459 35.583195 -0.083497
242.89459 35.547638 -0.072414
242.89459 35.51208 -0.052483
242.89459 35.47653 -0.039674
242.89459 35.44097 -0.024399
242.89459 35.40542 -0.013386
242.89459 35.36986 -0.00642
242.89459 35.334305 0.002485
242.93015 36.152084 -0.014594
242.93015 36.116528 -0.018509
242.93015 36.08097 -0.024346
242.93015 36.045418 -0.027533
242.93015 36.00986 -0.029839
242.93015 35.974304 -0.03391
242.93015 35.93875 -0.037662
242.93015 35.903194 -0.050741
242.93015 35.867638 -0.054511
242.93015 35.832085 -0.073501
242.93015 35.796528 -0.079377
242.93015 35.76097 -0.082215
242.93015 35.725418 -0.086862
242.93015 35.68986 -0.085286
242.93015 35.654305 -0.091674
242.93015 35.61875 -0.080913
242.93015 35.583195 -0.070196
242.93015 35.547638 -0.060004
242.93015 35.51208 -0.04756
242.93015 35.47653 -0.034489
242.93015 35.44097 -0.027411
242.93015 35.40542 -0.015524
242.93015 35.36986 -0.004504
242.93015 35.334305 0.000179
242.9657 36.152084 -0.022449
242.9657 36.116528 -0.026319
242.9657 36.08097 -0.021811
242.9657 36.045418 -0.023406
242.9657 36.00986 -0.030766
242.9657 35.974304 -0.032086
242.9657 35.93875 -0.034986
242.9657 35.903194 -0.040775
242.9657 35.867638 -0.045956
242.9657 35.832085 -0.060194
242.9657 35.796528 -0.07424
242.9657 35.76097 -0.079138
242.9657 35.725418 -0.076972
242.9657 35.68986 -0.077148
242.9657 35.654305 -0.0731
242.9657 35.61875 -0.069702
242.9657 35.583195 -0.059672
242.9657 35.547638 -0.050975
242.9657 35.51208 -0.047335
242.9657 35.47653 -0.031982
242.9657 35.44097 -0.025052
242.9657 35.40542 -0.019273
242.9657 35.36986 -0.011033
242.9657 35.334305 -0.001512
243.00125 36.152084 -0.028431
243.00125 36.116528 -0.032911
243.00125 36.08097 -0.02869
243.00125 36.045418 -0.026919
243.00125 36.00986 -0.026568
243.00125 35.974304 -0.031931
243.00125 35.93875 -0.036832
243.00125 35.903194 -0.042072
243.00125 35.867638 -0.047266
243.00125 35.832085 -0.051275
243.00125 35.796528 -0.064581
243.00125 35.76097 -0.063681
243.00125 35.725418 -0.072044
243.00125 35.68986 -0.070302
243.00125 35.654305 -0.062042
243.00125 35.61875 -0.058014
243.00125 35.583195 -0.049936
243.00125 35.547638 -0.046624
243.00125 35.51208 -0.036596
243.00125 35.47653 -0.035812
243.00125 35.44097 -0.020461
243.00125 35.40542 -0.018792
243.00125 35.36986 -0.011727
243.00125 35.334305 -0.001936
243.0368 36.152084 -0.023285
243.0368 36.116528 -0.020862
243.0368 36.08097 -0.020657
243.0368 36.045418 -0.023134
243.0368 36.00986 -0.027013
243.0368 35.974304 -0.028003
243.0368 35.93875 -0.02746
243.0368 35.903194 -0.03992
243.0368 35.867638 -0.041765
243.0368 35.832085 -0.048463
243.0368 35.796528 -0.052845
243.0368 35.76097 -0.057023
243.0368 35.725418 -0.057875
243.0368 35.68986 -0.06031
243.0368 35.654305 -0.053449
243.0368 35.61875 -0.049013
243.0368 35.583195 -0.042059
243.0368 35.547638 -0.03991
243.0368 35.51208 -0.031779
243.0368 35.47653 -0.032984
243.0368 35.44097 -0.023645
243.0368 35.40542 -0.014532
243.0368 35.36986 -0.009569
243.0368 35.334305 -0.003888
243.07236 36.152084 -0.018552
243.07236 36.116528 -0.01788
243.07236 36.08097 -0.013598
243.07236 36.045418 -0.020593
243.07236 36.00986 -0.019997
243.07236 35.974304 -0.020932
243.07236 35.93875 -0.015566
243.07236 35.903194 -0.026633
243.07236 35.867638 -0.034478
243.07236 35.832085 -0.036036
243.07236 35.796528 -0.047163
243.07236 35.76097 -0.046477
243.07236 35.725418 -0.042344
243.07236 35.68986 -0.050335
243.07236 35.654305 -0.048898
243.07236 35.61875 -0.042573
243.07236 35.583195 -0.039963
243.07236 35.547638 -0.035106
243.07236 35.51208 -0.028727
243.07236 35.47653 -0.02595
243.07236 35.44097 -0.020112
243.07236 35.40542 -0.014226
243.07236 35.36986 -0.005175
243.07236 35.334305 -0.002219
243.10791 36.116528 -0.014977
243.10791 36.08097 -0.010847
243.10791 36.045418 -0.015625
243.10791 36.00986 -0.017822
243.10791 35.974304 -0.014768
243.10791 35.93875 -0.013025
243.10791 35.903194 -0.021972
243.10791 35.867638 -0.026632
243.10791 35.832085 -0.037622
243.10791 35.796528 -0.038996
243.10791 35.76097 -0.04397
243.10791 35.725418 -0.043864
243.10791 35.68986 -0.042972
243.10791 35.654305 -0.044693
243.10791 35.61875 -0.03974
243.10791 35.583195 -0.035511
243.10791 35.547638 -0.031676
243.10791 35.51208 -0.029702
243.10791 35.47653 -0.021013
243.10791 35.44097 -0.017384
243.10791 35.40542 -0.011617
243.10791 35.36986 -0.004416
243.10791 35.334305 -0.001024
243.14346 35.974304 -0.008775
243.14346 35.93875 -0.010061
243.14346 35.903194 -0.028111
243.14346 35.867638 -0.039321
243.14346 35.832085 -0.030141
243.14346 35.796528 -0.026362
243.14346 35.76097 -0.034602
243.14346 35.725418 -0.038469
243.14346 35.68986 -0.040675
243.14346 35.654305 -0.041421
243.14346 35.61875 -0.036294
243.14346 35.583195 -0.029488
243.14346 35.547638 -0.022401
243.14346 35.51208 -0.028023
243.14346 35.47653 -0.018984
243.14346 35.44097 -0.015909
243.14346 35.40542 -0.008014
243.14346 35.36986 -0.002774
243.14346 35.334305 -0.000493
243.17903 36.152084 0.006139
243.17903 36.116528 0.003413
243.17903 36.08097 0.002463
243.17903 36.045418 0.010673
243.17903 35.974304 -0.010242
243.17903 35.93875 -0.013964
243.17903 35.903194 -0.027245
243.17903 35.867638 -0.026697
243.17903 35.832085 -0.02743
243.17903 35.796528 -0.024387
243.17903 35.76097 -0.025286
243.17903 35.725418 -0.03386
243.17903 35.68986 -0.034166
243.17903 35.654305 -0.03265
243.17903 35.61875 -0.031666
243.17903 35.583195 -0.024473
243.17903 35.547638 -0.01972
243.17903 35.51208 -0.020533
243.17903 35.47653 -0.0147
243.17903 35.44097 -0.013109
243.17903 35.40542 -0.004813
243.17903 35.36986 -0.004563
243.17903 35.334305 0.003817
