241.85458 35.343193 -0.004658468132447538
241.87236 35.343193 -0.004739473387734955
241.89014 35.734306 0.030188011505253368
241.89014 35.71653 0.029005508591073183
241.90791 35.734306 0.03331857964832039
241.90791 35.71653 0.03195190551839291
242.03236 35.805416 0.07541168700555062
242.03236 35.78764 0.07477483304286754
242.05014 35.805416 0.08478241196330982
242.05014 35.78764 0.08378063564022943
242.06792 35.94764 0.045560586330467175
242.06792 35.92986 0.05426482461932007
242.06792 35.805416 0.09560823749643453
242.06792 35.78764 0.0940995051110267
242.06792 35.76986 0.09091446766304817
242.06792 35.752083 0.08648206317793632
242.06792 35.734306 0.08110636480965731
242.06792 35.71653 0.07522440658284141
242.06792 35.343193 -0.00795863322187695
242.0857 35.94764 0.048809285969623285
242.0857 35.92986 0.05899834609911865
242.0857 35.805416 0.10815111947867753
242.0857 35.78764 0.10594143809104675
242.0857 35.76986 0.10171767282918713
242.0857 35.752083 0.09609549574566466
242.0857 35.734306 0.08954901344096788
242.0857 35.71653 0.08252755206930093
242.0857 35.343193 -0.008524931836981177
242.10347 35.983192 0.03297367545228921
242.10347 35.965416 0.04160766131583445
242.10347 35.94764 0.051997517895019454
242.10347 35.92986 0.06398482291864498
242.10347 35.912083 0.07704948936136596
242.10347 35.894306 0.09031989427924014
242.10347 35.87653 0.10263399451154322
242.10347 35.85875 0.11276851988956312
242.10347 35.840973 0.11972407330919238
242.10347 35.823193 0.1230528161956799
242.10347 35.805416 0.12281238423519383
242.10347 35.78764 0.11952883024081512
242.10347 35.76986 0.11391574640963181
242.10347 35.752083 0.10678321057249016
242.10347 35.69875 0.08200551727960233
242.10347 35.680973 0.073747374626086
242.12125 35.983192 0.03357471713503614
242.12125 35.965416 0.0431028789324754
242.12125 35.94764 0.05495632955189364
242.12125 35.92986 0.06908019248700914
242.12125 35.912083 0.08489414065048294
242.12125 35.894306 0.10129234430516385
242.12125 35.87653 0.11665792190286225
242.12125 35.85875 0.12923371301952738
242.12125 35.840973 0.13759375921046382
242.12125 35.823193 0.14111392432232076
242.12125 35.805416 0.14001582971006846
242.12125 35.78764 0.13516079144542353
242.12125 35.76986 0.12767109476217142
242.12125 35.752083 0.11861037849991216
242.12125 35.69875 0.08915946098995133
242.12125 35.680973 0.07977658871117313
242.13904 35.983192 0.03367316425436075
242.13904 35.965416 0.04403276727914658
242.13904 35.94764 0.0574388597891214
242.13904 35.92986 0.07404218975880097
242.13904 35.912083 0.09329414194419253
242.13904 35.894306 0.11380342806342864
242.13904 35.87653 0.1332935963632034
242.13904 35.85875 0.14914136818571644
242.13904 35.840973 0.1592482055883897
242.13904 35.823193 0.16278959925522837
242.13904 35.805416 0.16029351085188853
242.13904 35.78764 0.15318565645525958
242.13904 35.76986 0.14314169647241792
242.13904 35.752083 0.13162523121682432
242.13904 35.734306 0.11968588705130698
242.13904 35.71653 0.1079510518763977
242.13904 35.663193 0.07612521825202646
242.13904 35.645416 0.06664473755017465
242.1568 35.983192 0.033141966093320326
242.1568 35.965416 0.04415194219653353
242.1568 35.94764 0.059090647345276
242.1568 35.92986 0.07848128031526237
242.1568 35.912083 0.10199163987786579
242.1568 35.894306 0.12792815509805697
242.1568 35.87653 0.15305748973864014
242.1568 35.85875 0.1733781720505452
242.1568 35.840973 0.18567545072939914
242.1568 35.823193 0.18887701470629842
242.1568 35.805416 0.18411486518366255
242.1568 35.78764 0.1737597607421663
242.1568 35.76986 0.1603073557657144
242.1568 35.752083 0.14571604122337173
242.1568 35.734306 0.13122502291901322
242.1568 35.71653 0.11746645629034277
242.1568 35.663193 0.08174813412596826
242.1568 35.645416 0.07134199050449459
242.17459 35.983192 0.03187423706536442
242.17459 35.965416 0.04318698570360878
242.17459 35.94764 0.05943730085861973
242.17459 35.92986 0.0817932682907752
242.17459 35.912083 0.11049043429680815
242.17459 35.894306 0.14365818540374523
242.17459 35.87653 0.17669369597378537
242.17459 35.85875 0.2033026576240541
242.17459 35.840973 0.21835515073393316
242.17459 35.823193 0.220505321110909
242.17459 35.805416 0.21209094537863873
242.17459 35.78764 0.19707789214221386
242.17459 35.76986 0.17913204976794134
242.17459 35.752083 0.1607675137144887
242.17459 35.734306 0.14333896577253938
242.17459 35.71653 0.1273788201544256
242.17459 35.69875 0.11293090759615516
242.17459 35.680973 0.09980257964611272
242.17459 35.663193 0.08769882874349016
242.17459 35.645416 0.07635123572355351
242.19235 35.983192 0.02983315510141154
242.19235 35.965416 0.04087710993790338
242.19235 35.94764 0.057867347269748584
242.19235 35.92986 0.08302244969181706
242.19235 35.912083 0.11773915981677155
242.19235 35.894306 0.1604935355502498
242.19235 35.87653 0.20482611608621265
242.19235 35.85875 0.24048609384269387
242.19235 35.840973 0.2589537547976766
242.19235 35.823193 0.2586996225809919
242.19235 35.805416 0.2444816788907307
242.19235 35.78764 0.22292755689172705
242.19235 35.76986 0.19924405683256372
242.19235 35.752083 0.17643539858064758
242.19235 35.734306 0.1557773118205089
242.19235 35.71653 0.13753417529613696
242.19235 35.69875 0.12146185779570207
242.19235 35.680973 0.10711951446553532
242.19235 35.663193 0.0940141928471809
242.19235 35.645416 0.08173156921685633
242.21014 35.983192 0.0271325780517837
242.21014 35.965416 0.03709642276967869
242.21014 35.94764 0.053759731268895175
242.21014 35.92986 0.08082036063544115
242.21014 35.912083 0.12190999563852781
242.21014 35.894306 0.17716993339991235
242.21014 35.87653 0.23805406848848912
242.21014 35.85875 0.2872635570403929
242.21014 35.840973 0.3098205719242183
242.21014 35.823193 0.3045597596497933
242.21014 35.805416 0.2812556087909438
242.21014 35.78764 0.2507856570034486
242.21014 35.76986 0.22009627323274025
242.21014 35.752083 0.19232754014750977
242.21014 35.734306 0.1683202608272432
242.21014 35.71653 0.14785018693362287
242.21014 35.69875 0.13027174341957423
242.21014 35.680973 0.11483548907534166
242.21014 35.663193 0.10081222052407127
242.21014 35.645416 0.0876133495628722
242.21014 35.62764 0.07484562021567501
242.21014 35.60986 0.06236316883260215
242.21014 35.592083 0.05026537430034798
242.21014 35.574306 0.03880504580598353
242.22792 35.983192 0.02412328619393332
242.22792 35.965416 0.032025034061431375
242.22792 35.94764 0.04670825754453025
242.22792 35.92986 0.07356433924665799
242.22792 35.912083 0.1198920780284688
242.22792 35.894306 0.19048851614088266
242.22792 35.87653 0.27597706655255183
242.22792 35.85875 0.3462592479044203
242.22792 35.840973 0.3731692590849953
242.22792 35.823193 0.35805772711375417
242.22792 35.805416 0.321084712010402
242.22792 35.78764 0.2792433135568735
242.22792 35.76986 0.24069094382739836
242.22792 35.752083 0.20786910193514507
242.22792 35.734306 0.18069210497121016
242.22792 35.71653 0.15823563814049202
242.22792 35.69875 0.13938014955680694
242.22792 35.680973 0.12304119794933133
242.22792 35.663193 0.10822652717275233
242.22792 35.645416 0.09414598118536598
242.22792 35.62764 0.08028157415010823
242.22792 35.60986 0.06647151737063675
242.22792 35.592083 0.052905878719238686
242.22792 35.574306 0.039994231624553185
242.2457 35.94764 0.037003937759223615
242.2457 35.92986 0.0599602175685546
242.2457 35.912083 0.10719809370132909
242.2457 35.894306 0.19361299366294435
242.2457 35.87653 0.31577180814364664
242.2457 35.85875 0.4205757521158354
242.2457 35.840973 0.450307491694107
242.2457 35.823193 0.41673660107183214
242.2457 35.805416 0.36080730900214325
242.2457 35.78764 0.3061169586934323
242.2457 35.76986 0.2598882084284626
242.2457 35.752083 0.22259164667547476
242.2457 35.734306 0.19277496873295072
242.2457 35.71653 0.1687394965823115
242.2457 35.69875 0.14891874509310662
242.2457 35.680973 0.1319177529784437
242.2457 35.663193 0.11647353875974906
242.2457 35.645416 0.10155413212518138
242.2457 35.62764 0.086481823511149
242.2457 35.60986 0.07108268972548767
242.2457 35.592083 0.05570092055820344
242.2457 35.574306 0.040995951575460626
242.26347 35.94764 0.026263572464223298
242.26347 35.92986 0.040506034522266116
242.26347 35.912083 0.07924785726781393
242.26347 35.894306 0.17319462838103836
242.26347 35.87653 0.3471427245441094
242.26347 35.85875 0.512496414288945
242.26347 35.840973 0.5372605370190652
242.26347 35.823193 0.4723195930925478
242.26347 35.805416 0.39467978078983534
242.26347 35.78764 0.32870228533398066
242.26347 35.76986 0.27673958718417346
242.26347 35.752083 0.23633184527663617
242.26347 35.734306 0.20469530225207488
242.26347 35.71653 0.1795696798973667
242.26347 35.69875 0.15911383223088618
242.26347 35.680973 0.14171001158665
242.26347 35.663193 0.12582602708956342
242.26347 35.645416 0.11012226057706742
242.26347 35.62764 0.09368578444045646
242.26347 35.60986 0.0763231723377688
242.26347 35.592083 0.058629952948827724
242.26347 35.574306 0.04166699266462342
242.28125 35.94764 0.017797861886293995
242.28125 35.92986 0.019827919288526633
242.28125 35.912083 0.0372514536437938
242.28125 35.87653 0.3358104968634746
242.28125 35.85875 0.6171489531968025
242.28125 35.840973 0.6112517288673894
242.28125 35.823193 0.5076067488879474
242.28125 35.805416 0.4158147382962908
242.28125 35.78764 0.34515082007428005
242.28125 35.76986 0.2912020420239841
242.28125 35.752083 0.24953844316468843
242.28125 35.734306 0.21693926789968918
242.28125 35.71653 0.19112441147588496
242.28125 35.69875 0.17028200318868075
242.28125 35.680973 0.1527091335943806
242.28125 35.663193 0.1366029367100554
242.28125 35.645416 0.12019806117952497
242.28125 35.62764 0.10219091995287402
242.28125 35.60986 0.08232712221817633
242.28125 35.592083 0.061610965949214266
242.28125 35.574306 0.041761379030838236
242.28125 35.556526 0.024349991785786694
242.28125 35.53875 0.010249304558417454
242.28125 35.520973 -0.00042571099042604255
242.28125 35.503193 -0.00804176300431306
242.29903 35.94764 0.015631745567136528
242.29903 35.92986 0.007024863654445249
242.29903 35.912083 -0.0018289733812798196
242.29903 35.894306 0.007876521350944648
242.29903 35.87653 0.16874887146945833
242.29903 35.85875 0.6553450453057685
242.29903 35.840973 0.6049793932437625
242.29903 35.823193 0.5036856802563109
242.29903 35.805416 0.42153654997728346
242.29903 35.78764 0.35645038144611657
242.29903 35.76986 0.30471449602303347
242.29903 35.752083 0.26340201481767533
242.29903 35.734306 0.23035500768573486
242.29903 35.71653 0.20396102585157672
242.29903 35.69875 0.18278281848099956
242.29903 35.680973 0.1651992527762826
242.29903 35.663193 0.14913179052101974
242.29903 35.645416 0.1321880360581474
242.29903 35.62764 0.11236601139782958
242.29903 35.60986 0.08922317686211192
242.29903 35.592083 0.06444530240165716
242.29903 35.574306 0.04086548483091138
242.29903 35.556526 0.020825972858360867
242.29903 35.53875 0.005337409491820771
242.29903 35.520973 -0.0057475820011162184
242.29903 35.503193 -0.013152451719293924
242.3168 35.94764 0.02193698452772099
242.3168 35.92986 0.009758453561025693
242.3168 35.912083 -0.011677054653217691
242.3168 35.894306 -0.04687674066978408
242.3168 35.87653 -0.09378573144307019
242.3168 35.85875 0.1961964608593965
242.3168 35.840973 0.4637165834722335
242.3168 35.823193 0.4645500144617687
242.3168 35.805416 0.41800158086931555
242.3168 35.78764 0.36667643095033875
242.3168 35.76986 0.31983968114105127
242.3168 35.752083 0.279553894375061
242.3168 35.734306 0.24596567543292353
242.3168 35.71653 0.21867588804157795
242.3168 35.69875 0.19692709035127265
242.3168 35.680973 0.17937006802244132
242.3168 35.663193 0.16367603030761224
242.3168 35.645416 0.14654048536409608
242.3168 35.62764 0.12467878119823506
242.3168 35.60986 0.09711643720613516
242.3168 35.592083 0.06672058015566673
242.3168 35.574306 0.03830389295819023
242.3168 35.556526 0.015302457277460805
242.3168 35.53875 -0.0013645298865283834
242.3168 35.520973 -0.012440804189394354
242.3168 35.503193 -0.01921115841420299
242.33458 35.94764 0.03493638234778201
242.33458 35.92986 0.025978623951133484
242.33458 35.912083 0.008500196977081912
242.33458 35.894306 -0.022520568643111742
242.33458 35.87653 -0.07825374459901684
242.33458 35.85875 -0.1295922242851419
242.33458 35.840973 0.14164528653025274
242.33458 35.823193 0.39049034605952787
242.33458 35.805416 0.409453938552904
242.33458 35.78764 0.37867188964514137
242.33458 35.76986 0.3384347212090159
242.33458 35.752083 0.29926054772031485
242.33458 35.734306 0.2646076441705647
242.33458 35.71653 0.23573535100726142
242.33458 35.69875 0.2128679926070089
242.33458 35.680973 0.1951952127584184
242.33458 35.663193 0.18030036075192052
242.33458 35.645416 0.163694543472439
242.33458 35.62764 0.13975471196419706
242.33458 35.60986 0.10604889950536939
242.33458 35.592083 0.067614586859844
242.33458 35.574306 0.032994663292243036
242.33458 35.556526 0.0069975568120041135
242.33458 35.53875 -0.010240717670084673
242.33458 35.520973 -0.0206129520941509
242.33458 35.503193 -0.026180897307039014
242.35236 35.94764 0.04991455228463078
242.35236 35.92986 0.04576120344433907
242.35236 35.912083 0.034404331267970246
242.35236 35.894306 0.007846816258431326
242.35236 35.87653 -0.054358848886937636
242.35236 35.85875 -0.15575782486346063
242.35236 35.840973 -0.1807391365826884
242.35236 35.823193 0.10882079090561159
242.35236 35.805416 0.3612427339675978
242.35236 35.78764 0.3847951401693447
242.35236 35.76986 0.3586060654648655
242.35236 35.752083 0.32224877990731493
242.35236 35.734306 0.2864564169872387
242.35236 35.71653 0.25529637882938966
242.35236 35.69875 0.23052644056622162
242.35236 35.680973 0.21232844862798533
242.35236 35.663193 0.19865727237241682
242.35236 35.645416 0.18392356731992168
242.35236 35.62764 0.15851106371035475
242.35236 35.60986 0.11592442816192519
242.35236 35.592083 0.06548175846459729
242.35236 35.574306 0.0232891776192811
242.35236 35.556526 -0.004932649455670601
242.35236 35.53875 -0.02151412362390153
242.37015 35.94764 0.062389024971730156
242.37015 35.92986 0.06082115759015777
242.37015 35.912083 0.05105153054498277
242.37015 35.894306 0.022940003043249037
242.37015 35.87653 -0.03992791195497391
242.37015 35.85875 -0.13785857999235004
242.37015 35.840973 -0.2243702122117784
242.37015 35.823193 -0.21860409523395283
242.37015 35.805416 0.08449875126573968
242.37015 35.78764 0.34279243740096993
242.37015 35.76986 0.3692501045469682
242.37015 35.752083 0.34499398267723064
242.37015 35.734306 0.310418927592099
242.37015 35.71653 0.2770287767327048
242.37015 35.69875 0.24961124108846527
242.37015 35.680973 0.23014123652956092
242.37015 35.663193 0.21774452466561237
242.37015 35.645416 0.20685034704073652
242.37015 35.62764 0.1824281424088433
242.37015 35.60986 0.12627762692973551
242.37015 35.592083 0.05691821794453465
242.37015 35.574306 0.006999474453302611
242.37015 35.556526 -0.021011053478707936
242.37015 35.53875 -0.03500448008877547
242.38791 35.94764 0.07008771493992272
242.38791 35.92986 0.06851647510179934
242.38791 35.912083 0.05742508609610489
242.38791 35.894306 0.027671202844346994
242.38791 35.87653 -0.031006556487655886
242.38791 35.85875 -0.11708866807951722
242.38791 35.840973 -0.20768647688871375
242.38791 35.823193 -0.2702334037789505
242.38791 35.805416 -0.24687486859961152
242.38791 35.78764 0.06537525982015019
242.38791 35.76986 0.32784224243294247
242.38791 35.752083 0.3559815148473985
242.38791 35.734306 0.3326861554034735
242.38791 35.71653 0.29963618709697754
242.38791 35.69875 0.2695929606030071
242.38791 35.680973 0.24800959067259076
242.38791 35.663193 0.23596949329016736
242.38791 35.645416 0.2299973004547474
242.38791 35.62764 0.2134905755911863
242.38791 35.60986 0.1351551102930771
242.38791 35.592083 0.03499852113174636
242.38791 35.574306 -0.017386651409497876
242.4057 35.94764 0.07289955686821385
242.4057 35.92986 0.06989550626547504
242.4057 35.912083 0.05690727373692586
242.4057 35.894306 0.027000143167472533
242.4057 35.87653 -0.025748278908480485
242.4057 35.85875 -0.09961256525271013
242.4057 35.840973 -0.18212529077985015
242.4057 35.823193 -0.25640525900491934
242.4057 35.805416 -0.3030984179437465
242.4057 35.78764 -0.26979338709933887
242.4057 35.76986 0.0475263395529776
242.4057 35.752083 0.3132185741354124
242.4057 35.734306 0.3422780570695179
242.4057 35.71653 0.3197902434711576
242.4057 35.69875 0.2896490231992859
242.4057 35.680973 0.26612408770376356
242.4057 35.663193 0.25313259963400975
242.4057 35.645416 0.24833019402819717
242.4057 35.62764 0.2484387251558638
242.4057 35.60986 0.12998125011563888
242.4057 35.592083 -0.00934174879559588
242.4057 35.574306 -0.046967385281880394
242.42346 35.912083 0.05255517406017614
242.42346 35.894306 0.02369873121150501
242.42346 35.87653 -0.02296498416192358
242.42346 35.85875 -0.08600162192818125
242.42346 35.840973 -0.15817825378533124
242.42346 35.823193 -0.22981466315655372
242.42346 35.805416 -0.2913759038479702
242.42346 35.78764 -0.32830007220962854
242.42346 35.76986 -0.2891437587915886
242.42346 35.752083 0.03095140229573648
242.42346 35.734306 0.29792921356943625
242.42346 35.71653 0.32709333731061446
242.42346 35.69875 0.30695199870710005
242.42346 35.680973 0.28514028384659607
242.42346 35.663193 0.27369864837317487
242.42346 35.645416 0.26660242745682
242.42346 35.62764 0.25896292241819285
242.42346 35.60986 -0.022525058050951348
242.42346 35.592083 -0.05375693606204679
242.42346 35.574306 -0.07171808644637177
242.44125 35.912083 0.04632358910084157
242.44125 35.894306 0.01919771687891573
242.44125 35.87653 -0.02182015099930448
242.44125 35.85875 -0.07563705792828504
242.44125 35.840973 -0.1378721198908158
242.44125 35.823193 -0.20270958926524288
242.44125 35.805416 -0.26458669053107253
242.44125 35.78764 -0.31756701343267474
242.44125 35.76986 -0.3486413382401314
242.44125 35.752083 -0.30672767905065373
242.44125 35.734306 0.013360449343277977
242.44125 35.71653 0.2810141611823249
242.44125 35.69875 0.31160485223605544
242.44125 35.680973 0.3032017181952304
242.44125 35.663193 0.30448882567606117
242.44125 35.645416 0.3064072902178756
242.44125 35.62764 -0.09143179077023995
242.44125 35.60986 -0.05023310783258144
242.44125 35.592083 -0.06810559885274022
242.44125 35.574306 -0.08830561691990918
242.45903 35.912083 0.0393479424904523
242.45903 35.894306 0.014231850773286746
242.45903 35.87653 -0.021800373995306106
242.45903 35.85875 -0.06793034015712955
242.45903 35.840973 -0.12139825122236678
242.45903 35.823193 -0.17856384956873436
242.45903 35.805416 -0.23594491675966972
242.45903 35.78764 -0.2905137920637072
242.45903 35.76986 -0.33771966480913385
242.45903 35.752083 -0.3652150685090434
242.45903 35.734306 -0.32229410919073853
242.45903 35.71653 -0.004009582466012805
242.45903 35.69875 0.26328548274487107
242.45903 35.680973 0.3077278453545709
242.45903 35.663193 0.34656630538030975
242.45903 35.645416 0.3670366235930494
242.45903 35.62764 -0.04386008979626232
242.45903 35.60986 -0.056020616193354536
242.45903 35.592083 -0.0839799907012939
242.45903 35.574306 -0.1062637877087258
242.4768 35.912083 0.03220342632762913
242.4768 35.894306 0.009125888068981338
242.4768 35.87653 -0.022608789572985177
242.4768 35.85875 -0.062380744733685066
242.4768 35.840973 -0.10838324846192211
242.4768 35.823193 -0.1582296648351431
242.4768 35.805416 -0.20966305450523484
242.4768 35.78764 -0.26086528684614707
242.4768 35.76986 -0.3098851965979925
242.4768 35.752083 -0.3527985262342733
242.4768 35.734306 -0.3776257153482688
242.4768 35.71653 -0.3346756663765441
242.4768 35.69875 -0.020865383523290315
242.4768 35.680973 0.25032847629892396
242.4768 35.663193 0.4013456965818258
242.4768 35.645416 0.035399785183514595
242.4768 35.62764 -0.005764656156368727
242.4768 35.60986 -0.062421728349311145
242.4768 35.592083 -0.11038755156613338
242.4768 35.574306 -0.1329248361219268
242.49458 35.912083 0.025162380017488613
242.49458 35.894306 0.004006478719395289
242.49458 35.87653 -0.02408444096953491
242.49458 35.85875 -0.05863684908989297
242.49458 35.840973 -0.09841311227383356
242.49458 35.823193 -0.14180385055271744
242.49458 35.805416 -0.18722748600384487
242.49458 35.78764 -0.23350500989316197
242.49458 35.76986 -0.27957196144957985
242.49458 35.752083 -0.3239197581456207
242.49458 35.734306 -0.36280700666989407
242.49458 35.71653 -0.3845195200496056
242.49458 35.69875 -0.34055693255303193
242.49458 35.680973 -0.03608967090371211
242.49458 35.663193 0.07641873055972333
242.49458 35.645416 0.0985832457106646
242.49458 35.62764 0.022038274567362334
242.49458 35.60986 -0.07962398319708953
242.49458 35.592083 -0.15137904464900118
242.49458 35.574306 -0.1698634703425492
242.49458 35.556526 -0.15296799581817672
242.49458 35.53875 -0.12475059490588275
242.51236 35.912083 0.018330650338068737
242.51236 35.894306 -0.001094503509065323
242.51236 35.87653 -0.026142251499840688
242.51236 35.85875 -0.05644595732300645
242.51236 35.840973 -0.09112545401675395
242.51236 35.823193 -0.12906982649705764
242.51236 35.805416 -0.1691079840515367
242.51236 35.78764 -0.21042578905561685
242.51236 35.76986 -0.25233493116025113
242.51236 35.752083 -0.29418220384224797
242.51236 35.734306 -0.334724270973906
242.51236 35.71653 -0.37092374166926223
242.51236 35.69875 -0.3946748514840599
242.51236 35.680973 -0.38513445401164176
242.51236 35.663193 -0.15111258556914445
242.51236 35.645416 0.09180218453600894
242.51236 35.62764 0.034340688072949765
242.51236 35.60986 -0.11399474342768966
242.51236 35.592083 -0.21138672658768864
242.51236 35.574306 -0.2136526436357446
242.51236 35.556526 -0.1738418882568226
242.51236 35.53875 -0.13147127641776973
242.53014 35.912083 0.011736820273125318
242.53014 35.894306 -0.006180097150155108
242.53014 35.87653 -0.02872044296419502
242.53014 35.85875 -0.055603017384733174
242.53014 35.840973 -0.08618593910145292
242.53014 35.823193 -0.11969727831932711
242.53014 35.805416 -0.15525815760843978
242.53014 35.78764 -0.19227988374209515
242.53014 35.76986 -0.23036562693148005
242.53014 35.752083 -0.2693184916007829
242.53014 35.734306 -0.3090903846124773
242.53014 35.71653 -0.35023870055605216
242.53014 35.69875 -0.39536142539475955
242.53014 35.680973 -0.446691458112987
242.53014 35.663193 -0.43887074543128535
242.53014 35.645416 -0.1530817892250005
242.53014 35.62764 0.015552178534028951
242.53014 35.60986 -0.16925431282460943
242.53014 35.592083 -0.2897284666782591
242.53014 35.574306 -0.25074301631804025
242.53014 35.556526 -0.18278462237918666
242.53014 35.53875 -0.12950793481952536
242.53014 35.520973 -0.09273797627438908
242.53014 35.503193 -0.06790864914777939
242.54791 35.912083 0.005380520665431021
242.54791 35.894306 -0.011254445224321447
242.54791 35.87653 -0.03175689279643153
242.54791 35.85875 -0.05591513868645884
242.54791 35.840973 -0.0832669706288956
242.54791 35.823193 -0.11324780564717844
242.54791 35.805416 -0.14527493330366237
242.54791 35.78764 -0.17892647092780364
242.54791 35.76986 -0.21401853457038386
242.54791 35.752083 -0.2507032653128754
242.54791 35.734306 -0.28947687334340955
242.54791 35.71653 -0.3317840757049248
242.54791 35.69875 -0.3797360015702427
242.54791 35.680973 -0.4303780385285349
242.54791 35.663193 -0.45923920970925286
242.54791 35.645416 -0.4170539341256334
242.54791 35.62764 -0.17681363536415257
242.54791 35.60986 -0.24670109168276003
242.54791 35.592083 -0.3552655151716361
242.54791 35.574306 -0.2511586654501785
242.54791 35.556526 -0.16948356241968973
242.54791 35.53875 -0.11673798293444775
242.54791 35.520973 -0.08272712156264729
242.54791 35.503193 -0.060407614761940384
242.5657 35.912083 -0.0007480874144436822
242.5657 35.894306 -0.016312735129161763
242.5657 35.87653 -0.035174678016718454
242.5657 35.85875 -0.05718070085341522
242.5657 35.840973 -0.08201144489421877
242.5657 35.823193 -0.10925164147985883
242.5657 35.805416 -0.1385759631027006
242.5657 35.78764 -0.1697056058744379
242.5657 35.76986 -0.20261442918387362
242.5657 35.752083 -0.23765518249728707
242.5657 35.734306 -0.2753602357254437
242.5657 35.71653 -0.31667545942629605
242.5657 35.69875 -0.36146962885538114
242.5657 35.680973 -0.4045356391334875
242.5657 35.663193 -0.43159682808433464
242.5657 35.645416 -0.4229054030503172
242.5657 35.62764 -0.3428164911007016
242.5657 35.60986 -0.23164813890041908
242.5657 35.592083 -0.2799661959643551
242.5657 35.574306 -0.1955674141655656
242.5657 35.556526 -0.1368306467023062
242.5657 35.53875 -0.09726614462039013
242.5657 35.520973 -0.07061566702207937
242.5657 35.503193 -0.05254019630766453
242.5657 35.485416 -0.04013276559964829
242.5657 35.46764 -0.03147842401848826
242.58347 35.912083 -0.006630971279158428
242.58347 35.894306 -0.02131237942518284
242.58347 35.87653 -0.03885960106333723
242.58347 35.85875 -0.05917007410278275
242.58347 35.840973 -0.08203808960043198
242.58347 35.823193 -0.10720092825059187
242.58347 35.805416 -0.13446897175793138
242.58347 35.78764 -0.16372395838570822
242.58347 35.76986 -0.19503925359564947
242.58347 35.752083 -0.22878815347030765
242.58347 35.734306 -0.26536142382649364
242.58347 35.71653 -0.3050593859702017
242.58347 35.69875 -0.3467242838729484
242.58347 35.680973 -0.38564604627794047
242.58347 35.663193 -0.41275853436942656
242.58347 35.645416 -0.4161877246613277
242.58347 35.62764 -0.37816286560179546
242.58347 35.60986 -0.26471657467807264
242.58347 35.592083 -0.17920236951202714
242.58347 35.574306 -0.14084011229450183
242.58347 35.556526 -0.10738936075227122
242.58347 35.53875 -0.08072167440270049
242.58347 35.520973 -0.06090169614706936
242.58347 35.503193 -0.04658880913373528
242.58347 35.485416 -0.03633593464295182
242.58347 35.46764 -0.028966672731768277
242.60126 35.912083 -0.012273220877532909
242.60126 35.894306 -0.02622501092664796
242.60126 35.87653 -0.04271260690877458
242.60126 35.85875 -0.06167811471051464
242.60126 35.840973 -0.08300297065867558
242.60126 35.823193 -0.10654035076613279
242.60126 35.805416 -0.13220684086176693
242.60126 35.78764 -0.15999035172144407
242.60126 35.76986 -0.1900207443394208
242.60126 35.752083 -0.22260944993990872
242.60126 35.734306 -0.257993416629823
242.60126 35.71653 -0.2960965987379648
242.60126 35.69875 -0.3356613312239884
242.60126 35.680973 -0.3733050713265703
242.60126 35.663193 -0.40350126913043893
242.60126 35.645416 -0.4187866723456084
242.60126 35.62764 -0.4042638880535823
242.60126 35.60986 -0.32280065379037
242.60126 35.592083 -0.20475669574422167
242.60126 35.574306 -0.13637290368541255
242.60126 35.556526 -0.09920593812627085
242.60126 35.53875 -0.07460591212709261
242.60126 35.520973 -0.05702318739008797
242.60126 35.503193 -0.04425858289706031
242.61902 35.912083 -0.01762994920418143
242.61902 35.894306 -0.030973551339001024
242.61902 35.87653 -0.046595298793263115
242.61902 35.85875 -0.06447423895293616
242.61902 35.840973 -0.08455537859850694
242.61902 35.823193 -0.10677461467758223
242.61902 35.805416 -0.13112116804108986
242.61902 35.78764 -0.1576390965002017
242.61902 35.76986 -0.1864758060207783
242.61902 35.752083 -0.21783847281343363
242.61902 35.734306 -0.2518486618890127
242.61902 35.71653 -0.2882312459114346
242.61902 35.69875 -0.32583977197386826
242.61902 35.680973 -0.3621195493410098
242.61902 35.663193 -0.39267603802269196
242.61902 35.645416 -0.40974103359556063
242.61902 35.62764 -0.3969014224359025
242.61902 35.60986 -0.33190837067567447
242.61902 35.592083 -0.23409847834419878
242.61902 35.574306 -0.1563934846296317
242.61902 35.556526 -0.10864097091987279
242.61902 35.53875 -0.07910417904207065
242.61902 35.520973 -0.05956729965698941
242.61902 35.503193 -0.045998534047433405
242.63681 35.912083 -0.022684288293104097
242.63681 35.894306 -0.035507693746760494
242.63681 35.87653 -0.05039574171108683
242.63681 35.85875 -0.06736232010750458
242.63681 35.840973 -0.08639156002842058
242.63681 35.823193 -0.10747861545996423
242.63681 35.805416 -0.13064268578315905
242.63681 35.78764 -0.1559496709007439
242.63681 35.76986 -0.1835213129983955
242.63681 35.752083 -0.21345993644459252
242.63681 35.734306 -0.2457405945625908
242.63681 35.71653 -0.27994708660992546
242.63681 35.69875 -0.31492193517006606
242.63681 35.680973 -0.3482593863030997
242.63681 35.663193 -0.3755604300564932
242.63681 35.645416 -0.3887713166828141
242.63681 35.62764 -0.3747733475642216
242.63681 35.60986 -0.32307721605678685
242.63681 35.592083 -0.24662518421590024
242.63681 35.574306 -0.1753948505879961
242.63681 35.556526 -0.12381140462557555
242.63681 35.53875 -0.08951227171273642
242.63681 35.520973 -0.06666275095902303
242.63681 35.503193 -0.051018885891399135
242.65459 35.912083 -0.027393824707884436
242.65459 35.894306 -0.03975214687897239
242.65459 35.87653 -0.05399540911034781
242.65459 35.85875 -0.07015893216937794
242.65459 35.840973 -0.08824998930243078
242.65459 35.823193 -0.10829367782300137
242.65459 35.805416 -0.1303151921212611
242.65459 35.78764 -0.1543699031529681
242.65459 35.76986 -0.1805236574339637
242.65459 35.752083 -0.20876583008351207
242.65459 35.734306 -0.23891987742552587
242.65459 35.71653 -0.2704086830542694
242.65459 35.69875 -0.30194780624371564
242.65459 35.680973 -0.331053665830444
242.65459 35.663193 -0.35338322096298236
242.65459 35.645416 -0.3619114922353335
242.65459 35.62764 -0.34782212262891865
242.65459 35.60986 -0.3066583528440622
242.65459 35.592083 -0.2470136931470755
242.65459 35.574306 -0.18645954514370044
242.65459 35.556526 -0.1370481410942481
242.65459 35.53875 -0.10098676722074235
242.65459 35.520973 -0.07566138807568819
242.65459 35.503193 -0.05790439882474816
242.67236 35.912083 -0.03173296124270562
242.67236 35.894306 -0.04365526935571681
242.67236 35.87653 -0.05730509479723915
242.67236 35.85875 -0.0727246014208147
242.67236 35.840973 -0.08993294341880362
242.67236 35.823193 -0.10895922726585448
242.67236 35.805416 -0.1298185509656415
242.67236 35.78764 -0.1525337988389423
242.67236 35.76986 -0.17709693176456384
242.67236 35.752083 -0.20338459044019738
242.67236 35.734306 -0.23107444719994064
242.67236 35.71653 -0.2594348002741581
242.67236 35.69875 -0.2870623949844038
242.67236 35.680973 -0.3114877785123265
242.67236 35.663193 -0.3288015912360188
242.67236 35.645416 -0.33356790422477794
242.67236 35.62764 -0.32029752568422937
242.67236 35.60986 -0.287303934089399
242.67236 35.592083 -0.24035248372884171
242.67236 35.574306 -0.19022648968211636
242.67236 35.556526 -0.14582012095752805
242.67236 35.53875 -0.11069461643496711
242.67236 35.520973 -0.08445426209480797
242.67236 35.503193 -0.06527595997748148
242.69014 35.912083 -0.03567949170983578
242.69014 35.894306 -0.04717749863308258
242.69014 35.87653 -0.060254964084683574
242.69014 35.85875 -0.07495481608870501
242.69014 35.840973 -0.09129595875942108
242.69014 35.823193 -0.10929816327127984
242.69014 35.805416 -0.128951507583049
242.69014 35.78764 -0.15023431007014768
242.69014 35.76986 -0.1730629245919756
242.69014 35.752083 -0.19721145513638982
242.69014 35.734306 -0.22223636561456125
242.69014 35.71653 -0.24729674854232184
242.69014 35.69875 -0.2709560533524997
242.69014 35.680973 -0.2909231753332347
242.69014 35.663193 -0.3039495391775118
242.69014 35.645416 -0.3061030449281276
242.69014 35.62764 -0.2940739380936287
242.69014 35.60986 -0.26739458297644564
242.69014 35.592083 -0.2300071845840941
242.69014 35.574306 -0.18881844468433537
242.69014 35.556526 -0.15017370668365781
242.69014 35.53875 -0.11759488285001124
242.69014 35.520973 -0.09182974174268657
242.69014 35.503193 -0.07212636102292037
242.70792 35.87653 -0.0627964408512411
242.70792 35.85875 -0.07678297216886532
242.70792 35.840973 -0.09225457343594407
242.70792 35.823193 -0.1092124710526156
242.70792 35.805416 -0.12761717127776337
242.70792 35.78764 -0.14739651234482642
242.70792 35.76986 -0.168400990926446
242.70792 35.752083 -0.19032277347551813
242.70792 35.734306 -0.2126354154050197
242.70792 35.71653 -0.23445330847788096
242.70792 35.69875 -0.25439921219193523
242.70792 35.680973 -0.27047458882645137
242.70792 35.663193 -0.28012045813297687
242.70792 35.645416 -0.2805891009006695
242.70792 35.62764 -0.26991142932933104
242.70792 35.60986 -0.24813644858946338
242.70792 35.592083 -0.21801796088639241
242.70792 35.574306 -0.18414149352848133
242.70792 35.556526 -0.151024092851473
242.70792 35.53875 -0.12168753354098272
242.70792 35.520973 -0.09732798680047049
242.70792 35.503193 -0.07788519059707574
242.7257 35.87653 -0.06490498187833418
242.7257 35.85875 -0.07817646775642
242.7257 35.840973 -0.09277000559527303
242.7257 35.823193 -0.10866538558745237
242.7257 35.805416 -0.12579486685543753
242.7257 35.78764 -0.14403415381390638
242.7257 35.76986 -0.16318711983077058
242.7257 35.752083 -0.18288918643362248
242.7257 35.734306 -0.2025737972956308
242.7257 35.71653 -0.22136888419991912
242.7257 35.69875 -0.23802415191435358
242.7257 35.680973 -0.250871100061471
242.7257 35.663193 -0.25795916815537817
242.7257 35.645416 -0.25739907751932267
242.7257 35.62764 -0.24802781166685317
242.7257 35.60986 -0.2300977258277242
242.7257 35.592083 -0.20556594083639643
242.7257 35.574306 -0.17757199662751086
242.7257 35.556526 -0.14936820652497593
242.7257 35.53875 -0.12340211178352818
242.7257 35.520973 -0.10094846214462334
242.7257 35.503193 -0.08233138191394779
242.74347 35.87653 -0.06656971712787668
242.74347 35.85875 -0.0791257572820198
242.74347 35.76986 -0.1575490380369274
242.74347 35.752083 -0.17511629329209705
242.74347 35.734306 -0.1923492559092367
242.74347 35.71653 -0.20843027596388114
242.74347 35.69875 -0.22226941649632376
242.74347 35.680973 -0.23251637833506025
242.74347 35.663193 -0.23771176750960438
242.74347 35.645416 -0.236565290730296
242.74347 35.62764 -0.2284070700483176
242.74347 35.60986 -0.2135204393891837
242.74347 35.592083 -0.19333532571354292
242.74347 35.574306 -0.17003960679708585
242.74347 35.556526 -0.1460442493971332
242.74347 35.53875 -0.12327372606623889
242.74347 35.520973 -0.10291531202561957
242.74347 35.503193 -0.08546860398516434
242.76126 35.87653 -0.06780624068166963
242.76126 35.85875 -0.07964020564659807
242.76126 35.76986 -0.15162016491681582
242.76126 35.752083 -0.16719256401197455
242.76126 35.734306 -0.18220007390264426
242.76126 35.71653 -0.19590660205590363
242.76126 35.69875 -0.20738674256292705
242.76126 35.680973 -0.21557201428254313
242.76126 35.663193 -0.2193809994103295
242.76126 35.645416 -0.21793386266912318
242.76126 35.62764 -0.21085127919233923
242.76126 35.60986 -0.1983931614365768
242.76126 35.592083 -0.18162580201800532
242.76126 35.574306 -0.16211312497261512
242.76126 35.556526 -0.141668020606584
242.76126 35.53875 -0.12179326922423578
242.76126 35.520973 -0.10352772303142638
242.76126 35.503193 -0.08742405579880351
242.77902 35.87653 -0.068635331264425
242.77902 35.85875 -0.07973716307307144
242.77902 35.592083 -0.1706081070946657
242.77902 35.574306 -0.1541735770820779
242.77902 35.556526 -0.1366951779091638
242.77902 35.53875 -0.11937206789417788
242.79681 35.87653 -0.06909849184554938
242.79681 35.85875 -0.07947587281382258
242.79681 35.592083 -0.16033492222252277
242.79681 35.574306 -0.14640219415485783
242.79681 35.556526 -0.1314142881063646
242.79681 35.53875 -0.11631556238933194
242.81458 35.87653 -0.06923068121993184
242.81458 35.85875 -0.0789017597082617
242.81458 35.805416 -0.1110173482586567
242.81458 35.78764 -0.12226538453297911
242.81458 35.592083 -0.15084728110781423
242.81458 35.574306 -0.13895766876423143
242.81458 35.556526 -0.12605125034750755
242.81458 35.53875 -0.11287046736296086
242.83237 35.87653 -0.0690759642936173
242.83237 35.85875 -0.07806451618239692
242.83237 35.805416 -0.10744275429970362
242.83237 35.78764 -0.11754983319019217
242.83237 35.592083 -0.1420827402106506
242.83237 35.574306 -0.1318872933818635
242.83237 35.556526 -0.12072264420432431
242.83237 35.53875 -0.10919684980340537
242.85013 35.62764 -0.14715145822696174
242.85013 35.60986 -0.1414677033350445
242.85013 35.592083 -0.13402924830961127
242.85013 35.574306 -0.12523382374368444
242.86792 35.62764 -0.1379667819159831
242.86792 35.60986 -0.1330407409059647
242.86792 35.592083 -0.12660770457239306
242.86792 35.574306 -0.11898079776013837
242.8857 35.76986 -0.11096529336957114
242.8857 35.752083 -0.11738017964680279
242.8857 35.734306 -0.12302240635712934
242.8857 35.71653 -0.12766882001247884
242.8857 35.69875 -0.1310970111453003
242.8857 35.680973 -0.133113912940225
242.90347 35.76986 -0.10598611555680092
242.90347 35.752083 -0.11165338589809676
242.90347 35.734306 -0.11659731280299218
242.90347 35.71653 -0.12063314519526787
242.90347 35.69875 -0.12357832261768854
242.90347 35.680973 -0.12527644495727214
243.09903 36.160973 -0.016991873294830942
243.09903 36.143192 -0.018370936575441754
243.1168 36.160973 -0.01752814789030597
243.1168 36.143192 -0.01888047964207709
243.13458 36.160973 -0.018014353492114308
243.13458 36.143192 -0.019337544099434372
243.13458 36.125416 -0.02076235251644499
243.13458 36.10764 -0.022291143267949128
243.13458 36.089863 -0.023925092886647327
243.13458 36.072083 -0.02566455249060127
243.13458 36.054306 -0.027507767659024386
243.13458 36.03653 -0.029410168113964415
243.13458 36.01875 -0.031492867180669966
243.13458 36.000973 -0.03362388983552908
243.15236 36.160973 -0.0184533312575687
243.15236 36.143192 -0.019745706173846994
243.15236 36.125416 -0.021132360190692503
243.15236 36.10764 -0.02261489391291755
243.15236 36.089863 -0.024193791086245434
243.15236 36.072083 -0.025868942550471778
243.15236 36.054306 -0.027637745678916414
243.15236 36.03653 -0.029441744392531166
243.15236 36.01875 -0.03144259136578636
243.15236 36.000973 -0.033467478740688
243.17014 36.01875 -0.03135429142460172
243.17014 36.000973 -0.0332774554521157
241.82791 36.152084 0.00035379572782309743
241.82791 36.116528 0.002059413303695329
241.82791 36.08097 0.0041106257327320084
241.82791 36.045418 0.006509796913187571
241.82791 36.00986 0.009219925718209189
241.82791 35.974304 0.012126115751038441
241.82791 35.93875 0.015064149651787774
241.82791 35.903194 0.01778862798413721
241.82791 35.867638 0.020057005637672203
241.82791 35.832085 0.02159192709662925
241.82791 35.796528 0.022289379664181645
241.82791 35.76097 0.022040109321919583
241.82791 35.725418 0.020939546125744016
241.82791 35.68986 0.01912523408101846
241.82791 35.654305 0.016773824210396172
241.82791 35.61875 0.014048825697818708
241.82791 35.583195 0.01114407248902721
241.82791 35.547638 0.008208716225159127
241.82791 35.51208 0.005391159860993281
241.82791 35.47653 0.0027708757946791427
241.82791 35.44097 0.00041070588815733493
241.82791 35.40542 -0.0016642617785928484
241.82791 35.36986 -0.0034405044638600776
241.82791 35.334305 -0.00492951989525617
241.86346 36.152084 0.0008641282606591943
241.86346 36.116528 0.0027301505461357362
241.86346 36.08097 0.005042702277216095
241.86346 36.045418 0.007828368697954542
241.86346 36.00986 0.011061003700269351
241.86346 35.974304 0.014621564040602534
241.86346 35.93875 0.018287345641553307
241.86346 35.903194 0.021736741877319152
241.86346 35.867638 0.02459651818727432
241.86346 35.832085 0.026561853736731374
241.86346 35.796528 0.027406068178744407
241.86346 35.76097 0.027015690916403996
241.86346 35.725418 0.025563510043216914
241.86346 35.68986 0.02325789324274869
241.86346 35.654305 0.020281061030356207
241.86346 35.61875 0.01690413738796085
241.86346 35.583195 0.013368248310311989
241.86346 35.547638 0.009856508718785852
241.86346 35.51208 0.006536788726752564
241.86346 35.47653 0.003497657424141508
241.86346 35.44097 0.000806016048416739
241.86346 35.40542 -0.0015147939639828713
241.86346 35.36986 -0.0034632793470756327
241.89902 36.152084 0.0013494095981751442
241.89902 36.116528 0.0033818373549489803
241.89902 36.08097 0.005975986352069711
241.89902 36.045418 0.00919923164312362
241.89902 36.00986 0.013047970532701103
241.89902 35.974304 0.017420444336131984
241.89902 35.93875 0.022044116401910813
241.89902 35.903194 0.02645496880158385
241.89902 35.867638 0.03015215384655328
241.89902 35.832085 0.032652929963926554
241.89902 35.796528 0.03363523559639058
241.89902 35.76097 0.03307007010029419
241.89902 35.68986 0.028106583602372275
241.89902 35.654305 0.024321159743838777
241.89902 35.61875 0.02012338157393085
241.89902 35.583195 0.01579574405126729
241.89902 35.547638 0.011593906280584253
241.89902 35.51208 0.007678115094392321
241.89902 35.47653 0.004166796677274012
241.89902 35.44097 0.0011110750429583864
241.89902 35.40542 -0.0014703787274453848
241.89902 35.36986 -0.0035952054764995366
241.89902 35.334305 -0.0053019619598713074
241.93459 36.152084 0.0018159451263938479
241.93459 36.116528 0.0039947270757146065
241.93459 36.08097 0.006867949780757112
241.93459 36.045418 0.010568163465037453
241.93459 36.00986 0.015146575662965176
241.93459 35.974304 0.020533512083819143
241.93459 35.93875 0.02640677841208447
241.93459 35.903194 0.03213755403724132
241.93459 35.867638 0.036991012830838645
241.93459 35.832085 0.04021189840344501
241.93459 35.796528 0.04140485877745951
241.93459 35.76097 0.0404998214239051
241.93459 35.725418 0.03780968754376392
241.93459 35.68986 0.033807769000169643
241.93459 35.654305 0.028965590856659958
241.93459 35.61875 0.023730333174683697
241.93459 35.583195 0.01843740876785791
241.93459 35.547638 0.013411402618732181
241.93459 35.51208 0.008799788942441192
241.93459 35.47653 0.004746174573130773
241.93459 35.44097 0.001290688405652685
241.93459 35.40542 -0.001564457855359816
241.93459 35.36986 -0.003859403634521541
241.93459 35.334305 -0.005655511385890889
241.97014 36.152084 0.0022539025532027374
241.97014 36.116528 0.004535280304081684
241.97014 36.08097 0.007655759481490299
241.97014 36.045418 0.01184962741746357
241.97014 36.00986 0.017294935464202223
241.97014 35.974304 0.023959526432127135
241.97014 35.93875 0.031492914811861734
241.97014 35.903194 0.03905512159922592
241.97014 35.867638 0.04551544858921565
241.97014 35.832085 0.049760220271353926
241.97014 35.796528 0.0511700387052296
241.97014 35.76097 0.04971953198167758
241.97014 35.725418 0.04592804785569145
241.97014 35.68986 0.040555559201523775
241.97014 35.654305 0.03431419919536967
241.97014 35.61875 0.027758949087613685
241.97014 35.583195 0.02130152177438136
241.97014 35.547638 0.015266730817679599
241.97014 35.51208 0.00985805725896517
241.97014 35.47653 0.005190648020804796
241.97014 35.44097 0.0013011915444981533
241.97014 35.40542 -0.0018339264881911833
241.97014 35.36986 -0.0042842923018768615
241.97014 35.334305 -0.006145875335125911
242.00569 36.152084 0.0026911258348677383
242.00569 36.116528 0.0050125713822636465
242.00569 36.08097 0.008315002500486281
242.00569 36.045418 0.01297619274814192
242.00569 36.00986 0.019364981998667145
242.00569 35.974304 0.027630607831013614
242.00569 35.93875 0.037413507459991176
242.00569 35.903194 0.04758401942746684
242.00569 35.867638 0.05640558973450749
242.00569 35.832085 0.062053704473040594
242.00569 35.796528 0.06361366073414615
242.00569 35.76097 0.061179821834339676
242.00569 35.725418 0.05579431282752559
242.00569 35.68986 0.04854887768864373
242.00569 35.654305 0.040441989140815315
242.00569 35.61875 0.03224788508507237
242.00569 35.583195 0.02435793809918564
242.00569 35.547638 0.017138100459528474
242.00569 35.51208 0.010794256463035704
242.00569 35.47653 0.0054373859849404255
242.00569 35.44097 0.0010849540347561346
242.00569 35.40542 -0.0023234520916098848
242.00569 35.36986 -0.004902085306563736
242.00569 35.334305 -0.006791240480961601
242.04126 36.152084 0.003167035181516625
242.04126 36.116528 0.00545085396572915
242.04126 36.08097 0.00883138072888555
242.04126 36.045418 0.013866667107999596
242.04126 36.00986 0.021211038563066116
242.04126 35.974304 0.031377684255397574
242.04126 35.93875 0.04419369171620674
242.04126 35.903194 0.05818416930033489
242.04126 35.867638 0.07054578767715608
242.04126 35.832085 0.07821582834792086
242.04126 35.76097 0.07558965897594955
242.04126 35.725418 0.06769541007051577
242.04126 35.68986 0.0578609556502032
242.04126 35.654305 0.047445906785618656
242.04126 35.61875 0.03719157862659441
242.04126 35.583195 0.027590501400738696
242.04126 35.547638 0.018961841368704588
242.04126 35.51208 0.011530893871793972
242.04126 35.47653 0.005405615291253463
242.04126 35.44097 0.0005722647317486836
242.04126 35.40542 -0.0030849629059234492
242.04126 35.36986 -0.005744884680830657
242.04126 35.334305 -0.007607666813755184
242.07681 36.152084 0.003743708223660677
242.07681 36.116528 0.00589667048740408
242.07681 36.08097 0.009195075327074127
242.07681 36.045418 0.014403003834393661
242.07681 36.00986 0.022590211174301107
242.07681 35.974304 0.034910918255117725
242.07681 35.903194 0.07150615409905005
242.07681 35.867638 0.08941858480665218
242.07681 35.832085 0.10005407974922784
242.07681 35.68986 0.06870911621426412
242.07681 35.654305 0.055331786391019724
242.07681 35.61875 0.042601575161385505
242.07681 35.583195 0.030950420688615102
242.07681 35.547638 0.020655164765854585
242.07681 35.51208 0.011963916302482865
242.07681 35.47653 0.0049914695177870946
242.07681 35.44097 -0.00032216481312096444
242.07681 35.40542 -0.0041766574006962655
242.07681 35.36986 -0.006844044543513153
242.11237 36.152084 0.0045148871459974056
242.11237 36.116528 0.006449493139140667
242.11237 36.08097 0.009469074671689929
242.11237 36.045418 0.014508998511229219
242.11237 36.00986 0.02315004001525988
242.11237 35.725418 0.09915924441052186
242.11237 35.654305 0.06409882971968303
242.11237 35.61875 0.04849917228533494
242.11237 35.583195 0.03441406470646927
242.11237 35.547638 0.0221194981944774
242.11237 35.51208 0.011954574189185408
242.11237 35.47653 0.004059089398581288
242.11237 35.44097 -0.001702955555229405
242.11237 35.40542 -0.0056620293511450035
242.11237 35.36986 -0.008225328345286241
242.11237 35.334305 -0.009786946137551142
242.14792 36.152084 0.005614630135829008
242.14792 36.116528 0.007289296996719102
242.14792 36.08097 0.009844528861047927
242.14792 36.045418 0.014257368797212637
242.14792 36.00986 0.02255373418145145
242.14792 35.68986 0.0949499137208852
242.14792 35.61875 0.05497300390563736
242.14792 35.583195 0.03796436642355278
242.14792 35.547638 0.023217096437794058
242.14792 35.51208 0.011303733429290376
242.14792 35.47653 0.002423357605721063
242.14792 35.44097 -0.0036943982707608822
242.14792 35.40542 -0.007600641013771939
242.14792 35.36986 -0.009903592106739875
242.14792 35.334305 -0.011137566220615337
242.18347 36.152084 0.00719545313555754
242.18347 36.116528 0.008670556418271394
242.18347 36.08097 0.010681323150728969
242.18347 36.045418 0.014024613659975283
242.18347 36.00986 0.02077978377142671
242.18347 35.61875 0.062262464032200565
242.18347 35.583195 0.04161658549355517
242.18347 35.547638 0.02372205269835225
242.18347 35.51208 0.009697266162980727
242.18347 35.47653 -0.0001665918535764723
242.18347 35.44097 -0.006437870294932077
242.18347 35.40542 -0.010038255954645256
242.18347 35.36986 -0.011868632193727403
242.18347 35.334305 -0.012620399185322078
242.21902 36.152084 0.009386291010541422
242.21902 36.116528 0.010866064397817775
242.21902 36.08097 0.012498981551368136
242.21902 36.045418 0.014648824513165423
242.21902 36.00986 0.018705504655629215
242.21902 35.547638 0.023217291285302477
242.21902 35.51208 0.006656664635993853
242.21902 35.47653 -0.004029847410450093
242.21902 35.44097 -0.010064068438269857
242.21902 35.40542 -0.012984806934783131
242.21902 35.36986 -0.014068402706220558
242.21902 35.334305 -0.014164982577628871
242.25458 36.152084 0.012236869650593176
242.25458 36.116528 0.014064561221442952
242.25458 36.08097 0.01580905727248188
242.25458 36.045418 0.017322097664873082
242.25458 36.00986 0.018676804326857782
242.25458 35.974304 0.021765574232233915
242.25458 35.547638 0.02085173616617613
242.25458 35.51208 0.0014222751491399857
242.25458 35.47653 -0.00954630790227589
242.25458 35.44097 -0.01465662328557358
242.25458 35.40542 -0.01637592781260547
242.25458 35.36986 -0.016388385277164207
242.25458 35.334305 -0.015660867725013836
242.29013 36.152084 0.01565453142287454
242.29013 36.116528 0.01823180792125731
242.29013 36.08097 0.020802297615552592
242.29013 36.045418 0.02294843461989212
242.29013 36.00986 0.023710041268995355
242.29013 35.974304 0.02113770155611027
242.29013 35.47653 -0.01703812099321321
242.29013 35.44097 -0.02014051616225007
242.29013 35.40542 -0.02001124698275286
242.29013 35.36986 -0.018633658166936747
242.29013 35.334305 -0.01695612267947665
242.32568 36.152084 0.019375374431936022
242.32568 36.116528 0.023010779418479115
242.32568 36.08097 0.027035164797400583
242.32568 36.045418 0.031174297494079385
242.32568 36.00986 0.03453305637360558
242.32568 35.974304 0.03444313909204942
242.32568 35.47653 -0.026426497522431827
242.32568 35.44097 -0.026127303912695368
242.32568 35.40542 -0.023514796662551116
242.32568 35.36986 -0.02052484726515226
242.32568 35.334305 -0.01786404247400731
242.36125 36.152084 0.022998627373814473
242.36125 36.116528 0.027760513574616355
242.36125 36.08097 0.03342876792443078
242.36125 36.045418 0.04007371469843954
242.36125 36.00986 0.04747133839023032
242.36125 35.974304 0.0543696656084435
242.36125 35.51208 -0.037137498302994995
242.36125 35.47653 -0.03683101454679303
242.36125 35.44097 -0.031819486384584414
242.36125 35.40542 -0.026342691210130664
242.36125 35.36986 -0.021729731365826264
242.36125 35.334305 -0.018193730397010145
242.3968 36.152084 0.026070986313405542
242.3968 36.116528 0.03173231083681097
242.3968 36.08097 0.038662040783374874
242.3968 36.045418 0.047109260777688566
242.3968 36.00986 0.05707443989360382
242.3968 35.974304 0.06738124224942822
242.3968 35.547638 -0.05513452844122624
242.3968 35.51208 -0.05589785144674704
242.3968 35.47653 -0.046362679192232976
242.3968 35.44097 -0.03609229149108409
242.3968 35.40542 -0.027876993260563587
242.3968 35.36986 -0.02194829970055379
242.3968 35.334305 -0.017830122959964386
242.43236 36.152084 0.02820816759342406
242.43236 36.116528 0.034316440911661944
242.43236 36.08097 0.0417362613171546
242.43236 36.045418 0.05057783420958601
242.43236 36.00986 0.06042220403380953
242.43236 35.974304 0.06897315550090298
242.43236 35.93875 0.06817221258068806
242.43236 35.547638 -0.0862746677054613
242.43236 35.51208 -0.0718015373369721
242.43236 35.47653 -0.052818280682980785
242.43236 35.44097 -0.0378638384871692
242.43236 35.40542 -0.02766694614908468
242.43236 35.36986 -0.02103167969394517
242.43236 35.334305 -0.016760041359215622
242.46793 36.152084 0.029172818755912926
242.46793 36.116528 0.035196873490758195
242.46793 36.08097 0.042256887179050316
242.46793 36.045418 0.05014778920256711
242.46793 36.00986 0.05785016908884058
242.46793 35.974304 0.06225707013016481
242.46793 35.93875 0.05578469823182268
242.46793 35.547638 -0.11477294950994406
242.46793 35.51208 -0.08269277912826062
242.46793 35.47653 -0.05461021971570052
242.46793 35.44097 -0.036520855498341644
242.46793 35.40542 -0.025616459118899204
242.46793 35.36986 -0.01908127659907974
242.46793 35.334305 -0.01512430685833479
242.50348 36.152084 0.02890387661634685
242.50348 36.116528 0.034367551571994004
242.50348 36.08097 0.0403958115349093
242.50348 36.045418 0.04647610130767309
242.50348 36.00986 0.05120285479008532
242.50348 35.974304 0.051400187462647226
242.50348 35.93875 0.041150712237401875
242.50348 35.51208 -0.08576984946688103
242.50348 35.47653 -0.0508371060996504
242.50348 35.44097 -0.03227729726806029
242.50348 35.40542 -0.0221998416119477
242.50348 35.36986 -0.0165379369431456
242.50348 35.334305 -0.013260398465975376
242.53903 36.152084 0.027479304230350166
242.53903 36.116528 0.0320269911023299
242.53903 36.08097 0.036639988368546164
242.53903 36.045418 0.04057967217991405
242.53903 36.00986 0.04233153645700022
242.53903 35.974304 0.03912733917817582
242.53903 35.93875 0.0267439141506799
242.53903 35.47653 -0.04227382519744741
242.53903 35.44097 -0.026592124711221597
242.53903 35.40542 -0.018511948683432228
242.53903 35.36986 -0.014110931780132197
242.53903 35.334305 -0.011616269551883494
242.57458 36.152084 0.02508629858966723
242.57458 36.116528 0.028528364110762067
242.57458 36.08097 0.031570099714891914
242.57458 36.045418 0.033391881983291585
242.57458 36.00986 0.032565210575957265
242.57458 35.974304 0.026849599811972345
242.57458 35.93875 0.013319623788458834
242.57458 35.44097 -0.02211633689983797
242.57458 35.40542 -0.01598549813996484
242.57458 35.36986 -0.012589390273080123
242.57458 35.334305 -0.010661017753859636
242.61014 36.152084 0.021962177369985174
242.61014 36.116528 0.02423466874298394
242.61014 36.08097 0.025740000544069552
242.61014 36.045418 0.025662674239844238
242.61014 36.00986 0.022746139858741472
242.61014 35.974304 0.015243417139583012
242.61014 35.93875 0.001107093664752536
242.61014 35.47653 -0.031633430131214314
242.61014 35.44097 -0.021458541339941063
242.61014 35.40542 -0.015820089506370563
242.61014 35.36986 -0.012608551072035425
242.61014 35.334305 -0.010746413845445115
242.64569 36.152084 0.01834507462334887
242.64569 36.116528 0.019485498881682446
242.64569 36.08097 0.019594176705278653
242.64569 36.045418 0.017914876904116937
242.64569 36.00986 0.013383731983533419
242.64569 35.974304 0.004651558894412508
242.64569 35.93875 -0.00975636694153864
242.64569 35.47653 -0.037928180182473396
242.64569 35.44097 -0.02535119588562006
242.64569 35.40542 -0.01838282387195217
242.64569 35.36986 -0.014369437651669509
242.64569 35.334305 -0.011997195717595558
242.68124 36.152084 0.01445074372970921
242.68124 36.116528 0.014558046523100695
242.68124 36.08097 0.0134651067066186
242.68124 36.045418 0.01049903755713467
242.68124 36.00986 0.004778941805762963
242.68124 35.974304 -0.004741649168606964
242.68124 35.93875 -0.019154265843190164
242.68124 35.47653 -0.048561105665492516
242.68124 35.44097 -0.03233458946136119
242.68124 35.40542 -0.023067411890596606
242.68124 35.36986 -0.017600087994959022
242.68124 35.334305 -0.014287395362846598
242.7168 36.152084 0.010463403594157797
242.7168 36.116528 0.009671698716844984
242.7168 36.08097 0.007591428198074979
242.7168 36.045418 0.003640696635386442
242.7168 36.00986 -0.002899725252136503
242.7168 35.974304 -0.012840937992207547
242.7168 35.93875 -0.02699903253323585
242.7168 35.903194 -0.04607723997117441
242.7168 35.47653 -0.05881245298625358
242.7168 35.44097 -0.04013168934452652
242.7168 35.40542 -0.028752097497698657
242.7168 35.36986 -0.02172235672989148
242.7168 35.334305 -0.017304105525787417
242.75235 36.152084 0.006529752911090593
242.75235 36.116528 0.004988435255604695
242.75235 36.08097 0.0021336962443447693
242.75235 36.045418 -0.0025264762466144196
242.75235 36.00986 -0.009571209251197782
242.75235 35.974304 -0.019623662424192546
242.75235 35.93875 -0.033282546831722465
242.75235 35.903194 -0.05104310712363575
242.75235 35.832085 -0.09973206474828414
242.75235 35.796528 -0.13010152372084233
242.75235 35.47653 -0.06626087232499603
242.75235 35.44097 -0.047006550816191726
242.75235 35.40542 -0.03435933139321241
242.75235 35.36986 -0.02609541333408031
242.75235 35.334305 -0.02066489890406286
242.78792 36.152084 0.00275896165724278
242.78792 36.116528 0.0006183977525109942
242.78792 36.08097 -0.00281232855284572
242.78792 36.045418 -0.007940608618590977
242.78792 36.00986 -0.015224655116865294
242.78792 35.974304 -0.02513269516707644
242.78792 35.93875 -0.03808838247828523
242.78792 35.903194 -0.05440158897631097
242.78792 35.832085 -0.097201419706315
242.78792 35.796528 -0.12270299400264949
242.78792 35.76097 -0.1490190232267181
242.78792 35.725418 -0.17315089326745203
242.78792 35.68986 -0.19035931378353324
242.78792 35.654305 -0.1950445388326813
242.78792 35.61875 -0.18360334266645625
242.78792 35.51208 -0.0953454738338206
242.78792 35.47653 -0.07052903276719902
242.78792 35.44097 -0.052145653018572845
242.78792 35.40542 -0.039174227798077804
242.78792 35.36986 -0.030196308903304936
242.78792 35.334305 -0.024014829203688186
242.82347 36.152084 -0.000767996077938456
242.82347 36.116528 -0.003365387828980026
242.82347 36.08097 -0.007194806909821682
242.82347 36.045418 -0.012585656924464984
242.82347 36.00986 -0.019895568687834722
242.82347 35.974304 -0.0294624733279666
242.82347 35.93875 -0.04155941454325194
242.82347 35.903194 -0.05635300051200373
242.82347 35.832085 -0.09347171496499371
242.82347 35.76097 -0.13549173161939096
242.82347 35.725418 -0.1536756542922493
242.82347 35.68986 -0.1657353920276309
242.82347 35.654305 -0.16829616377790724
242.82347 35.61875 -0.1595756934477909
242.82347 35.51208 -0.09313517579348206
242.82347 35.47653 -0.0721405917641424
242.82347 35.44097 -0.055443733941590106
242.82347 35.40542 -0.042874490493042115
242.82347 35.36986 -0.03369445289106079
242.82347 35.334305 -0.02708153561417192
242.85904 36.152084 -0.0040051698075769596
242.85904 36.116528 -0.006929249224462011
242.85904 36.08097 -0.011004251367926019
242.85904 36.045418 -0.016490729773277313
242.85904 36.00986 -0.023655690984389383
242.85904 35.974304 -0.03273175627948821
242.85904 35.93875 -0.04388139775209112
242.85904 35.903194 -0.05715211860190835
242.85904 35.867638 -0.07235551638081966
242.85904 35.832085 -0.08904455712399653
242.85904 35.796528 -0.10635470947655577
242.85904 35.76097 -0.12288645719472276
242.85904 35.725418 -0.13665051523649152
242.85904 35.68986 -0.14528415988428006
242.85904 35.654305 -0.14670103796384779
242.85904 35.547638 -0.10829422697981007
242.85904 35.51208 -0.0893276746104068
242.85904 35.47653 -0.07185088422859326
242.85904 35.44097 -0.057136926439601055
242.85904 35.40542 -0.04543121127028352
242.85904 35.36986 -0.036453448498152456
242.85904 35.334305 -0.029707726186707868
242.89459 36.152084 -0.006922003760362164
242.89459 36.116528 -0.010059277472622493
242.89459 36.08097 -0.014250983743782804
242.89459 36.045418 -0.019698953121147993
242.89459 36.00986 -0.026590278589925367
242.89459 35.974304 -0.03508012617270834
242.89459 35.93875 -0.04523594715627033
242.89459 35.903194 -0.05702200271790905
242.89459 35.867638 -0.07018892762161884
242.89459 35.832085 -0.08427000415726316
242.89459 35.796528 -0.09844266400612146
242.89459 35.654305 -0.1291365219257548
242.89459 35.61875 -0.12397113501051261
242.89459 35.583195 -0.11358124790661597
242.89459 35.547638 -0.09979814962866615
242.89459 35.51208 -0.08477318444340666
242.89459 35.47653 -0.07032574602579394
242.89459 35.44097 -0.057578730046329955
242.89459 35.40542 -0.04696467013702899
242.89459 35.36986 -0.038461567749059
242.89459 35.334305 -0.03182225021607201
242.93015 36.152084 -0.009509894982099889
242.93015 36.116528 -0.012765243405125571
242.93015 36.08097 -0.016970566191595104
242.93015 36.045418 -0.02227569773787811
242.93015 36.00986 -0.028806831544074263
242.93015 35.974304 -0.03665377448702948
242.93015 35.93875 -0.045819268564047035
242.93015 35.903194 -0.05621501159623766
242.93015 35.867638 -0.06756352311601689
242.93015 35.832085 -0.07940821131302646
242.93015 35.796528 -0.09101203430076164
242.93015 35.76097 -0.1014431311015361
242.93015 35.725418 -0.10957798955404298
242.93015 35.68986 -0.11428817115272305
242.93015 35.654305 -0.11472353977857468
242.93015 35.61875 -0.11067999797999664
242.93015 35.583195 -0.10269330922558836
242.93015 35.547638 -0.09196738933194362
242.93015 35.51208 -0.07997864519244734
242.93015 35.47653 -0.06805400547923819
242.93015 35.44097 -0.057121045618625105
242.93015 35.40542 -0.047658163447248894
242.93015 35.36986 -0.03978559533969449
242.93015 35.334305 -0.03342274017456793
242.9657 36.152084 -0.011770520657930396
242.9657 36.116528 -0.015065829162356253
242.9657 36.08097 -0.0192024042682424
242.9657 36.045418 -0.024292840530496865
242.9657 36.00986 -0.030412374828136815
242.9657 35.974304 -0.03759799337560216
242.9657 35.93875 -0.04581937874597616
242.9657 35.903194 -0.0549435566495733
242.9657 35.867638 -0.06469522408476125
242.9657 35.832085 -0.07463955127697909
242.9657 35.796528 -0.08417357153834658
242.9657 35.76097 -0.09254463876314775
242.9657 35.725418 -0.09892250446727953
242.9657 35.68986 -0.10253575494295467
242.9657 35.654305 -0.1027694592762245
242.9657 35.61875 -0.09958467320072213
242.9657 35.583195 -0.09333677243173423
242.9657 35.547638 -0.08487827375556126
242.9657 35.51208 -0.07523105434532228
242.9657 35.47653 -0.06536783102563698
242.9657 35.44097 -0.05603505243239742
242.9657 35.40542 -0.047692218426013386
242.9657 35.36986 -0.040524587271702564
242.9657 35.334305 -0.03454727669949048
243.00125 36.152084 -0.013721419626238483
243.00125 36.116528 -0.016990610554580392
243.00125 36.08097 -0.021001813123868444
243.00125 36.045418 -0.025825225908775343
243.00125 36.00986 -0.03150808995922462
243.00125 35.974304 -0.038048181820679434
243.00125 35.93875 -0.04537963635852677
243.00125 35.903194 -0.05336082512773516
243.00125 35.867638 -0.06172753866739659
243.00125 35.832085 -0.0700884311929202
243.00125 35.796528 -0.07795681071496277
243.00125 35.76097 -0.0847298545562735
243.00125 35.725418 -0.08979340886178512
243.00125 35.68986 -0.09259808278316808
243.00125 35.654305 -0.09275123326973005
243.00125 35.61875 -0.09021227697980728
243.00125 35.583195 -0.08526620201643181
243.00125 35.547638 -0.0785165972806384
243.00125 35.51208 -0.07068577520337388
243.00125 35.47653 -0.06250320109737074
243.00125 35.44097 -0.054550879784779155
243.00125 35.40542 -0.04724193484251961
243.00125 35.36986 -0.04078710065464626
243.00125 35.334305 -0.03525464808172847
243.0368 36.152084 -0.015381761203055122
243.0368 36.116528 -0.01857961484400574
243.0368 36.08097 -0.022421925328115107
243.0368 36.045418 -0.026953014693535185
243.0368 36.00986 -0.03219435744751664
243.0368 35.974304 -0.038108009260763416
243.0368 35.93875 -0.044623389860649634
243.0368 35.903194 -0.05159504199899977
243.0368 35.867638 -0.058773363693970224
243.0368 35.832085 -0.06582612915441247
243.0368 35.796528 -0.07234723353840923
243.0368 35.76097 -0.0778760213240985
243.0368 35.725418 -0.08194633935924066
243.0368 35.68986 -0.08415817478590512
243.0368 35.654305 -0.08426487659115975
243.0368 35.61875 -0.08223665089630365
243.0368 35.583195 -0.07827593267986563
243.0368 35.547638 -0.07283050839585076
243.0368 35.51208 -0.06642472429359687
243.0368 35.47653 -0.05959998050922452
243.0368 35.44097 -0.05282717570801442
243.0368 35.40542 -0.04644860959212003
243.0368 35.36986 -0.04068012499160089
243.0368 35.334305 -0.035611492637853466
243.07236 36.152084 -0.016777312011158087
243.07236 36.116528 -0.019868928987815473
243.07236 36.08097 -0.02351425182113044
243.07236 36.045418 -0.027737859509902554
243.07236 36.00986 -0.032538972742261446
243.07236 35.974304 -0.03787479548795423
243.07236 35.93875 -0.04365194870606713
243.07236 35.903194 -0.049736825228952564
243.07236 35.867638 -0.055906851977239956
243.07236 35.832085 -0.06187149314233983
243.07236 35.796528 -0.06730901104921493
243.07236 35.76097 -0.07185961072473004
243.07236 35.725418 -0.07517297200510498
243.07236 35.68986 -0.07694930640025045
243.07236 35.654305 -0.07702791651703332
243.07236 35.61875 -0.07539114598659825
243.07236 35.583195 -0.07219105303036091
243.07236 35.547638 -0.06775630889089419
243.07236 35.51208 -0.062480194694665175
243.07236 35.47653 -0.056759352972629656
243.07236 35.44097 -0.05097765395824005
243.07236 35.40542 -0.0454213693808057
243.07236 35.36986 -0.04028602928179199
243.07236 35.334305 -0.035681282441476815
243.10791 36.116528 -0.020895298118916716
243.10791 36.08097 -0.024327814866894455
243.10791 36.045418 -0.028241778453379336
243.10791 36.00986 -0.03262184905434234
243.10791 35.974304 -0.037418466456048516
243.10791 35.93875 -0.0425373256554793
243.10791 35.903194 -0.04785131160788109
243.10791 35.867638 -0.05315767123153131
243.10791 35.832085 -0.05822640473854879
243.10791 35.796528 -0.06279205238104209
243.10791 35.76097 -0.06657450444369784
243.10791 35.725418 -0.06930106710109477
243.10791 35.68986 -0.0707426572095573
243.10791 35.654305 -0.07080604191900623
243.10791 35.61875 -0.06947763886265168
243.10791 35.583195 -0.06686603649450602
243.10791 35.547638 -0.0632292181325988
243.10791 35.51208 -0.05884701364017515
243.10791 35.47653 -0.054030217121078375
243.10791 35.44097 -0.04908345010917761
243.10791 35.40542 -0.04424415087021652
243.10791 35.36986 -0.039687684098237225
243.10791 35.334305 -0.03552527061383717
243.14346 35.974304 -0.03680596754409307
243.14346 35.93875 -0.041339231932031026
243.14346 35.903194 -0.045981878074273064
243.14346 35.867638 -0.0505616565630149
243.14346 35.832085 -0.054887111644148674
243.14346 35.796528 -0.058747576404495454
243.14346 35.76097 -0.061907291603859126
243.14346 35.725418 -0.0641645920276756
243.14346 35.68986 -0.06535977370709539
243.14346 35.654305 -0.06541635400771735
243.14346 35.61875 -0.06433162394849848
243.14346 35.583195 -0.06218672586084833
243.14346 35.547638 -0.05917619537074986
243.14346 35.51208 -0.05551262941733758
243.14346 35.47653 -0.05144099178780887
243.14346 35.44097 -0.0471955311389093
243.14346 35.40542 -0.04297990895396969
243.14346 35.36986 -0.03894464408035518
243.14346 35.334305 -0.035195481363854565
243.17903 36.152084 -0.019641201842974004
243.17903 36.116528 -0.02229720267451108
243.17903 36.08097 -0.025290814330970635
243.17903 36.045418 -0.02861049907030582
243.17903 35.974304 -0.03608466588539744
243.17903 35.93875 -0.040099309405661025
243.17903 35.903194 -0.04416182216341867
243.17903 35.867638 -0.04812762029034197
243.17903 35.832085 -0.051838434960065495
243.17903 35.796528 -0.05511362597842848
243.17903 35.76097 -0.057775315205704225
243.17903 35.725418 -0.05966481834351017
243.17903 35.68986 -0.06066744938409464
243.17903 35.654305 -0.06072183812911131
243.17903 35.61875 -0.059828793468018046
243.17903 35.583195 -0.05805457231284766
243.17903 35.547638 -0.05554748614360298
243.17903 35.51208 -0.05246359657964008
243.17903 35.47653 -0.04900281491316925
243.17903 35.44097 -0.0453504547061133
243.17903 35.40542 -0.041672439555152235
243.17903 35.36986 -0.03810231059840918
243.17903 35.334305 -0.03473296537781186
