242.03236 35.734306 -0.060802
242.03236 35.71653 -0.05415
242.05014 35.734306 -0.074497
242.05014 35.71653 -0.062642
242.06792 35.912083 -0.059951
242.06792 35.894306 -0.073654
242.0857 35.912083 -0.073603
242.0857 35.894306 -0.085691
242.10347 35.983192 -0.034526
242.10347 35.965416 -0.045833
242.10347 35.94764 -0.060071
242.10347 35.92986 -0.072824
242.10347 35.912083 -0.089277
242.10347 35.894306 -0.097952
242.10347 35.87653 -0.105641
242.10347 35.85875 -0.113474
242.10347 35.840973 -0.120249
242.10347 35.823193 -0.123851
242.10347 35.805416 -0.119332
242.10347 35.78764 -0.117782
242.10347 35.76986 -0.115385
242.10347 35.752083 -0.109665
242.10347 35.734306 -0.102287
242.10347 35.71653 -0.090641
242.10347 35.69875 -0.08191
242.10347 35.680973 -0.072463
242.12125 35.983192 -0.029562
242.12125 35.965416 -0.043295
242.12125 35.94764 -0.060654
242.12125 35.92986 -0.074611
242.12125 35.912083 -0.095292
242.12125 35.894306 -0.114363
242.12125 35.87653 -0.123008
242.12125 35.85875 -0.137169
242.12125 35.840973 -0.142019
242.12125 35.823193 -0.143823
242.12125 35.805416 -0.138859
242.12125 35.78764 -0.137342
242.12125 35.76986 -0.133474
242.12125 35.752083 -0.125669
242.12125 35.734306 -0.113671
242.12125 35.71653 -0.104227
242.12125 35.69875 -0.093402
242.12125 35.680973 -0.082868
242.13904 35.983192 -0.022838
242.13904 35.965416 -0.039285
242.13904 35.94764 -0.059745
242.13904 35.92986 -0.075139
242.13904 35.912083 -0.099584
242.13904 35.894306 -0.122327
242.13904 35.87653 -0.141661
242.13904 35.85875 -0.159481
242.13904 35.840973 -0.163466
242.13904 35.823193 -0.160335
242.13904 35.805416 -0.159485
242.13904 35.78764 -0.158487
242.13904 35.76986 -0.152757
242.13904 35.752083 -0.141894
242.13904 35.734306 -0.126969
242.13904 35.71653 -0.117742
242.13904 35.69875 -0.10561
242.13904 35.680973 -0.09601
242.13904 35.663193 -0.087323
242.13904 35.645416 -0.076972
242.13904 35.343193 0.002373
242.1568 35.983192 -0.014545
242.1568 35.965416 -0.031794
242.1568 35.94764 -0.057928
242.1568 35.92986 -0.078752
242.1568 35.912083 -0.106327
242.1568 35.894306 -0.130658
242.1568 35.87653 -0.158823
242.1568 35.85875 -0.178182
242.1568 35.840973 -0.18553
242.1568 35.823193 -0.189862
242.1568 35.805416 -0.18726
242.1568 35.78764 -0.184384
242.1568 35.76986 -0.17468
242.1568 35.752083 -0.16255
242.1568 35.734306 -0.147069
242.1568 35.71653 -0.132898
242.1568 35.69875 -0.120117
242.1568 35.680973 -0.105998
242.1568 35.663193 -0.09632
242.1568 35.645416 -0.084625
242.1568 35.343193 0.00301
242.17459 35.983192 -0.007531
242.17459 35.965416 -0.027062
242.17459 35.94764 -0.052205
242.17459 35.92986 -0.080224
242.17459 35.912083 -0.111228
242.17459 35.894306 -0.143951
242.17459 35.87653 -0.174169
242.17459 35.85875 -0.198144
242.17459 35.840973 -0.216852
242.17459 35.823193 -0.219553
242.17459 35.805416 -0.217395
242.17459 35.78764 -0.207473
242.17459 35.76986 -0.196957
242.17459 35.752083 -0.182734
242.17459 35.734306 -0.166722
242.17459 35.71653 -0.150795
242.17459 35.69875 -0.135159
242.17459 35.680973 -0.118338
242.17459 35.663193 -0.105978
242.17459 35.645416 -0.092411
242.17459 35.62764 -0.079221
242.17459 35.60986 -0.065425
242.19235 35.983192 -0.001895
242.19235 35.965416 -0.021466
242.19235 35.94764 -0.045655
242.19235 35.92986 -0.07538
242.19235 35.912083 -0.11164
242.19235 35.894306 -0.154233
242.19235 35.87653 -0.189072
242.19235 35.85875 -0.219241
242.19235 35.840973 -0.241798
242.19235 35.823193 -0.247875
242.19235 35.805416 -0.244736
242.19235 35.78764 -0.236071
242.19235 35.76986 -0.220811
242.19235 35.752083 -0.202841
242.19235 35.734306 -0.185899
242.19235 35.71653 -0.168424
242.19235 35.69875 -0.149863
242.19235 35.680973 -0.131841
242.19235 35.663193 -0.116344
242.19235 35.645416 -0.09956
242.19235 35.62764 -0.086024
242.19235 35.60986 -0.071531
242.21014 35.983192 0.007086
242.21014 35.965416 -0.010592
242.21014 35.94764 -0.038095
242.21014 35.92986 -0.068869
242.21014 35.912083 -0.11317
242.21014 35.894306 -0.160563
242.21014 35.87653 -0.20813
242.21014 35.85875 -0.246891
242.21014 35.840973 -0.273141
242.21014 35.823193 -0.280265
242.21014 35.805416 -0.275454
242.21014 35.78764 -0.260812
242.21014 35.76986 -0.243565
242.21014 35.752083 -0.225134
242.21014 35.734306 -0.203779
242.21014 35.71653 -0.182153
242.21014 35.69875 -0.163545
242.21014 35.680973 -0.145708
242.21014 35.663193 -0.125499
242.21014 35.645416 -0.109061
242.21014 35.62764 -0.093512
242.21014 35.60986 -0.077342
242.21014 35.592083 -0.066364
242.21014 35.574306 -0.051143
242.22792 35.983192 0.019253
242.22792 35.965416 0.000553
242.22792 35.94764 -0.027544
242.22792 35.92986 -0.06417
242.22792 35.912083 -0.111315
242.22792 35.894306 -0.175772
242.22792 35.87653 -0.23732
242.22792 35.85875 -0.285517
242.22792 35.840973 -0.306594
242.22792 35.823193 -0.306066
242.22792 35.805416 -0.297836
242.22792 35.78764 -0.284043
242.22792 35.76986 -0.264681
242.22792 35.752083 -0.243824
242.22792 35.734306 -0.219508
242.22792 35.71653 -0.196014
242.22792 35.69875 -0.177258
242.22792 35.680973 -0.156256
242.22792 35.663193 -0.137334
242.22792 35.645416 -0.117774
242.22792 35.62764 -0.101263
242.22792 35.60986 -0.08633
242.22792 35.592083 -0.071281
242.22792 35.574306 -0.056096
242.2457 35.983192 0.029526
242.2457 35.965416 0.016184
242.2457 35.94764 -0.00458
242.2457 35.92986 -0.044015
242.2457 35.912083 -0.094212
242.2457 35.894306 -0.174387
242.2457 35.87653 -0.271662
242.2457 35.85875 -0.329532
242.2457 35.840973 -0.349313
242.2457 35.823193 -0.337019
242.2457 35.805416 -0.320722
242.2457 35.78764 -0.305976
242.2457 35.76986 -0.285994
242.2457 35.752083 -0.263107
242.2457 35.734306 -0.238862
242.2457 35.71653 -0.213899
242.2457 35.69875 -0.191972
242.2457 35.680973 -0.168172
242.2457 35.663193 -0.148286
242.2457 35.645416 -0.130071
242.2457 35.62764 -0.1122
242.2457 35.60986 -0.094425
242.2457 35.592083 -0.076199
242.2457 35.574306 -0.058968
242.2457 35.556526 -0.042339
242.2457 35.53875 -0.026606
242.26347 35.983192 0.044044
242.26347 35.965416 0.030768
242.26347 35.94764 0.023306
242.26347 35.92986 -0.001906
242.26347 35.912083 -0.076039
242.26347 35.894306 -0.14982
242.26347 35.87653 -0.285229
242.26347 35.85875 -0.353692
242.26347 35.840973 -0.374023
242.26347 35.823193 -0.365374
242.26347 35.805416 -0.346165
242.26347 35.78764 -0.330941
242.26347 35.76986 -0.308263
242.26347 35.752083 -0.286728
242.26347 35.734306 -0.261878
242.26347 35.71653 -0.235055
242.26347 35.69875 -0.209596
242.26347 35.680973 -0.183378
242.26347 35.663193 -0.16109
242.26347 35.645416 -0.14073
242.26347 35.62764 -0.120826
242.26347 35.60986 -0.09953
242.26347 35.592083 -0.080938
242.26347 35.574306 -0.06128
242.26347 35.556526 -0.042681
242.26347 35.53875 -0.024972
242.28125 35.94764 0.036734
242.28125 35.92986 0.030223
242.28125 35.912083 -0.022044
242.28125 35.894306 -0.122812
242.28125 35.87653 -0.276347
242.28125 35.85875 -0.35955
242.28125 35.840973 -0.384867
242.28125 35.823193 -0.382609
242.28125 35.805416 -0.372624
242.28125 35.78764 -0.366001
242.28125 35.76986 -0.335015
242.28125 35.752083 -0.31144
242.28125 35.734306 -0.283991
242.28125 35.71653 -0.255101
242.28125 35.69875 -0.225226
242.28125 35.680973 -0.199078
242.28125 35.663193 -0.174934
242.28125 35.645416 -0.150714
242.28125 35.62764 -0.130416
242.28125 35.60986 -0.108118
242.28125 35.592083 -0.085823
242.28125 35.574306 -0.063437
242.28125 35.556526 -0.042081
242.28125 35.53875 -0.024048
242.29903 35.94764 0.044982
242.29903 35.92986 0.032732
242.29903 35.912083 -0.000754
242.29903 35.894306 -0.064458
242.29903 35.87653 -0.265945
242.29903 35.85875 -0.359105
242.29903 35.840973 -0.391735
242.29903 35.823193 -0.404564
242.29903 35.805416 -0.398993
242.29903 35.78764 -0.395857
242.29903 35.76986 -0.369475
242.29903 35.752083 -0.342878
242.29903 35.734306 -0.310033
242.29903 35.71653 -0.276909
242.29903 35.69875 -0.242254
242.29903 35.680973 -0.214244
242.29903 35.663193 -0.188655
242.29903 35.645416 -0.165609
242.29903 35.62764 -0.14352
242.29903 35.60986 -0.11964
242.29903 35.592083 -0.0919
242.29903 35.574306 -0.06617
242.29903 35.556526 -0.043242
242.29903 35.53875 -0.025796
242.3168 35.912083 0.022051
242.3168 35.894306 -0.000258
242.3168 35.87653 0.010922
242.3168 35.85875 -0.344584
242.3168 35.840973 -0.435044
242.3168 35.823193 -0.438679
242.3168 35.805416 -0.445744
242.3168 35.78764 -0.445822
242.3168 35.76986 -0.418612
242.3168 35.752083 -0.374511
242.3168 35.734306 -0.340181
242.3168 35.71653 -0.30327
242.3168 35.69875 -0.260937
242.3168 35.680973 -0.22786
242.3168 35.663193 -0.203648
242.3168 35.645416 -0.181273
242.3168 35.62764 -0.159478
242.3168 35.60986 -0.131889
242.3168 35.592083 -0.10092
242.3168 35.574306 -0.07016
242.3168 35.556526 -0.044838
242.3168 35.53875 -0.025055
242.33458 35.912083 0.027869
242.33458 35.894306 0.005951
242.33458 35.87653 0.130333
242.33458 35.85875 0.167374
242.33458 35.840973 -0.537444
242.33458 35.823193 -0.529356
242.33458 35.805416 -0.530569
242.33458 35.78764 -0.517438
242.33458 35.76986 -0.507136
242.33458 35.752083 -0.417517
242.33458 35.734306 -0.393928
242.33458 35.71653 -0.335157
242.33458 35.69875 -0.290888
242.33458 35.680973 -0.251736
242.33458 35.663193 -0.223647
242.33458 35.645416 -0.199877
242.33458 35.62764 -0.174283
242.33458 35.60986 -0.145335
242.33458 35.592083 -0.109193
242.33458 35.574306 -0.072868
242.33458 35.556526 -0.046256
242.33458 35.53875 -0.024677
242.35236 35.912083 0.048369
242.35236 35.894306 0.074718
242.35236 35.87653 0.12069
242.35236 35.85875 0.195815
242.35236 35.840973 0.281518
242.35236 35.823193 -0.609467
242.35236 35.805416 -0.657
242.35236 35.78764 -0.646084
242.35236 35.76986 -0.588366
242.35236 35.752083 -0.481116
242.35236 35.734306 -0.421505
242.35236 35.71653 -0.361746
242.35236 35.69875 -0.321325
242.35236 35.680973 -0.298044
242.35236 35.663193 -0.249756
242.35236 35.645416 -0.222196
242.35236 35.62764 -0.197073
242.35236 35.60986 -0.164808
242.35236 35.592083 -0.118144
242.35236 35.574306 -0.0753
242.35236 35.556526 -0.044699
242.35236 35.53875 -0.023343
242.37015 35.912083 0.054777
242.37015 35.894306 0.077177
242.37015 35.87653 0.114555
242.37015 35.85875 0.190966
242.37015 35.840973 0.316714
242.37015 35.823193 0.36047
242.37015 35.805416 -0.680101
242.37015 35.78764 -0.716476
242.37015 35.76986 -0.62018
242.37015 35.752083 -0.545125
242.37015 35.734306 -0.541228
242.37015 35.71653 -0.428961
242.37015 35.69875 -0.341035
242.37015 35.680973 -0.30302
242.37015 35.663193 -0.276323
242.37015 35.645416 -0.26336
242.37015 35.62764 -0.235488
242.37015 35.60986 -0.187982
242.37015 35.592083 -0.12347
242.37015 35.574306 -0.075062
242.37015 35.556526 -0.04874
242.37015 35.53875 -0.024704
242.38791 35.912083 0.060543
242.38791 35.894306 0.080183
242.38791 35.87653 0.116048
242.38791 35.85875 0.168861
242.38791 35.840973 0.248977
242.38791 35.823193 0.31686
242.38791 35.805416 0.410353
242.38791 35.78764 -0.686684
242.38791 35.76986 -0.62785
242.38791 35.752083 -0.575731
242.38791 35.734306 -0.605436
242.38791 35.71653 -0.495601
242.38791 35.69875 -0.397043
242.38791 35.680973 -0.338602
242.38791 35.663193 -0.317954
242.38791 35.645416 -0.307697
242.38791 35.62764 -0.285556
242.38791 35.60986 -0.224095
242.38791 35.592083 -0.134233
242.38791 35.574306 -0.079906
242.38791 35.556526 -0.050781
242.38791 35.53875 -0.030926
242.4057 35.912083 0.064398
242.4057 35.894306 0.077447
242.4057 35.87653 0.11319
242.4057 35.85875 0.157071
242.4057 35.840973 0.219632
242.4057 35.823193 0.290698
242.4057 35.805416 0.385472
242.4057 35.78764 0.446754
242.4057 35.76986 -0.588619
242.4057 35.752083 -0.577184
242.4057 35.734306 -0.598914
242.4057 35.71653 -0.55552
242.4057 35.69875 -0.446446
242.4057 35.680973 -0.372665
242.4057 35.663193 -0.344874
242.4057 35.645416 -0.347791
242.4057 35.62764 -0.334178
242.4057 35.60986 -0.271892
242.4057 35.592083 -0.147644
242.4057 35.574306 -0.101932
242.4057 35.556526 -0.065876
242.4057 35.53875 -0.04236
242.42346 35.912083 0.066169
242.42346 35.894306 0.080211
242.42346 35.87653 0.110721
242.42346 35.85875 0.147087
242.42346 35.840973 0.199857
242.42346 35.823193 0.281534
242.42346 35.805416 0.360144
242.42346 35.78764 0.417039
242.42346 35.76986 0.5143
242.42346 35.752083 0.774633
242.42346 35.734306 -0.370921
242.42346 35.71653 -0.528736
242.42346 35.69875 -0.509993
242.42346 35.680973 -0.42571
242.42346 35.663193 -0.397815
242.42346 35.645416 -0.392592
242.42346 35.62764 -0.383889
242.42346 35.60986 -0.283842
242.42346 35.592083 -0.179237
242.42346 35.574306 -0.13003
242.42346 35.556526 -0.087408
242.42346 35.53875 -0.059664
242.42346 35.520973 -0.039148
242.42346 35.503193 -0.022012
242.44125 35.912083 0.072272
242.44125 35.894306 0.085996
242.44125 35.87653 0.108962
242.44125 35.85875 0.145895
242.44125 35.840973 0.191899
242.44125 35.823193 0.249527
242.44125 35.805416 0.332849
242.44125 35.78764 0.413734
242.44125 35.76986 0.580775
242.44125 35.752083 0.792215
242.44125 35.734306 0.467163
242.44125 35.71653 -0.420735
242.44125 35.69875 -0.486197
242.44125 35.680973 -0.461548
242.44125 35.663193 -0.440806
242.44125 35.645416 -0.463914
242.44125 35.62764 -0.470639
242.44125 35.60986 -0.208651
242.44125 35.592083 -0.193575
242.44125 35.574306 -0.147696
242.44125 35.556526 -0.105811
242.44125 35.53875 -0.07158
242.44125 35.520973 -0.048115
242.44125 35.503193 -0.030016
242.45903 35.912083 0.073504
242.45903 35.894306 0.088589
242.45903 35.87653 0.110897
242.45903 35.85875 0.142688
242.45903 35.840973 0.18709
242.45903 35.823193 0.241322
242.45903 35.805416 0.318751
242.45903 35.78764 0.416461
242.45903 35.76986 0.56293
242.45903 35.752083 0.737902
242.45903 35.734306 0.887145
242.45903 35.71653 -0.306526
242.45903 35.69875 -0.493816
242.45903 35.680973 -0.507051
242.45903 35.663193 -0.483758
242.45903 35.645416 -0.471463
242.45903 35.62764 -0.198322
242.45903 35.60986 -0.217093
242.45903 35.592083 -0.194156
242.45903 35.574306 -0.152519
242.45903 35.556526 -0.114108
242.45903 35.53875 -0.082029
242.45903 35.520973 -0.053803
242.45903 35.503193 -0.039384
242.4768 35.912083 0.073991
242.4768 35.894306 0.090518
242.4768 35.87653 0.114851
242.4768 35.85875 0.140271
242.4768 35.840973 0.182757
242.4768 35.823193 0.235244
242.4768 35.805416 0.31177
242.4768 35.78764 0.403282
242.4768 35.76986 0.526432
242.4768 35.752083 0.673973
242.4768 35.734306 0.809948
242.4768 35.71653 0.800854
242.4768 35.69875 -0.409873
242.4768 35.680973 -0.445595
242.4768 35.663193 -0.489838
242.4768 35.645416 -0.228093
242.4768 35.62764 -0.203498
242.4768 35.60986 -0.206804
242.4768 35.592083 -0.184164
242.4768 35.574306 -0.151266
242.4768 35.556526 -0.118852
242.4768 35.53875 -0.088349
242.4768 35.520973 -0.062577
242.4768 35.503193 -0.045546
242.49458 35.912083 0.075167
242.49458 35.894306 0.092455
242.49458 35.87653 0.116071
242.49458 35.85875 0.141964
242.49458 35.840973 0.182587
242.49458 35.823193 0.232588
242.49458 35.805416 0.302431
242.49458 35.78764 0.388967
242.49458 35.76986 0.484536
242.49458 35.752083 0.598742
242.49458 35.734306 0.706423
242.49458 35.71653 0.712321
242.49458 35.69875 0.661079
242.49458 35.680973 0.623741
242.49458 35.663193 -0.140582
242.49458 35.645416 -0.190344
242.49458 35.592083 -0.179461
242.49458 35.574306 -0.153417
242.49458 35.556526 -0.122699
242.49458 35.53875 -0.090094
242.49458 35.520973 -0.066932
242.49458 35.503193 -0.049213
242.51236 35.912083 0.075245
242.51236 35.894306 0.093151
242.51236 35.87653 0.118131
242.51236 35.85875 0.143659
242.51236 35.840973 0.178734
242.51236 35.823193 0.226122
242.51236 35.805416 0.289842
242.51236 35.78764 0.362002
242.51236 35.76986 0.443316
242.51236 35.752083 0.533766
242.51236 35.734306 0.595887
242.51236 35.71653 0.679238
242.51236 35.69875 0.697344
242.51236 35.680973 0.684495
242.51236 35.663193 0.567932
242.51236 35.645416 -0.185826
242.51236 35.592083 -0.184008
242.51236 35.574306 -0.158719
242.51236 35.556526 -0.126929
242.51236 35.53875 -0.094931
242.51236 35.520973 -0.06873
242.51236 35.503193 -0.051755
242.53014 35.912083 0.075449
242.53014 35.894306 0.095015
242.53014 35.87653 0.119264
242.53014 35.85875 0.144488
242.53014 35.840973 0.175327
242.53014 35.823193 0.2194
242.53014 35.805416 0.274712
242.53014 35.78764 0.338584
242.53014 35.76986 0.410345
242.53014 35.752083 0.480786
242.53014 35.734306 0.556368
242.53014 35.71653 0.630243
242.53014 35.69875 0.703787
242.53014 35.680973 0.683888
242.53014 35.663193 0.588314
242.53014 35.645416 -0.163084
242.53014 35.62764 -0.202865
242.53014 35.60986 -0.210775
242.53014 35.592083 -0.196447
242.53014 35.574306 -0.166295
242.53014 35.556526 -0.132525
242.53014 35.53875 -0.098627
242.53014 35.520973 -0.067944
242.53014 35.503193 -0.055482
242.54791 35.912083 0.077012
242.54791 35.894306 0.095596
242.54791 35.87653 0.11814
242.54791 35.85875 0.143103
242.54791 35.840973 0.172133
242.54791 35.823193 0.211985
242.54791 35.805416 0.260482
242.54791 35.78764 0.314305
242.54791 35.76986 0.377211
242.54791 35.752083 0.445589
242.54791 35.734306 0.510744
242.54791 35.71653 0.592972
242.54791 35.69875 0.649717
242.54791 35.680973 0.642582
242.54791 35.663193 0.574014
242.54791 35.645416 0.625336
242.54791 35.62764 -0.112505
242.54791 35.60986 -0.187187
242.54791 35.592083 -0.192741
242.54791 35.574306 -0.171534
242.54791 35.556526 -0.134845
242.54791 35.53875 -0.097734
242.54791 35.520973 -0.066339
242.54791 35.503193 -0.054642
242.5657 35.912083 0.077434
242.5657 35.894306 0.096233
242.5657 35.87653 0.117827
242.5657 35.85875 0.140981
242.5657 35.840973 0.170193
242.5657 35.823193 0.201532
242.5657 35.805416 0.242591
242.5657 35.78764 0.290296
242.5657 35.76986 0.342595
242.5657 35.752083 0.404276
242.5657 35.734306 0.476281
242.5657 35.71653 0.542741
242.5657 35.69875 0.588708
242.5657 35.680973 0.578031
242.5657 35.663193 0.567172
242.5657 35.645416 0.654155
242.5657 35.62764 -0.18894
242.5657 35.60986 -0.173349
242.5657 35.592083 -0.198192
242.5657 35.574306 -0.160988
242.5657 35.556526 -0.127291
242.5657 35.53875 -0.0947
242.5657 35.520973 -0.068721
242.5657 35.503193 -0.049933
242.58347 35.912083 0.07618
242.58347 35.894306 0.095188
242.58347 35.87653 0.114777
242.58347 35.85875 0.136202
242.58347 35.840973 0.16323
242.58347 35.823193 0.189718
242.58347 35.805416 0.225006
242.58347 35.78764 0.264454
242.58347 35.76986 0.308765
242.58347 35.752083 0.36586
242.58347 35.734306 0.426906
242.58347 35.71653 0.480012
242.58347 35.69875 0.509468
242.58347 35.680973 0.520176
242.58347 35.663193 0.537248
242.58347 35.645416 0.591594
242.58347 35.62764 0.673735
242.58347 35.60986 -0.169943
242.58347 35.592083 -0.090918
242.58347 35.574306 -0.191269
242.58347 35.556526 -0.114566
242.58347 35.53875 -0.1003
242.58347 35.520973 -0.068022
242.58347 35.503193 -0.043492
242.60126 35.912083 0.075776
242.60126 35.894306 0.090801
242.60126 35.87653 0.109498
242.60126 35.85875 0.127977
242.60126 35.840973 0.150352
242.60126 35.823193 0.173628
242.60126 35.805416 0.205438
242.60126 35.78764 0.242128
242.60126 35.76986 0.279737
242.60126 35.752083 0.327544
242.60126 35.734306 0.360683
242.60126 35.71653 0.403374
242.60126 35.69875 0.439405
242.60126 35.680973 0.473135
242.60126 35.663193 0.492516
242.60126 35.645416 0.538683
242.60126 35.62764 0.594969
242.60126 35.60986 0.612259
242.60126 35.592083 -0.150172
242.60126 35.574306 -0.151332
242.60126 35.556526 -0.17503
242.60126 35.53875 -0.111223
242.60126 35.520973 -0.062783
242.60126 35.503193 -0.037066
242.61902 35.912083 0.071999
242.61902 35.894306 0.084546
242.61902 35.87653 0.100326
242.61902 35.85875 0.116458
242.61902 35.840973 0.137034
242.61902 35.823193 0.159822
242.61902 35.805416 0.186919
242.61902 35.78764 0.219966
242.61902 35.76986 0.246992
242.61902 35.752083 0.283198
242.61902 35.734306 0.306163
242.61902 35.71653 0.326846
242.61902 35.69875 0.394092
242.61902 35.680973 0.417359
242.61902 35.663193 0.440495
242.61902 35.645416 0.482072
242.61902 35.62764 0.525444
242.61902 35.60986 0.572271
242.61902 35.592083 0.703427
242.61902 35.574306 0.033291
242.61902 35.556526 0.024549
242.61902 35.53875 -0.064378
242.61902 35.520973 -0.0495
242.61902 35.503193 -0.02432
242.63681 36.143192 -0.006707
242.63681 35.912083 0.064586
242.63681 35.894306 0.078306
242.63681 35.87653 0.091761
242.63681 35.85875 0.107721
242.63681 35.840973 0.126663
242.63681 35.823193 0.147621
242.63681 35.805416 0.172234
242.63681 35.78764 0.200128
242.63681 35.76986 0.209621
242.63681 35.752083 0.252807
242.63681 35.734306 0.260415
242.63681 35.71653 0.28364
242.63681 35.69875 0.339116
242.63681 35.680973 0.366485
242.63681 35.663193 0.396877
242.63681 35.645416 0.424758
242.63681 35.62764 0.465323
242.63681 35.60986 0.527508
242.63681 35.592083 0.63952
242.63681 35.574306 0.321757
242.63681 35.556526 0.055327
242.63681 35.53875 0.011525
242.63681 35.520973 -0.013005
242.63681 35.503193 -0.011602
242.65459 36.143192 -0.008148
242.65459 35.912083 0.058311
242.65459 35.894306 0.07041
242.65459 35.87653 0.083793
242.65459 35.85875 0.100324
242.65459 35.840973 0.116007
242.65459 35.823193 0.133114
242.65459 35.805416 0.154675
242.65459 35.78764 0.193636
242.65459 35.76986 0.200306
242.65459 35.752083 0.216369
242.65459 35.734306 0.250942
242.65459 35.71653 0.258826
242.65459 35.69875 0.29742
242.65459 35.680973 0.3294
242.65459 35.663193 0.364087
242.65459 35.645416 0.375907
242.65459 35.62764 0.414079
242.65459 35.60986 0.47004
242.65459 35.592083 0.544379
242.65459 35.574306 0.512084
242.65459 35.556526 0.129875
242.65459 35.53875 0.047087
242.65459 35.520973 0.020985
242.65459 35.503193 0.007005
242.67236 35.87653 0.078228
242.67236 35.85875 0.09151
242.67236 35.840973 0.105111
242.67236 35.823193 0.121328
242.67236 35.805416 0.141715
242.67236 35.78764 0.172992
242.67236 35.76986 0.183419
242.67236 35.752083 0.200564
242.67236 35.734306 0.22439
242.67236 35.71653 0.238268
242.67236 35.69875 0.251976
242.67236 35.680973 0.2864
242.67236 35.663193 0.31275
242.67236 35.645416 0.327695
242.67236 35.62764 0.357229
242.67236 35.60986 0.397339
242.67236 35.592083 0.427279
242.67236 35.574306 0.409454
242.67236 35.556526 0.251393
242.67236 35.53875 0.09591
242.67236 35.520973 0.046985
242.67236 35.503193 0.020332
242.69014 35.87653 0.072902
242.69014 35.85875 0.083136
242.69014 35.840973 0.094655
242.69014 35.823193 0.109025
242.69014 35.805416 0.128114
242.69014 35.78764 0.148382
242.69014 35.76986 0.164441
242.69014 35.752083 0.183039
242.69014 35.734306 0.199372
242.69014 35.71653 0.21859
242.69014 35.69875 0.235381
242.69014 35.680973 0.25469
242.69014 35.663193 0.270395
242.69014 35.645416 0.279803
242.69014 35.62764 0.304422
242.69014 35.60986 0.32364
242.69014 35.592083 0.334814
242.69014 35.574306 0.316627
242.69014 35.556526 0.222704
242.69014 35.53875 0.117214
242.69014 35.520973 0.064479
242.69014 35.503193 0.0247
242.70792 35.805416 0.108637
242.70792 35.78764 0.128743
242.70792 35.76986 0.14609
242.70792 35.752083 0.157203
242.70792 35.734306 0.184435
242.70792 35.71653 0.198032
242.70792 35.69875 0.207192
242.70792 35.680973 0.223324
242.70792 35.663193 0.231813
242.70792 35.645416 0.243623
242.70792 35.62764 0.255555
242.70792 35.60986 0.263199
242.70792 35.592083 0.262661
242.70792 35.574306 0.244392
242.70792 35.556526 0.189359
242.70792 35.53875 0.119449
242.70792 35.520973 0.071406
242.70792 35.503193 0.040168
242.7257 35.805416 0.101273
242.7257 35.78764 0.115272
242.7257 35.76986 0.133271
242.7257 35.752083 0.143159
242.7257 35.734306 0.156703
242.7257 35.71653 0.17198
242.7257 35.69875 0.182398
242.7257 35.680973 0.192735
242.7257 35.663193 0.200571
242.7257 35.645416 0.208311
242.7257 35.62764 0.212002
242.7257 35.60986 0.211215
242.7257 35.592083 0.204306
242.7257 35.574306 0.194535
242.7257 35.556526 0.156253
242.7257 35.53875 0.114564
242.7257 35.520973 0.074718
242.7257 35.503193 0.049469
242.74347 35.87653 0.060027
242.74347 35.85875 0.07092
242.74347 35.76986 0.117345
242.74347 35.752083 0.12649
242.74347 35.734306 0.133906
242.74347 35.71653 0.143295
242.74347 35.69875 0.156213
242.74347 35.680973 0.164946
242.74347 35.663193 0.166714
242.74347 35.645416 0.172725
242.74347 35.62764 0.171559
242.74347 35.60986 0.169199
242.74347 35.592083 0.165783
242.74347 35.574306 0.155171
242.74347 35.556526 0.132569
242.74347 35.53875 0.101263
242.74347 35.520973 0.074518
242.74347 35.503193 0.048866
242.76126 35.87653 0.052155
242.76126 35.85875 0.068011
242.76126 35.76986 0.104138
242.76126 35.752083 0.111042
242.76126 35.734306 0.116756
242.76126 35.71653 0.124713
242.76126 35.69875 0.134866
242.76126 35.680973 0.14146
242.76126 35.663193 0.144372
242.76126 35.645416 0.148738
242.76126 35.62764 0.153161
242.76126 35.60986 0.15445
242.76126 35.592083 0.15288
242.76126 35.574306 0.139023
242.76126 35.556526 0.114725
242.76126 35.53875 0.087061
242.76126 35.520973 0.063037
242.76126 35.503193 0.046742
242.77902 35.840973 0.072103
242.77902 35.823193 0.082926
242.77902 35.592083 0.137745
242.77902 35.574306 0.121225
242.77902 35.556526 0.099934
242.77902 35.53875 0.074455
242.79681 35.840973 0.059584
242.79681 35.823193 0.072119
242.79681 35.592083 0.121706
242.79681 35.574306 0.107296
242.79681 35.556526 0.084125
242.79681 35.53875 0.063325
242.81458 35.805416 0.068883
242.81458 35.78764 0.084404
242.81458 35.76986 0.093494
242.81458 35.752083 0.099172
242.81458 35.62764 0.116546
242.81458 35.60986 0.115209
242.81458 35.592083 0.106254
242.81458 35.574306 0.09461
242.81458 35.556526 0.072804
242.81458 35.53875 0.055895
242.83237 35.805416 0.054702
242.83237 35.78764 0.065113
242.83237 35.76986 0.077576
242.83237 35.752083 0.08189
242.83237 35.62764 0.107835
242.83237 35.60986 0.097757
242.83237 35.592083 0.093295
242.83237 35.574306 0.08269
242.83237 35.556526 0.062299
242.83237 35.53875 0.049764
242.85013 35.76986 0.061854
242.85013 35.752083 0.069414
242.85013 35.734306 0.077772
242.85013 35.71653 0.085171
242.85013 35.69875 0.090136
242.85013 35.680973 0.087378
242.85013 35.62764 0.095126
242.85013 35.60986 0.086418
242.85013 35.592083 0.080009
242.85013 35.574306 0.070958
242.86792 35.76986 0.047267
242.86792 35.752083 0.055575
242.86792 35.734306 0.064731
242.86792 35.71653 0.069963
242.86792 35.69875 0.073719
242.86792 35.680973 0.075768
242.86792 35.62764 0.079002
242.86792 35.60986 0.073984
242.86792 35.592083 0.067743
242.86792 35.574306 0.05879
242.8857 36.10764 -0.013085
242.8857 35.734306 0.051623
242.8857 35.71653 0.05693
242.90347 36.10764 -0.017232
242.90347 35.734306 0.037509
242.90347 35.71653 0.043222
242.99237 35.414307 0.002111
243.02792 35.556526 0.005293
243.02792 35.53875 0.005428
243.06348 35.69875 -0.005222
243.09903 35.87653 -0.014329
243.13458 36.072083 -0.047592
241.82791 36.152084 0.010203
241.82791 36.116528 0.011379
241.82791 36.08097 0.010895
241.82791 36.045418 0.005702
241.82791 36.00986 -0.001598
241.82791 35.974304 -0.011405
241.82791 35.93875 -0.014869
241.82791 35.903194 -0.020813
241.82791 35.867638 -0.020465
241.82791 35.832085 -0.023067
241.82791 35.796528 -0.022406
241.82791 35.76097 -0.022594
241.82791 35.725418 -0.019341
241.82791 35.68986 -0.008797
241.82791 35.654305 -0.001505
241.82791 35.61875 0.001683
241.82791 35.583195 0.003868
241.82791 35.547638 0.008569
241.82791 35.51208 0.00666
241.82791 35.47653 0.006901
241.82791 35.44097 0.010393
241.82791 35.40542 0.008609
241.82791 35.36986 0.008641
241.82791 35.334305 0.004535
241.86346 36.152084 0.011022
241.86346 36.116528 0.013267
241.86346 36.08097 0.011956
241.86346 36.045418 0.007614
241.86346 36.00986 -0.001429
241.86346 35.974304 -0.008767
241.86346 35.93875 -0.014236
241.86346 35.903194 -0.01751
241.86346 35.867638 -0.022101
241.86346 35.832085 -0.027195
241.86346 35.796528 -0.023646
241.86346 35.76097 -0.031473
241.86346 35.725418 -0.022644
241.86346 35.68986 -0.007767
241.86346 35.654305 -0.00332
241.86346 35.61875 -0.000544
241.86346 35.583195 0.000547
241.86346 35.547638 0.008306
241.86346 35.51208 0.014347
241.86346 35.47653 0.013192
241.86346 35.44097 0.015888
241.86346 35.40542 0.006872
241.86346 35.36986 0.003205
241.86346 35.334305 -0.001346
241.89902 36.152084 0.015653
241.89902 36.116528 0.014632
241.89902 36.08097 0.01258
241.89902 36.045418 0.005908
241.89902 36.00986 -0.003931
241.89902 35.974304 -0.008624
241.89902 35.93875 -0.013378
241.89902 35.903194 -0.018419
241.89902 35.867638 -0.025192
241.89902 35.832085 -0.02913
241.89902 35.796528 -0.038138
241.89902 35.76097 -0.035732
241.89902 35.725418 -0.029576
241.89902 35.68986 -0.016235
241.89902 35.654305 -0.01045
241.89902 35.61875 -0.001003
241.89902 35.583195 0.003047
241.89902 35.547638 0.00961
241.89902 35.51208 0.010173
241.89902 35.47653 0.015165
241.89902 35.44097 0.009032
241.89902 35.40542 0.00522
241.89902 35.36986 -0.000557
241.89902 35.334305 -0.001104
241.93459 36.152084 0.016239
241.93459 36.116528 0.013829
241.93459 36.08097 0.009126
241.93459 36.045418 0.007466
241.93459 36.00986 -0.004914
241.93459 35.974304 -0.013218
241.93459 35.93875 -0.019058
241.93459 35.903194 -0.023987
241.93459 35.867638 -0.0297
241.93459 35.832085 -0.03713
241.93459 35.796528 -0.044874
241.93459 35.76097 -0.044861
241.93459 35.725418 -0.038637
241.93459 35.68986 -0.027206
241.93459 35.654305 -0.016979
241.93459 35.61875 -0.003081
241.93459 35.583195 -0.000361
241.93459 35.547638 0.002574
241.93459 35.51208 0.008246
241.93459 35.47653 0.007241
241.93459 35.44097 0.008224
241.93459 35.40542 0.005528
241.93459 35.36986 0.00475
241.93459 35.334305 0.000683
241.97014 36.152084 0.01728
241.97014 36.116528 0.015184
241.97014 36.08097 0.009297
241.97014 36.045418 0.000744
241.97014 36.00986 -0.007886
241.97014 35.974304 -0.016836
241.97014 35.93875 -0.024425
241.97014 35.903194 -0.032691
241.97014 35.867638 -0.037943
241.97014 35.832085 -0.051245
241.97014 35.796528 -0.052801
241.97014 35.76097 -0.052017
241.97014 35.725418 -0.044942
241.97014 35.68986 -0.033965
241.97014 35.654305 -0.023135
241.97014 35.61875 -0.008404
241.97014 35.583195 -0.006633
241.97014 35.547638 -0.000823
241.97014 35.51208 -0.000779
241.97014 35.47653 0.004731
241.97014 35.44097 0.007571
241.97014 35.40542 0.010158
241.97014 35.36986 0.006654
241.97014 35.334305 0.005374
242.00569 36.152084 0.019054
242.00569 36.116528 0.014109
242.00569 36.08097 0.003868
242.00569 36.045418 -0.005431
242.00569 36.00986 -0.012888
242.00569 35.974304 -0.020872
242.00569 35.93875 -0.032008
242.00569 35.903194 -0.041643
242.00569 35.867638 -0.052035
242.00569 35.832085 -0.056383
242.00569 35.796528 -0.061205
242.00569 35.76097 -0.057472
242.00569 35.725418 -0.043843
242.00569 35.68986 -0.039602
242.00569 35.654305 -0.030333
242.00569 35.61875 -0.013356
242.00569 35.583195 -0.013954
242.00569 35.547638 -0.007764
242.00569 35.51208 -0.004637
242.00569 35.47653 0.002958
242.00569 35.44097 0.007062
242.00569 35.40542 0.004957
242.00569 35.36986 0.006939
242.04126 36.152084 0.017927
242.04126 36.116528 0.011118
242.04126 36.08097 0.0018
242.04126 36.045418 -0.008296
242.04126 36.00986 -0.017763
242.04126 35.974304 -0.028177
242.04126 35.93875 -0.040649
242.04126 35.903194 -0.055451
242.04126 35.867638 -0.066539
242.04126 35.832085 -0.077497
242.04126 35.796528 -0.081285
242.04126 35.76097 -0.075254
242.04126 35.68986 -0.049178
242.04126 35.654305 -0.039265
242.04126 35.61875 -0.025559
242.04126 35.583195 -0.022764
242.04126 35.547638 -0.018284
242.04126 35.51208 -0.006165
242.04126 35.47653 0.001045
242.04126 35.44097 0.00486
242.04126 35.40542 0.004476
242.04126 35.36986 0.003129
242.07681 36.152084 0.026169
242.07681 36.116528 0.021152
242.07681 36.08097 0.004519
242.07681 36.045418 -0.004312
242.07681 36.00986 -0.02094
242.07681 35.974304 -0.041961
242.07681 35.93875 -0.056068
242.07681 35.867638 -0.086905
242.07681 35.832085 -0.094481
242.07681 35.796528 -0.094138
242.07681 35.76097 -0.090888
242.07681 35.725418 -0.0803
242.07681 35.68986 -0.062554
242.07681 35.654305 -0.047076
242.07681 35.61875 -0.036934
242.07681 35.583195 -0.029142
242.07681 35.547638 -0.019446
242.07681 35.51208 -0.011928
242.07681 35.47653 -0.001025
242.07681 35.44097 0.001
242.07681 35.40542 0.008303
242.07681 35.36986 0.004258
242.11237 36.152084 0.032349
242.11237 36.116528 0.027493
242.11237 36.08097 0.012566
242.11237 36.045418 0.000706
242.11237 36.00986 -0.011859
242.11237 35.654305 -0.066571
242.11237 35.61875 -0.051541
242.11237 35.583195 -0.031322
242.11237 35.547638 -0.020385
242.11237 35.51208 -0.015668
242.11237 35.47653 -0.005614
242.11237 35.44097 0.001953
242.11237 35.40542 0.011016
242.11237 35.36986 0.006588
242.14792 36.152084 0.035872
242.14792 36.116528 0.034108
242.14792 36.08097 0.024639
242.14792 36.045418 0.006242
242.14792 36.00986 -0.003286
242.14792 35.61875 -0.062896
242.14792 35.583195 -0.039912
242.14792 35.547638 -0.021396
242.14792 35.51208 -0.014173
242.14792 35.47653 -0.004759
242.14792 35.44097 0.002737
242.14792 35.40542 0.009026
242.14792 35.36986 0.002986
242.18347 36.152084 0.043523
242.18347 36.116528 0.041756
242.18347 36.08097 0.039558
242.18347 36.045418 0.031562
242.18347 36.00986 0.015964
242.18347 35.583195 -0.050665
242.18347 35.547638 -0.028503
242.18347 35.51208 -0.013802
242.18347 35.47653 -0.005259
242.18347 35.44097 0.007032
242.18347 35.40542 0.009574
242.18347 35.36986 0.002307
242.18347 35.334305 0.004221
242.21902 36.152084 0.043519
242.21902 36.116528 0.048564
242.21902 36.08097 0.048038
242.21902 36.045418 0.040884
242.21902 36.00986 0.033367
242.21902 35.547638 -0.030858
242.21902 35.51208 -0.009431
242.21902 35.47653 -0.003325
242.21902 35.44097 0.006954
242.21902 35.40542 0.001704
242.21902 35.36986 0.000945
242.21902 35.334305 0.008928
242.25458 36.152084 0.045272
242.25458 36.116528 0.048808
242.25458 36.08097 0.048928
242.25458 36.045418 0.044335
242.25458 36.00986 0.050678
242.25458 35.51208 -0.008219
242.25458 35.47653 0.000203
242.25458 35.44097 0.008941
242.25458 35.40542 0.003889
242.25458 35.36986 0.004171
242.25458 35.334305 0.010175
242.29013 36.152084 0.045929
242.29013 36.116528 0.048539
242.29013 36.08097 0.052333
242.29013 36.045418 0.056265
242.29013 36.00986 0.059277
242.29013 35.974304 0.052186
242.29013 35.51208 -0.005887
242.29013 35.47653 0.006999
242.29013 35.44097 0.012918
242.29013 35.40542 0.002321
242.29013 35.36986 0.006576
242.29013 35.334305 0.016108
242.32568 36.152084 0.045524
242.32568 36.116528 0.047704
242.32568 36.08097 0.053865
242.32568 36.045418 0.06116
242.32568 36.00986 0.06265
242.32568 35.974304 0.058917
242.32568 35.93875 0.045231
242.32568 35.51208 -0.005389
242.32568 35.47653 0.004748
242.32568 35.44097 0.006325
242.32568 35.40542 0.004622
242.32568 35.36986 0.011208
242.32568 35.334305 0.017659
242.36125 36.152084 0.041686
242.36125 36.116528 0.046428
242.36125 36.08097 0.052114
242.36125 36.045418 0.059032
242.36125 36.00986 0.058627
242.36125 35.974304 0.055751
242.36125 35.93875 0.05189
242.36125 35.51208 -0.00692
242.36125 35.47653 0.001932
242.36125 35.44097 0.000133
242.36125 35.40542 0.003312
242.36125 35.36986 0.012014
242.36125 35.334305 0.011493
242.3968 36.152084 0.035487
242.3968 36.116528 0.040554
242.3968 36.08097 0.045288
242.3968 36.045418 0.053315
242.3968 36.00986 0.054904
242.3968 35.974304 0.05207
242.3968 35.93875 0.052573
242.3968 35.51208 -0.019079
242.3968 35.47653 -0.00783
242.3968 35.44097 -0.00191
242.3968 35.40542 0.001419
242.3968 35.36986 0.007968
242.3968 35.334305 0.009681
242.43236 36.152084 0.029302
242.43236 36.116528 0.034807
242.43236 36.08097 0.040229
242.43236 36.045418 0.04392
242.43236 36.00986 0.047464
242.43236 35.974304 0.049975
242.43236 35.93875 0.057018
242.43236 35.47653 -0.016155
242.43236 35.44097 -0.006569
242.43236 35.40542 -0.00074
242.43236 35.36986 0.002757
242.43236 35.334305 0.00832
242.46793 36.152084 0.024932
242.46793 36.116528 0.030076
242.46793 36.08097 0.03559
242.46793 36.045418 0.039275
242.46793 36.00986 0.038314
242.46793 35.974304 0.046027
242.46793 35.93875 0.057791
242.46793 35.47653 -0.022901
242.46793 35.44097 -0.012006
242.46793 35.40542 -0.005496
242.46793 35.36986 -0.001542
242.46793 35.334305 0.00209
242.50348 36.152084 0.020035
242.50348 36.116528 0.021317
242.50348 36.08097 0.029275
242.50348 36.045418 0.03387
242.50348 36.00986 0.036196
242.50348 35.974304 0.046569
242.50348 35.93875 0.057021
242.50348 35.61875 -0.200437
242.50348 35.47653 -0.026082
242.50348 35.44097 -0.015287
242.50348 35.40542 -0.006949
242.50348 35.36986 -0.005695
242.50348 35.334305 -0.000276
242.53903 36.152084 0.017171
242.53903 36.116528 0.019332
242.53903 36.08097 0.021565
242.53903 36.045418 0.027043
242.53903 36.00986 0.035177
242.53903 35.974304 0.044241
242.53903 35.93875 0.058242
242.53903 35.47653 -0.024746
242.53903 35.44097 -0.024318
242.53903 35.40542 -0.011568
242.53903 35.36986 -0.005125
242.53903 35.334305 -0.001116
242.57458 36.152084 0.010001
242.57458 36.116528 0.013857
242.57458 36.08097 0.016877
242.57458 36.045418 0.024603
242.57458 36.00986 0.030854
242.57458 35.974304 0.043563
242.57458 35.93875 0.058487
242.57458 35.47653 -0.025369
242.57458 35.44097 -0.020363
242.57458 35.40542 -0.010148
242.57458 35.36986 -0.009179
242.57458 35.334305 -0.002554
242.61014 36.152084 0.000403
242.61014 36.116528 0.004319
242.61014 36.08097 0.009723
242.61014 36.045418 0.01577
242.61014 36.00986 0.023736
242.61014 35.974304 0.03855
242.61014 35.93875 0.054835
242.61014 35.47653 -0.018294
242.61014 35.44097 -0.017927
242.61014 35.40542 -0.008837
242.61014 35.36986 -0.008984
242.61014 35.334305 -0.004283
242.64569 36.116528 -0.003471
242.64569 36.08097 0.003764
242.64569 36.045418 0.009818
242.64569 36.00986 0.018115
242.64569 35.974304 0.03088
242.64569 35.93875 0.048108
242.64569 35.47653 -0.007188
242.64569 35.44097 -0.003466
242.64569 35.40542 -0.011944
242.64569 35.36986 -0.006083
242.64569 35.334305 -0.005916
242.68124 36.116528 -0.00729
242.68124 36.08097 -0.001163
242.68124 36.045418 0.007349
242.68124 36.00986 0.015588
242.68124 35.974304 0.025516
242.68124 35.93875 0.041793
242.68124 35.903194 0.05784
242.68124 35.47653 0.011491
242.68124 35.44097 0.007323
242.68124 35.40542 -0.002149
242.68124 35.36986 -0.006074
242.68124 35.334305 -0.001898
242.7168 36.116528 -0.007897
242.7168 36.08097 -0.00331
242.7168 36.045418 0.002077
242.7168 36.00986 0.009307
242.7168 35.974304 0.01743
242.7168 35.93875 0.034033
242.7168 35.903194 0.056138
242.7168 35.867638 0.071245
242.7168 35.832085 0.088523
242.7168 35.47653 0.026033
242.7168 35.44097 0.011658
242.7168 35.40542 0.004419
242.7168 35.36986 -0.006295
242.7168 35.334305 -0.004944
242.75235 36.116528 -0.009657
242.75235 36.08097 -0.004544
242.75235 36.045418 0.002572
242.75235 36.00986 0.006101
242.75235 35.974304 0.012403
242.75235 35.93875 0.024699
242.75235 35.903194 0.040252
242.75235 35.832085 0.081178
242.75235 35.796528 0.097082
242.75235 35.47653 0.029285
242.75235 35.44097 0.014408
242.75235 35.40542 0.008146
242.75235 35.36986 -3.8e-05
242.75235 35.334305 -0.003968
242.78792 36.116528 -0.010424
242.78792 36.08097 -0.004749
242.78792 36.045418 -2.9e-05
242.78792 36.00986 0.006432
242.78792 35.974304 0.011417
242.78792 35.93875 0.017101
242.78792 35.903194 0.031515
242.78792 35.867638 0.049415
242.78792 35.796528 0.08818
242.78792 35.76097 0.098086
242.78792 35.725418 0.110246
242.78792 35.68986 0.117732
242.78792 35.654305 0.127279
242.78792 35.61875 0.139867
242.78792 35.51208 0.045607
242.78792 35.47653 0.033177
242.78792 35.44097 0.013634
242.78792 35.40542 0.009423
242.78792 35.36986 0.001412
242.78792 35.334305 -0.001268
242.82347 36.116528 -0.003539
242.82347 36.08097 0.001078
242.82347 36.045418 0.005102
242.82347 36.00986 0.015864
242.82347 35.974304 0.020677
242.82347 35.93875 0.017667
242.82347 35.903194 0.023127
242.82347 35.867638 0.036634
242.82347 35.832085 0.048712
242.82347 35.725418 0.103981
242.82347 35.68986 0.103207
242.82347 35.654305 0.108101
242.82347 35.51208 0.039517
242.82347 35.47653 0.025179
242.82347 35.44097 0.018163
242.82347 35.40542 0.011471
242.82347 35.36986 0.003559
242.82347 35.334305 -0.004391
242.85904 36.116528 -0.004492
242.85904 36.08097 -0.000954
242.85904 36.045418 0.003624
242.85904 36.00986 0.009312
242.85904 35.974304 0.016741
242.85904 35.93875 0.021359
242.85904 35.903194 0.031057
242.85904 35.867638 0.032256
242.85904 35.832085 0.032169
242.85904 35.796528 0.044014
242.85904 35.654305 0.084951
242.85904 35.547638 0.045711
242.85904 35.51208 0.032348
242.85904 35.47653 0.02247
242.85904 35.44097 0.015854
242.85904 35.40542 0.007235
242.85904 35.36986 0.002012
242.85904 35.334305 -0.001742
242.89459 36.08097 -0.008089
242.89459 36.045418 -0.006747
242.89459 36.00986 0.000681
242.89459 35.974304 0.009531
242.89459 35.93875 0.018263
242.89459 35.903194 0.026595
242.89459 35.867638 0.026512
242.89459 35.832085 0.029942
242.89459 35.796528 0.034373
242.89459 35.76097 0.036783
242.89459 35.68986 0.054907
242.89459 35.654305 0.059161
242.89459 35.61875 0.059877
242.89459 35.583195 0.048595
242.89459 35.547638 0.03358
242.89459 35.51208 0.024516
242.89459 35.47653 0.014259
242.89459 35.44097 0.009695
242.89459 35.40542 0.00731
242.89459 35.36986 -0.003047
242.89459 35.334305 -0.006586
242.93015 36.08097 -0.019514
242.93015 36.045418 -0.015536
242.93015 36.00986 -0.002889
242.93015 35.974304 0.00843
242.93015 35.93875 0.0148
242.93015 35.903194 0.020793
242.93015 35.867638 0.020168
242.93015 35.832085 0.027396
242.93015 35.796528 0.023661
242.93015 35.76097 0.0236
242.93015 35.725418 0.028315
242.93015 35.68986 0.033191
242.93015 35.654305 0.037815
242.93015 35.61875 0.039512
242.93015 35.583195 0.034344
242.93015 35.547638 0.025102
242.93015 35.51208 0.017066
242.93015 35.47653 0.009903
242.93015 35.44097 0.002015
242.93015 35.40542 0.005242
242.93015 35.36986 -0.006426
242.93015 35.334305 -0.008438
242.9657 36.08097 -0.017108
242.9657 36.045418 -0.0156
242.9657 36.00986 -0.005407
242.9657 35.974304 0.005786
242.9657 35.93875 0.010498
242.9657 35.903194 0.014896
242.9657 35.867638 0.015027
242.9657 35.832085 0.020366
242.9657 35.796528 0.012867
242.9657 35.76097 0.011784
242.9657 35.725418 0.016227
242.9657 35.68986 0.031421
242.9657 35.654305 0.023974
242.9657 35.61875 0.029732
242.9657 35.583195 0.022491
242.9657 35.547638 0.015947
242.9657 35.51208 0.012192
242.9657 35.47653 0.009572
242.9657 35.44097 0.006504
242.9657 35.40542 0.001221
242.9657 35.36986 -0.007471
242.9657 35.334305 -0.008851
243.00125 36.08097 -0.018835
243.00125 36.045418 -0.01544
243.00125 36.00986 -0.008111
243.00125 35.974304 -0.001094
243.00125 35.93875 0.004853
243.00125 35.903194 0.007495
243.00125 35.867638 0.011293
243.00125 35.832085 0.004722
243.00125 35.796528 -0.000309
243.00125 35.76097 -0.001113
243.00125 35.725418 0.006099
243.00125 35.68986 0.022079
243.00125 35.654305 0.01818
243.00125 35.61875 0.020157
243.00125 35.583195 0.014578
243.00125 35.547638 0.010377
243.00125 35.51208 0.004804
243.00125 35.47653 0.004978
243.00125 35.44097 0.002355
243.0368 36.08097 -0.024198
243.0368 36.045418 -0.018507
243.0368 36.00986 -0.01545
243.0368 35.974304 -0.00608
243.0368 35.93875 -0.004568
243.0368 35.903194 -0.002412
243.0368 35.867638 -0.000826
243.0368 35.832085 -0.00581
243.0368 35.796528 -0.010795
243.0368 35.76097 -0.009369
243.0368 35.725418 -0.004357
243.0368 35.68986 0.001435
243.0368 35.654305 0.008777
243.0368 35.61875 0.014426
243.0368 35.583195 0.007802
243.07236 36.08097 -0.031031
243.07236 36.045418 -0.026437
243.07236 36.00986 -0.018707
243.07236 35.974304 -0.012498
243.07236 35.93875 -0.012668
243.07236 35.903194 -0.007315
243.07236 35.867638 -0.008011
243.07236 35.832085 -0.01625
243.07236 35.796528 -0.012468
243.07236 35.76097 -0.015518
243.07236 35.725418 -0.008977
243.10791 36.08097 -0.038524
243.10791 36.045418 -0.033935
243.10791 36.00986 -0.028372
243.10791 35.974304 -0.019137
243.10791 35.93875 -0.021731
243.10791 35.903194 -0.015305
243.14346 36.045418 -0.047474
243.14346 36.00986 -0.034593
