242.03236 35.734306 -0.11656650449977839
242.03236 35.71653 -0.11010583764978567
242.05014 35.734306 -0.12446881932302413
242.05014 35.71653 -0.11714096524556757
242.06792 35.912083 -0.10665643679231639
242.06792 35.894306 -0.11973532917297598
242.0857 35.912083 -0.11233517637566867
242.0857 35.894306 -0.12760704481421792
242.10347 35.983192 -0.050620064916430216
242.10347 35.965416 -0.0652066511420406
242.10347 35.94764 -0.08164785568312238
242.10347 35.92986 -0.09950710351372469
242.10347 35.912083 -0.1179688758357136
242.10347 35.894306 -0.13590623265143725
242.10347 35.87653 -0.15202327839062235
242.10347 35.85875 -0.165057404633705
242.10347 35.840973 -0.17408115914914674
242.10347 35.823193 -0.17872172873765033
242.10347 35.805416 -0.17912552502333803
242.10347 35.78764 -0.17584522252708001
242.10347 35.76986 -0.16963555828884022
242.10347 35.752083 -0.1612866222940508
242.10347 35.734306 -0.1514732233000479
242.10347 35.71653 -0.14075223551865376
242.10347 35.69875 -0.12948983148747745
242.10347 35.680973 -0.11800156993731002
242.12125 35.983192 -0.047502194619791244
242.12125 35.965416 -0.06329101581693951
242.12125 35.94764 -0.08155125823312276
242.12125 35.92986 -0.10189277702611942
242.12125 35.912083 -0.12336625321820834
242.12125 35.894306 -0.14456742080350007
242.12125 35.87653 -0.16377330750049654
242.12125 35.85875 -0.17925043850289327
242.12125 35.840973 -0.1897495041729293
242.12125 35.823193 -0.19480871707690306
242.12125 35.805416 -0.19473127271025323
242.12125 35.78764 -0.1903525799861434
242.12125 35.76986 -0.18271955998843206
242.12125 35.752083 -0.17283827921861852
242.12125 35.734306 -0.16153078665141754
242.12125 35.71653 -0.14940953193007692
242.12125 35.69875 -0.13687574095049734
242.12125 35.680973 -0.12422905214118031
242.13904 35.983192 -0.043059483737127494
242.13904 35.965416 -0.059931240484917395
242.13904 35.94764 -0.08004197762952772
242.13904 35.92986 -0.10312406366958199
242.13904 35.912083 -0.12814990054308836
242.13904 35.894306 -0.15337820633253385
242.13904 35.87653 -0.17647875123532952
242.13904 35.85875 -0.19503231600781995
242.13904 35.840973 -0.20730529901961287
242.13904 35.823193 -0.21274213798863442
242.13904 35.805416 -0.21191417346259622
242.13904 35.78764 -0.2060883483277024
242.13904 35.76986 -0.19670616211868747
242.13904 35.752083 -0.18504580356404493
242.13904 35.734306 -0.17207310923829025
242.13904 35.71653 -0.15844273992653593
242.13904 35.69875 -0.14457005257629488
242.13904 35.680973 -0.13071393684309612
242.13904 35.663193 -0.11701590594204582
242.13904 35.645416 -0.10359010711959536
242.13904 35.343193 0.014434393322639651
242.1568 35.983192 -0.0370876626610233
242.1568 35.965416 -0.05478249357393836
242.1568 35.94764 -0.07663059749141918
242.1568 35.92986 -0.102605994981461
242.1568 35.912083 -0.1317500702223348
242.1568 35.894306 -0.16194860408437692
242.1568 35.87653 -0.19000701711407236
242.1568 35.85875 -0.21248065071189232
242.1568 35.840973 -0.22688878648441566
242.1568 35.823193 -0.23259431593282154
242.1568 35.805416 -0.23064407518178803
242.1568 35.78764 -0.22294589981429824
242.1568 35.76986 -0.21146683170143046
242.1568 35.752083 -0.19779653063108912
242.1568 35.734306 -0.18302582043850713
242.1568 35.71653 -0.16782774616651844
242.1568 35.69875 -0.15258086732642348
242.1568 35.680973 -0.13748996347194278
242.1568 35.663193 -0.12264982349612343
242.1568 35.645416 -0.10813940818866881
242.1568 35.343193 0.01581377473096285
242.17459 35.983192 -0.029391654902957493
242.17459 35.965416 -0.04746054115703677
242.17459 35.94764 -0.07071787826484878
242.17459 35.92986 -0.09958713494534409
242.17459 35.912083 -0.13338907407046774
242.17459 35.894306 -0.1696885932813889
242.17459 35.87653 -0.20414295057438767
242.17459 35.85875 -0.23168446415286006
242.17459 35.840973 -0.24867869647721177
242.17459 35.823193 -0.2544518819236413
242.17459 35.805416 -0.2508741082548312
242.17459 35.78764 -0.24081582695290057
242.17459 35.76986 -0.2269071210771443
242.17459 35.752083 -0.21104615383025382
242.17459 35.734306 -0.1943997353160595
242.17459 35.71653 -0.17760903827105518
242.17459 35.69875 -0.1609805768751128
242.17459 35.680973 -0.14464500454864776
242.17459 35.663193 -0.12863531183208876
242.17459 35.645416 -0.11298893364170648
242.17459 35.62764 -0.09776734533267811
242.17459 35.60986 -0.08308255375192228
242.19235 35.983192 -0.019939850373408157
242.19235 35.965416 -0.03770430560108419
242.19235 35.94764 -0.061694505510450914
242.19235 35.92986 -0.09306555020946443
242.19235 35.912083 -0.1318276338928743
242.19235 35.894306 -0.1754967390475978
242.19235 35.87653 -0.21825108771163607
242.19235 35.85875 -0.2524412285018426
242.19235 35.840973 -0.27255627981118374
242.19235 35.823193 -0.27804637649781433
242.19235 35.805416 -0.2722244957849686
242.19235 35.78764 -0.2593469196850405
242.19235 35.76986 -0.24278826222545877
242.19235 35.752083 -0.22468078755364757
242.19235 35.734306 -0.20617899717557425
242.19235 35.71653 -0.18783525647362526
242.19235 35.69875 -0.1698562742294928
242.19235 35.680973 -0.15228350632240145
242.19235 35.663193 -0.1350797774210735
242.19235 35.645416 -0.11823676012534827
242.19235 35.62764 -0.10179801991489941
242.19235 35.60986 -0.08589359510712205
242.21014 35.983192 -0.008845604137316762
242.21014 35.965416 -0.025400295728450022
242.21014 35.94764 -0.04900792684751974
242.21014 35.92986 -0.08185722698527212
242.21014 35.912083 -0.12531460324234622
242.21014 35.894306 -0.17760037492174857
242.21014 35.87653 -0.23121755000412275
242.21014 35.85875 -0.27433260029116396
242.21014 35.840973 -0.29820588624812994
242.21014 35.823193 -0.30287124932743265
242.21014 35.805416 -0.2941763072184982
242.21014 35.78764 -0.278212878093159
242.21014 35.76986 -0.2590197835547248
242.21014 35.752083 -0.23878454644923747
242.21014 35.734306 -0.21854697993729952
242.21014 35.71653 -0.19873257951800147
242.21014 35.69875 -0.1794437240564173
242.21014 35.680973 -0.16063392980393304
242.21014 35.663193 -0.1421928501407738
242.21014 35.645416 -0.12406204134587188
242.21014 35.62764 -0.1062708679331995
242.21014 35.60986 -0.0889810831015212
242.21014 35.592083 -0.07247710324204064
242.21014 35.574306 -0.05708212305868225
242.22792 35.983192 0.0034063987058975164
242.22792 35.965416 -0.010921512460741623
242.22792 35.94764 -0.03260989657645333
242.22792 35.92986 -0.06501387098329392
242.22792 35.912083 -0.11165228937210797
242.22792 35.894306 -0.17309092719207728
242.22792 35.87653 -0.2408159415534635
242.22792 35.85875 -0.29612224464499254
242.22792 35.840973 -0.3244455089802989
242.22792 35.823193 -0.3276354455498275
242.22792 35.805416 -0.3158037222045288
242.22792 35.78764 -0.2970347078704574
242.22792 35.76986 -0.27562801178263235
242.22792 35.752083 -0.25359512594639616
242.22792 35.734306 -0.23181350069170997
242.22792 35.71653 -0.2106154434204351
242.22792 35.69875 -0.1900347309909428
242.22792 35.680973 -0.1699591836822986
242.22792 35.663193 -0.15020684507471269
242.22792 35.645416 -0.1306615971318264
242.22792 35.62764 -0.11133717850736427
242.22792 35.60986 -0.09244085937836119
242.22792 35.592083 -0.07435909839134662
242.22792 35.574306 -0.05753639928094258
242.2457 35.983192 0.015988757314308207
242.2457 35.965416 0.004775178332323654
242.2457 35.94764 -0.013305244272306456
242.2457 35.92986 -0.04243564062043867
242.2457 35.912083 -0.08868706770896523
242.2457 35.894306 -0.15760173558329957
242.2457 35.87653 -0.2429752985984018
242.2457 35.85875 -0.31531764867029166
242.2457 35.840973 -0.34880894770609905
242.2457 35.823193 -0.3503285882173353
242.2457 35.805416 -0.3363241144726035
242.2457 35.78764 -0.31598559458694153
242.2457 35.76986 -0.29321981717188655
242.2457 35.752083 -0.2698113609454061
242.2457 35.734306 -0.246622813771231
242.2457 35.71653 -0.22403023991406734
242.2457 35.69875 -0.2020849705354236
242.2457 35.680973 -0.18064325130510706
242.2457 35.663193 -0.15944831951886482
242.2457 35.645416 -0.1383070741596833
242.2457 35.62764 -0.11720217733574852
242.2457 35.60986 -0.09640037808221562
242.2457 35.592083 -0.07643720035604948
242.2457 35.574306 -0.05793411744113211
242.2457 35.556526 -0.04142075833638369
242.2457 35.53875 -0.02721404722179341
242.26347 35.983192 0.027729220462404086
242.26347 35.965416 0.01999613608642308
242.26347 35.94764 0.006676564337178455
242.26347 35.92986 -0.01628548971852583
242.26347 35.912083 -0.05635332958057171
242.26347 35.894306 -0.12577379579090361
242.26347 35.87653 -0.22998085220298295
242.26347 35.85875 -0.32650685174410604
242.26347 35.840973 -0.36637404247149713
242.26347 35.823193 -0.3688016448804302
242.26347 35.805416 -0.35617818591784733
242.26347 35.78764 -0.33649351729297255
242.26347 35.76986 -0.31328386205795555
242.26347 35.752083 -0.28868075283677286
242.26347 35.734306 -0.26394498437640185
242.26347 35.71653 -0.23971578388102924
242.26347 35.69875 -0.2161641050037163
242.26347 35.680973 -0.19314437140824228
242.26347 35.663193 -0.1703043643733576
242.26347 35.645416 -0.14732145334989588
242.26347 35.62764 -0.12410796586101076
242.26347 35.60986 -0.10100240079961087
242.26347 35.592083 -0.07875615249316907
242.26347 35.574306 -0.05825487958732599
242.26347 35.556526 -0.04021031607782398
242.26347 35.53875 -0.024986904017022016
242.28125 35.94764 0.023715824306766446
242.28125 35.92986 0.007740708618593344
242.28125 35.912083 -0.021246071484726684
242.28125 35.894306 -0.07700423277514386
242.28125 35.87653 -0.1870810716376237
242.28125 35.85875 -0.3155773535170802
242.28125 35.840973 -0.3698512314161644
242.28125 35.823193 -0.38464371517937057
242.28125 35.805416 -0.3793561606462546
242.28125 35.78764 -0.3620411541998202
242.28125 35.76986 -0.33836332702578975
242.28125 35.752083 -0.3119898128777782
242.28125 35.734306 -0.28503426416059896
242.28125 35.71653 -0.2585655773501216
242.28125 35.69875 -0.23293130417594543
242.28125 35.680973 -0.20798170034710842
242.28125 35.663193 -0.18321488212997034
242.28125 35.645416 -0.1580854914992871
242.28125 35.62764 -0.1323457052539026
242.28125 35.60986 -0.10640494676748996
242.28125 35.592083 -0.08134417185804307
242.28125 35.574306 -0.05845014003968084
242.28125 35.556526 -0.038677480256060895
242.28125 35.53875 -0.022405343501275186
242.29903 35.94764 0.03412660197176531
242.29903 35.92986 0.02182774566758107
242.29903 35.912083 8.12872269245063e-05
242.29903 35.894306 -0.037690898812287946
242.29903 35.87653 -0.10676738156319476
242.29903 35.85875 -0.23873421769508682
242.29903 35.840973 -0.36592106979575595
242.29903 35.823193 -0.4113140305850285
242.29903 35.805416 -0.4144842432688974
242.29903 35.78764 -0.397629348153304
242.29903 35.76986 -0.37148539052764523
242.29903 35.752083 -0.34169457651080065
242.29903 35.734306 -0.31122065736238536
242.29903 35.71653 -0.28151419848151693
242.29903 35.69875 -0.2530662176218257
242.29903 35.680973 -0.22568925527013378
242.29903 35.663193 -0.19865296037043295
242.29903 35.645416 -0.17103789361623806
242.29903 35.62764 -0.14226509656600062
242.29903 35.60986 -0.11278472588176235
242.29903 35.592083 -0.08420033045879706
242.29903 35.574306 -0.058435603254681834
242.29903 35.556526 -0.03675644547113448
242.29903 35.53875 -0.019467066458006648
242.3168 35.912083 -0.004162290311607263
242.3168 35.894306 -0.05462647469489079
242.3168 35.87653 -0.15034252922332508
242.3168 35.85875 -0.12338456012623573
242.3168 35.840973 -0.3881444616159189
242.3168 35.823193 -0.4627990933164986
242.3168 35.805416 -0.4672545797213115
242.3168 35.78764 -0.4461745104807096
242.3168 35.76986 -0.41452982187977067
242.3168 35.752083 -0.37917744487811067
242.3168 35.734306 -0.3435649645785191
242.3168 35.71653 -0.30937187127059135
242.3168 35.69875 -0.2771839384917906
242.3168 35.680973 -0.24676266485417456
242.3168 35.663193 -0.21709337377992105
242.3168 35.645416 -0.18668276271649872
242.3168 35.62764 -0.15430496041461728
242.3168 35.60986 -0.12033962332024593
242.3168 35.592083 -0.08726980007564784
242.3168 35.574306 -0.058079783065127455
242.3168 35.556526 -0.03439014033603223
242.3168 35.53875 -0.01622564508605796
242.33458 35.912083 -0.017697217386582503
242.33458 35.894306 -0.07308031453447233
242.33458 35.87653 -0.10521842269717406
242.33458 35.85875 0.1024449655340295
242.33458 35.840973 -0.12153731486297657
242.33458 35.823193 -0.4712863028100263
242.33458 35.805416 -0.5202204476032325
242.33458 35.78764 -0.5022218828157863
242.33458 35.76986 -0.46591440036428844
242.33458 35.752083 -0.4243020774580204
242.33458 35.734306 -0.38245557428909044
242.33458 35.71653 -0.34265806401775173
242.33458 35.69875 -0.3057644587043186
242.33458 35.680973 -0.2716142974641207
242.33458 35.663193 -0.23897119129377653
242.33458 35.645416 -0.20559564614289702
242.33458 35.62764 -0.16905363676595786
242.33458 35.60986 -0.1292996545966998
242.33458 35.592083 -0.09040080601855273
242.33458 35.574306 -0.05721836581428941
242.33458 35.556526 -0.031609882844369525
242.33458 35.53875 -0.012856245999893618
242.35236 35.912083 -0.01816715697279392
242.35236 35.894306 -0.0470005699650988
242.35236 35.87653 -0.012112151951394506
242.35236 35.85875 0.17380425054519963
242.35236 35.840973 0.3006883080910729
242.35236 35.823193 -0.10528506939080019
242.35236 35.805416 -0.4951008910078692
242.35236 35.78764 -0.543536771088113
242.35236 35.76986 -0.5179282217410214
242.35236 35.752083 -0.4743675403350504
242.35236 35.734306 -0.42717919045470976
242.35236 35.71653 -0.3814376130859336
242.35236 35.69875 -0.3391089103977401
242.35236 35.680973 -0.30055117683080224
242.35236 35.663193 -0.26462067919729004
242.35236 35.645416 -0.22839962809178682
242.35236 35.62764 -0.1873706687044127
242.35236 35.60986 -0.13993044088694426
242.35236 35.592083 -0.09325323892824994
242.35236 35.574306 -0.05571672876706084
242.35236 35.556526 -0.028649268369335682
242.35236 35.53875 -0.009732291263322163
242.37015 35.912083 -0.004232474403787814
242.37015 35.894306 -0.005521553037740434
242.37015 35.87653 0.05223018854185767
242.37015 35.85875 0.1995330831071623
242.37015 35.840973 0.36137090358586016
242.37015 35.823193 0.37702852658506736
242.37015 35.805416 -0.08986416064200403
242.37015 35.78764 -0.49904719055194696
242.37015 35.76986 -0.5502675407140276
242.37015 35.752083 -0.5222334414999228
242.37015 35.734306 -0.47525125626475284
242.37015 35.71653 -0.4251136105185417
242.37015 35.69875 -0.37736043447047257
242.37015 35.680973 -0.33388485734216655
242.37015 35.663193 -0.29427643176521373
242.37015 35.645416 -0.255640340418209
242.37015 35.62764 -0.21065181660388138
242.37015 35.60986 -0.15252299980411096
242.37015 35.592083 -0.09515926295157198
242.37015 35.574306 -0.05376216072019281
242.37015 35.556526 -0.026178210278589766
242.37015 35.53875 -0.007484103744519317
242.38791 35.912083 0.015328258434804244
242.38791 35.894306 0.031073585067275696
242.38791 35.87653 0.09198580497609685
242.38791 35.85875 0.20892040872109532
242.38791 35.840973 0.3490182768777175
242.38791 35.823193 0.4508126197715163
242.38791 35.805416 0.4146340882889616
242.38791 35.78764 -0.07786658688278406
242.38791 35.76986 -0.4960435911380557
242.38791 35.752083 -0.5491995017435024
242.38791 35.734306 -0.5202016970656941
242.38791 35.71653 -0.4715476857869045
242.38791 35.69875 -0.4201867452152379
242.38791 35.680973 -0.37200328345282924
242.38791 35.663193 -0.328220826361901
242.38791 35.645416 -0.28723476907065204
242.38791 35.62764 -0.2410435638688764
242.38791 35.60986 -0.16705727634470863
242.38791 35.592083 -0.09526539838344313
242.38791 35.574306 -0.0527403838713844
242.38791 35.556526 -0.0255385905312235
242.38791 35.53875 -0.006927706213970507
242.4057 35.912083 0.03400442841855252
242.4057 35.894306 0.058029172262631254
242.4057 35.87653 0.11504179482005279
242.4057 35.85875 0.20910864347394764
242.4057 35.840973 0.32419904859634097
242.4057 35.823193 0.4315649378963907
242.4057 35.805416 0.49691962628524783
242.4057 35.78764 0.4365379612233016
242.4057 35.76986 -0.06671797914760326
242.4057 35.752083 -0.490162311857628
242.4057 35.734306 -0.5446648953799963
242.4057 35.71653 -0.5153164485817094
242.4057 35.69875 -0.46645237402017703
242.4057 35.680973 -0.41589838366044474
242.4057 35.663193 -0.36843897109320195
242.4057 35.645416 -0.3235726956563996
242.4057 35.62764 -0.28010974437201597
242.4057 35.60986 -0.18051559979800438
242.4057 35.592083 -0.09645582808386884
242.4057 35.574306 -0.056338117828839115
242.4057 35.556526 -0.028269467180605443
242.4057 35.53875 -0.008646279873247887
242.42346 35.912083 0.048976172176997665
242.42346 35.894306 0.07591508039588667
242.42346 35.87653 0.12688586036664923
242.42346 35.85875 0.203541993852603
242.42346 35.840973 0.2975231372167812
242.42346 35.823193 0.39409191910329033
242.42346 35.805416 0.47699201748476844
242.42346 35.78764 0.5222895199622463
242.42346 35.76986 0.44945461775560164
242.42346 35.752083 -0.058704452258882364
242.42346 35.734306 -0.4843695209055775
242.42346 35.71653 -0.5395443010611589
242.42346 35.69875 -0.5111079961654772
242.42346 35.680973 -0.4655504392871544
242.42346 35.663193 -0.41938668189165085
242.42346 35.645416 -0.3739062723531059
242.42346 35.62764 -0.33510898950867807
242.42346 35.60986 -0.19248198835293445
242.42346 35.592083 -0.11406850953005895
242.42346 35.574306 -0.06685096910606789
242.42346 35.556526 -0.034281337251596294
242.42346 35.53875 -0.012400400477591864
242.42346 35.520973 0.001875440902454957
242.42346 35.503193 0.010993767852832572
242.44125 35.912083 0.05978967460517885
242.44125 35.894306 0.08673882201616209
242.44125 35.87653 0.13137739348490696
242.44125 35.85875 0.19445479229122464
242.44125 35.840973 0.2714222816397976
242.44125 35.823193 0.35434199177368125
242.44125 35.805416 0.4344581713929071
242.44125 35.78764 0.501935847754029
242.44125 35.76986 0.5358605450960795
242.44125 35.752083 0.45675448851803885
242.44125 35.734306 -0.05218852894008745
242.44125 35.71653 -0.4802757666338251
242.44125 35.69875 -0.5375743751558679
242.44125 35.680973 -0.516438720914418
242.44125 35.663193 -0.4838246752286641
242.44125 35.645416 -0.45058167431124585
242.44125 35.62764 -0.06191245153603421
242.44125 35.60986 -0.14743304941344543
242.44125 35.592083 -0.12693503422031338
242.44125 35.574306 -0.07694340697318956
242.44125 35.556526 -0.04081005783350013
242.44125 35.53875 -0.017126383920434585
242.44125 35.520973 -0.002009434961391731
242.44125 35.503193 0.007579362770915733
242.45903 35.912083 0.0668601919341719
242.45903 35.894306 0.0923639195893316
242.45903 35.87653 0.1310940139206059
242.45903 35.85875 0.18340985559776152
242.45903 35.840973 0.2467849269198423
242.45903 35.823193 0.3167318084080844
242.45903 35.805416 0.3883429994212822
242.45903 35.78764 0.456714680293049
242.45903 35.76986 0.5142093477042926
242.45903 35.752083 0.5410336873534306
242.45903 35.734306 0.45811319463647876
242.45903 35.71653 -0.05042499731857519
242.45903 35.69875 -0.4810062497972076
242.45903 35.680973 -0.5489398386572562
242.45903 35.663193 -0.5541784259526629
242.45903 35.645416 -0.5365097804754927
242.45903 35.62764 -0.1388903460886969
242.45903 35.60986 -0.1463081865265646
242.45903 35.592083 -0.12246091097190702
242.45903 35.574306 -0.07992233495412311
242.45903 35.556526 -0.04531624313160304
242.45903 35.53875 -0.021910756141400343
242.45903 35.520973 -0.006704042890039844
242.45903 35.503193 0.003200041782512193
242.4768 35.912083 0.07095024375749147
242.4768 35.894306 0.0943733544636903
242.4768 35.87653 0.12782828418736897
242.4768 35.85875 0.1715021178218083
242.4768 35.840973 0.22394941805103713
242.4768 35.823193 0.2825664713050068
242.4768 35.805416 0.34447742871030257
242.4768 35.78764 0.40702179086031764
242.4768 35.76986 0.466864347522535
242.4768 35.752083 0.5173612453072348
242.4768 35.734306 0.5389852300796354
242.4768 35.71653 0.4534236705873065
242.4768 35.69875 -0.053843877892521874
242.4768 35.680973 -0.49160441855851883
242.4768 35.663193 -0.6122299385835883
242.4768 35.645416 -0.22765741506935364
242.4768 35.62764 -0.19371045249646962
242.4768 35.60986 -0.15886584443404378
242.4768 35.592083 -0.11909976337075957
242.4768 35.574306 -0.0795100331355066
242.4768 35.556526 -0.04862750675772021
242.4768 35.53875 -0.02704339278093119
242.4768 35.520973 -0.012252721340439077
242.4768 35.503193 -0.0020362285667935437
242.49458 35.912083 0.07279970282244023
242.49458 35.894306 0.0939479288010191
242.49458 35.87653 0.12280479720161125
242.49458 35.85875 0.15947798209214642
242.49458 35.840973 0.20310958227278997
242.49458 35.823193 0.2521737524416969
242.49458 35.805416 0.304899092750434
242.49458 35.78764 0.35979519547041294
242.49458 35.76986 0.41532714154683187
242.49458 35.752083 0.4689264799860098
242.49458 35.734306 0.5144447768159714
242.49458 35.71653 0.5328806431298166
242.49458 35.69875 0.44745074637416044
242.49458 35.680973 -0.051215464875436004
242.49458 35.663193 -0.20349940988588386
242.49458 35.645416 -0.27103581662993526
242.49458 35.592083 -0.1222118075405184
242.49458 35.574306 -0.08197492554874564
242.49458 35.556526 -0.05397567392090867
242.49458 35.53875 -0.03379175807814319
242.49458 35.520973 -0.018922666753950938
242.49458 35.503193 -0.007972776150081698
242.51236 35.912083 0.07303851125857375
242.51236 35.894306 0.09194851141997494
242.51236 35.87653 0.11685230923021021
242.51236 35.85875 0.14783932588971388
242.51236 35.840973 0.1843741762181778
242.51236 35.823193 0.22553685062910142
242.51236 35.805416 0.27024675711474905
242.51236 35.78764 0.31769817520358296
242.51236 35.76986 0.3672047787410848
242.51236 35.752083 0.41807653723137406
242.51236 35.734306 0.4688640337120885
242.51236 35.71653 0.5156370646258986
242.51236 35.69875 0.5476734190295023
242.51236 35.680973 0.5386941868872243
242.51236 35.663193 0.19863464325621275
242.51236 35.645416 -0.22822260586232387
242.51236 35.592083 -0.1338179597987713
242.51236 35.574306 -0.09236409923222695
242.51236 35.556526 -0.06440414218843642
242.51236 35.53875 -0.043020859387937135
242.51236 35.520973 -0.026531837212946958
242.51236 35.503193 -0.014110971202373989
242.53014 35.912083 0.07218543575495645
242.53014 35.894306 0.08901609373161568
242.53014 35.87653 0.11057244898737342
242.53014 35.85875 0.13693320756282137
242.53014 35.840973 0.1677584130996
242.53014 35.823193 0.20250277288337232
242.53014 35.805416 0.2405540215255041
242.53014 35.78764 0.2815169259287966
242.53014 35.76986 0.3253193010418508
242.53014 35.752083 0.3723513582259663
242.53014 35.734306 0.42357980318163924
242.53014 35.71653 0.481317878752883
242.53014 35.69875 0.5514177377976988
242.53014 35.680973 0.638484803142307
242.53014 35.663193 0.6363469956688611
242.53014 35.645416 0.16972023905351144
242.53014 35.62764 -0.23064294113114822
242.53014 35.60986 -0.2210534494121091
242.53014 35.592083 -0.15636853546554674
242.53014 35.574306 -0.11310872003470226
242.53014 35.556526 -0.07943733326000119
242.53014 35.53875 -0.05318161566946393
242.53014 35.520973 -0.03360088236811781
242.53014 35.503193 -0.019320932878452313
242.54791 35.912083 0.07063460837617808
242.54791 35.894306 0.08560015637024768
242.54791 35.87653 0.10435153031667595
242.54791 35.85875 0.12695793276382714
242.54791 35.840973 0.153210296333717
242.54791 35.823193 0.18281122541624165
242.54791 35.805416 0.21550437290176064
242.54791 35.78764 0.2511371750088678
242.54791 35.76986 0.2901486560567459
242.54791 35.752083 0.33354547951577734
242.54791 35.734306 0.38338960684481665
242.54791 35.71653 0.4437027081639033
242.54791 35.69875 0.5202171329667231
242.54791 35.680973 0.6112074910425119
242.54791 35.663193 0.6778603481103148
242.54791 35.645416 0.6221498043104569
242.54791 35.62764 0.15871970222593026
242.54791 35.60986 -0.20001230087776267
242.54791 35.592083 -0.1876284265304214
242.54791 35.574306 -0.1339487419692553
242.54791 35.556526 -0.08993677130657639
242.54791 35.53875 -0.05874305989565756
242.54791 35.520973 -0.037052605455516155
242.54791 35.503193 -0.02187218739973872
242.5657 35.912083 0.0686782950387382
242.5657 35.894306 0.08199935121921424
242.5657 35.87653 0.09840784410694806
242.5657 35.85875 0.1179672622990881
242.5657 35.840973 0.14058397583619178
242.5657 35.823193 0.16609912080584047
242.5657 35.805416 0.19454022247022357
242.5657 35.78764 0.22594026879900536
242.5657 35.76986 0.26101641976403933
242.5657 35.752083 0.30107171526692533
242.5657 35.734306 0.3483541935211111
242.5657 35.71653 0.4064365160310671
242.5657 35.69875 0.47850150555649945
242.5657 35.680973 0.5618625612305704
242.5657 35.663193 0.6408081087024579
242.5657 35.645416 0.6891897491895744
242.5657 35.62764 0.6428664174424388
242.5657 35.60986 0.15887860577108365
242.5657 35.592083 -0.13737271913852125
242.5657 35.574306 -0.10995575725784922
242.5657 35.556526 -0.07718981035200807
242.5657 35.53875 -0.05178841326396147
242.5657 35.520973 -0.033307919733820066
242.5657 35.503193 -0.020011355960459457
242.58347 35.912083 0.06653187952899049
242.58347 35.894306 0.07843969685669801
242.58347 35.87653 0.0929113639226381
242.58347 35.85875 0.1100129139058325
242.58347 35.840973 0.12973633164564344
242.58347 35.823193 0.15203925054679654
242.58347 35.805416 0.17710795545380692
242.58347 35.78764 0.2051436568527052
242.58347 35.76986 0.23695706016862017
242.58347 35.752083 0.2738932310331776
242.58347 35.734306 0.31795779301585764
242.58347 35.71653 0.3718630842709376
242.58347 35.69875 0.4375435493760014
242.58347 35.680973 0.5140781806641029
242.58347 35.663193 0.5970624610521612
242.58347 35.645416 0.6830920364987845
242.58347 35.62764 0.7662088243260756
242.58347 35.60986 0.6438989174339521
242.58347 35.592083 0.14125685450173228
242.58347 35.574306 -0.006451891093296136
242.58347 35.556526 -0.03087482247618806
242.58347 35.53875 -0.028441471651421007
242.58347 35.520973 -0.020670958025005574
242.58347 35.503193 -0.012911257534924982
242.60126 35.912083 0.06433136339563808
242.60126 35.894306 0.07503694472065706
242.60126 35.87653 0.08790565131010662
242.60126 35.85875 0.10301380475249916
242.60126 35.840973 0.12040790495866813
242.60126 35.823193 0.14017722904082344
242.60126 35.805416 0.1625102459376384
242.60126 35.78764 0.18780891654467638
242.60126 35.76986 0.21680772736096238
242.60126 35.752083 0.25075499397879386
242.60126 35.734306 0.29133798821412915
242.60126 35.71653 0.3405239361931214
242.60126 35.69875 0.3998849250376618
242.60126 35.680973 0.46983183335071377
242.60126 35.663193 0.5499120847988701
242.60126 35.645416 0.6377054365990384
242.60126 35.62764 0.7055711577618501
242.60126 35.60986 0.6099943720400748
242.60126 35.592083 0.310127166920158
242.60126 35.574306 0.11079077086418573
242.60126 35.556526 0.03265591477668016
242.60126 35.53875 0.006343950751320623
242.60126 35.520973 -0.0008571735890261587
242.60126 35.503193 -0.0012249040625047225
242.61902 35.912083 0.06216878047556981
242.61902 35.894306 0.07185907183573108
242.61902 35.87653 0.0834037819090979
242.61902 35.85875 0.09688978006755397
242.61902 35.840973 0.11241463888672941
242.61902 35.823193 0.13012040719883364
242.61902 35.805416 0.15024129618031928
242.61902 35.78764 0.17320981855915765
242.61902 35.76986 0.19971329839332386
242.61902 35.752083 0.23079171593790887
242.61902 35.734306 0.26777196266349124
242.61902 35.71653 0.312087314684149
242.61902 35.69875 0.3649191768135746
242.61902 35.680973 0.4266484074544065
242.61902 35.663193 0.4959292922135354
242.61902 35.645416 0.5643517503820564
242.61902 35.62764 0.5978751324371494
242.61902 35.60986 0.5248378688271268
242.61902 35.592083 0.34544666240017174
242.61902 35.574306 0.1822278025302834
242.61902 35.556526 0.08788569865764148
242.61902 35.53875 0.042299759401873804
242.61902 35.520973 0.02177784752492658
242.61902 35.503193 0.01306861349331477
242.63681 36.143192 0.02562399800174038
242.63681 35.912083 0.06009112612547758
242.63681 35.894306 0.06891856811101434
242.63681 35.87653 0.07935792002199825
242.63681 35.85875 0.09150700088955818
242.63681 35.840973 0.10549537279266305
242.63681 35.823193 0.12148450069418214
242.63681 35.805416 0.13973573858652083
242.63681 35.78764 0.1606461460324265
242.63681 35.76986 0.18482908618306598
242.63681 35.752083 0.21308617187830095
242.63681 35.734306 0.24638761961439076
242.63681 35.71653 0.28567495191320036
242.63681 35.69875 0.33153374829753957
242.63681 35.680973 0.38347443311148594
242.63681 35.663193 0.4382439336665648
242.63681 35.645416 0.4849665956464798
242.63681 35.62764 0.49781405533413337
242.63681 35.60986 0.4441418104622098
242.63681 35.592083 0.33015205787705654
242.63681 35.574306 0.21053218492782413
242.63681 35.556526 0.12379712076363251
242.63681 35.53875 0.07170862999456624
242.63681 35.520973 0.042970093538153786
242.63681 35.503193 0.027701971351480507
242.65459 36.143192 0.0250108091289712
242.65459 35.912083 0.05812903761515144
242.65459 35.894306 0.06621891156526322
242.65459 35.87653 0.07572635831091848
242.65459 35.85875 0.08676344069349412
242.65459 35.840973 0.09946035183391215
242.65459 35.823193 0.11399148191328887
242.65459 35.805416 0.13060138478233416
242.65459 35.78764 0.14964359908588398
242.65459 35.76986 0.1716059779293737
242.65459 35.752083 0.19707217180715786
242.65459 35.734306 0.22667157847579772
242.65459 35.71653 0.2608724714938334
242.65459 35.69875 0.2996217318549856
242.65459 35.680973 0.34155269457356513
242.65459 35.663193 0.3824542558227464
242.65459 35.645416 0.41253122325235675
242.65459 35.62764 0.41524900581358715
242.65459 35.60986 0.3757631519341923
242.65459 35.592083 0.299521359456986
242.65459 35.574306 0.21350553032354513
242.65459 35.556526 0.14178760078936364
242.65459 35.53875 0.09174705139898541
242.65459 35.520973 0.06000317593430027
242.65459 35.503193 0.04079418327941144
242.67236 35.87653 0.07245003442431913
242.67236 35.85875 0.08253422843927688
242.67236 35.840973 0.09411655498264525
242.67236 35.823193 0.10736504490978348
242.67236 35.805416 0.12249257039790912
242.67236 35.78764 0.13978785753699485
242.67236 35.76986 0.15961017632433827
242.67236 35.752083 0.1823366661285868
242.67236 35.734306 0.20829349120794394
242.67236 35.71653 0.23754279710634857
242.67236 35.69875 0.2695304489346274
242.67236 35.680973 0.30240667168527535
242.67236 35.663193 0.3320342216616558
242.67236 35.645416 0.35090497269941956
242.67236 35.62764 0.34906936895531854
242.67236 35.60986 0.3196369574546127
242.67236 35.592083 0.26655149018226176
242.67236 35.574306 0.20423597487352776
242.67236 35.556526 0.14736779431052627
242.67236 35.53875 0.1032053543390438
242.67236 35.520973 0.07208936344526952
242.67236 35.503193 0.05134175653748828
242.69014 35.87653 0.06946862640674467
242.69014 35.85875 0.07871664787010726
242.69014 35.840973 0.08931257377319016
242.69014 35.823193 0.10140440323425717
242.69014 35.805416 0.11516381084764975
242.69014 35.78764 0.13080676091617047
242.69014 35.76986 0.14857153035055087
242.69014 35.752083 0.1686555809618155
242.69014 35.734306 0.191137165347378
242.69014 35.71653 0.2157811485968883
242.69014 35.69875 0.2417407393661419
242.69014 35.680973 0.2670766468093055
242.69014 35.663193 0.2882605059180628
242.69014 35.645416 0.29996779690411884
242.69014 35.62764 0.29631042264445556
242.69014 35.60986 0.2740207980953321
242.69014 35.592083 0.23583191240354898
242.69014 35.574306 0.18996984999967456
242.69014 35.556526 0.1454914402081856
242.69014 35.53875 0.10814717945443669
242.69014 35.520973 0.07961904245677617
242.69014 35.503193 0.059071871405571325
242.70792 35.805416 0.1084510110418806
242.70792 35.78764 0.12252191381314785
242.70792 35.76986 0.13833000162503792
242.70792 35.752083 0.15591869317281948
242.70792 35.734306 0.1751894573938073
242.70792 35.71653 0.19572326269769463
242.70792 35.69875 0.21656558548096003
242.70792 35.680973 0.2359357943563747
242.70792 35.663193 0.25104932718141076
242.70792 35.645416 0.258261792901574
242.70792 35.62764 0.2540809348764455
242.70792 35.60986 0.2369355421461992
242.70792 35.592083 0.20870839312182105
242.70792 35.574306 0.17434717770847225
242.70792 35.556526 0.13957978570149077
242.70792 35.53875 0.10865315327471253
242.70792 35.520973 0.08348363232280612
242.70792 35.503193 0.06418888212907833
242.7257 35.805416 0.10222148199076789
242.7257 35.78764 0.11481987278451575
242.7257 35.76986 0.12879539146037175
242.7257 35.752083 0.14408321886909442
242.7257 35.734306 0.16047100634223352
242.7257 35.71653 0.17745343473080138
242.7257 35.69875 0.1940974281277585
242.7257 35.680973 0.20888533662329312
242.7257 35.663193 0.21971271843474027
242.7257 35.645416 0.22411988773056093
242.7257 35.62764 0.22001343671686194
242.7257 35.60986 0.2066376184216679
242.7257 35.592083 0.1852943119280953
242.7257 35.574306 0.15909355980112194
242.7257 35.556526 0.13176324443262394
242.7257 35.53875 0.10636772948697686
242.7257 35.520973 0.08464329119310827
242.7257 35.503193 0.06711919899704273
242.74347 35.87653 0.06177419367992101
242.74347 35.85875 0.06897851213055588
242.74347 35.76986 0.1199189611793902
242.74347 35.752083 0.13312878372078224
242.74347 35.734306 0.14698866253480228
242.74347 35.71653 0.16097660093888627
242.74347 35.69875 0.17424961690598287
242.74347 35.680973 0.18557308953870547
242.74347 35.663193 0.19339028266145242
242.74347 35.645416 0.19604427930189386
242.74347 35.62764 0.19226655741366008
242.74347 35.60986 0.18169919675678764
242.74347 35.592083 0.16524796883769355
242.74347 35.574306 0.1449390004932672
242.74347 35.556526 0.12327226331167064
242.74347 35.53875 0.10245420042096735
242.74347 35.520973 0.0839261195424227
242.74347 35.503193 0.06834088104739629
242.76126 35.87653 0.05948699569199423
242.76126 35.85875 0.06611537189551618
242.76126 35.76986 0.11167022968255413
242.76126 35.752083 0.12304103351906544
242.76126 35.734306 0.13472307914272882
242.76126 35.71653 0.14623033879210556
242.76126 35.69875 0.15682304116615203
242.76126 35.680973 0.1655410568361651
242.76126 35.663193 0.1712426451296032
242.76126 35.645416 0.1728115318653413
242.76126 35.62764 0.16946426085265848
242.76126 35.60986 0.16101214828719218
242.76126 35.592083 0.1481100879568996
242.76126 35.574306 0.1321181579443516
242.76126 35.556526 0.1147814964618797
242.76126 35.53875 0.09768305878844971
242.76126 35.520973 0.08197335562701748
242.76126 35.503193 0.068293028379866
242.77902 35.840973 0.070176161027386
242.77902 35.823193 0.0776614366945177
242.77902 35.592083 0.13342905689117965
242.77902 35.574306 0.12067376824113832
242.77902 35.556526 0.10666445518519929
242.77902 35.53875 0.0925602535220039
242.79681 35.840973 0.06693772370807245
242.79681 35.823193 0.073683678362396
242.79681 35.592083 0.12075182768720007
242.79681 35.574306 0.11048361703672145
242.79681 35.556526 0.09906328496628061
242.79681 35.53875 0.08737503220695446
242.81458 35.805416 0.07646538038141834
242.81458 35.78764 0.08335643495438853
242.81458 35.76986 0.09047810563439149
242.81458 35.752083 0.0976659483744473
242.81458 35.62764 0.12121791375781651
242.81458 35.60986 0.11658054412733561
242.81458 35.592083 0.10982054011150887
242.81458 35.574306 0.10145511056032074
242.81458 35.556526 0.09206744791984711
242.81458 35.53875 0.08232534867225
242.83237 35.805416 0.07220756450422465
242.83237 35.78764 0.07827098470560218
242.83237 35.76986 0.08447844626896271
242.83237 35.752083 0.0906460963703124
242.83237 35.62764 0.10973434282727468
242.83237 35.60986 0.105864878494556
242.83237 35.592083 0.10031461178768915
242.83237 35.574306 0.09343467885004178
242.83237 35.556526 0.08565989483364768
242.83237 35.53875 0.07749785013631645
242.85013 35.76986 0.07897378762279748
242.85013 35.752083 0.08427427994615459
242.85013 35.734306 0.08929891149258735
242.85013 35.71653 0.09380348306182872
242.85013 35.69875 0.09752304661896477
242.85013 35.680973 0.10020634885963854
242.85013 35.62764 0.0998775028125365
242.85013 35.60986 0.09663706345281736
242.85013 35.592083 0.09203303434512683
242.85013 35.574306 0.08632345935918039
242.86792 35.76986 0.07394544920252391
242.86792 35.752083 0.07849802843285433
242.86792 35.734306 0.08276461063904737
242.86792 35.71653 0.08654073509159342
242.86792 35.69875 0.0896195902232085
242.86792 35.680973 0.09179657725453512
242.86792 35.62764 0.09133358391210458
242.86792 35.60986 0.08860429461447882
242.86792 35.592083 0.08475947794240515
242.86792 35.574306 0.07998750086260628
242.8857 36.10764 0.021738236063722396
242.8857 35.734306 0.0769099677830541
242.8857 35.71653 0.08009182216058403
242.90347 36.10764 0.021527965529900085
242.90347 35.734306 0.07166294215886869
242.90347 35.71653 0.07435436612667706
242.99237 35.414307 0.031173861490745594
243.02792 35.556526 0.044152566415636474
243.02792 35.53875 0.0425464977171431
243.06348 35.69875 0.043478930276986405
243.09903 35.87653 0.030480911962541678
243.13458 36.072083 0.020032820310925254
241.82791 36.152084 -0.010443359995726598
241.82791 36.116528 -0.015351469678038476
241.82791 36.08097 -0.020917883592648834
241.82791 36.045418 -0.0270559721883776
241.82791 36.00986 -0.03357994923930635
241.82791 35.974304 -0.040176207626053756
241.82791 35.93875 -0.046460144704480594
241.82791 35.903194 -0.05196419935602126
241.82791 35.867638 -0.056237651603689404
241.82791 35.832085 -0.05887998133326318
241.82791 35.796528 -0.05972433989954007
241.82791 35.76097 -0.05869944434720656
241.82791 35.725418 -0.055997956517189834
241.82791 35.68986 -0.05191621569611295
241.82791 35.654305 -0.04678845311890459
241.82791 35.61875 -0.0409724548012957
241.82791 35.583195 -0.034829936747348716
241.82791 35.547638 -0.028655129256570485
241.82791 35.51208 -0.022700849993303133
241.82791 35.47653 -0.017132915919783345
241.82791 35.44097 -0.012072352448347139
241.82791 35.40542 -0.007573117503008833
241.82791 35.36986 -0.003656866515953915
241.82791 35.334305 -0.00030858617281697906
241.86346 36.152084 -0.009654000695872703
241.86346 36.116528 -0.01499324070468103
241.86346 36.08097 -0.02119174511763187
241.86346 36.045418 -0.028189136272344813
241.86346 36.00986 -0.03578796059493154
241.86346 35.974304 -0.04365002843693472
241.86346 35.93875 -0.05126519777664652
241.86346 35.903194 -0.058018607460278246
241.86346 35.867638 -0.063290575894715
241.86346 35.832085 -0.06656775579647448
241.86346 35.796528 -0.0675844156386324
241.86346 35.76097 -0.06628543233193825
241.86346 35.725418 -0.06295396997669968
241.86346 35.68986 -0.05798438823608855
241.86346 35.654305 -0.05181703398105926
241.86346 35.61875 -0.044925151079611786
241.86346 35.583195 -0.0377409716731649
241.86346 35.547638 -0.03062317423564748
241.86346 35.51208 -0.023851154094755477
241.86346 35.47653 -0.017614426909171695
241.86346 35.44097 -0.012026878858798
241.86346 35.40542 -0.0071403103908141
241.86346 35.36986 -0.0029586607744186803
241.86346 35.334305 0.0005560148423955445
241.89902 36.152084 -0.008450887747304174
241.89902 36.116528 -0.0141948008228992
241.89902 36.08097 -0.02105205143374877
241.89902 36.045418 -0.028999745184228213
241.89902 36.00986 -0.03786147129149291
241.89902 35.974304 -0.04725493222159152
241.89902 35.93875 -0.05655192583806716
241.89902 35.903194 -0.06491653856410706
241.89902 35.867638 -0.0715007309466988
241.89902 35.832085 -0.07558704632502387
241.89902 35.796528 -0.07679331925612885
241.89902 35.76097 -0.07512536425886726
241.89902 35.725418 -0.07095593221248331
241.89902 35.68986 -0.06485349475456856
241.89902 35.654305 -0.05738615397606034
241.89902 35.61875 -0.04918787116124845
241.89902 35.583195 -0.04076436450201015
241.89902 35.547638 -0.03255557910542957
241.89902 35.51208 -0.02485849233407893
241.89902 35.47653 -0.017885715544150697
241.89902 35.44097 -0.011742610973738403
241.89902 35.40542 -0.00646484915035327
241.89902 35.36986 -0.0020269747558900493
241.89902 35.334305 0.0016311448988634552
241.93459 36.152084 -0.006749687437171827
241.93459 36.116528 -0.012844574766183135
241.93459 36.08097 -0.020344313110099835
241.93459 36.045418 -0.02931002899495493
241.93459 36.00986 -0.039629453835469244
241.93459 35.974304 -0.050886264439427856
241.93459 35.93875 -0.062311640755690276
241.93459 35.903194 -0.07279482404244746
241.93459 35.867638 -0.08110888140113288
241.93459 35.832085 -0.08624541762637843
241.93459 35.796528 -0.08768416953942344
241.93459 35.76097 -0.08548136294612808
241.93459 35.725418 -0.08018125150572288
241.93459 35.68986 -0.07258973826167091
241.93459 35.654305 -0.06352063605652045
241.93459 35.61875 -0.05375208444662048
241.93459 35.583195 -0.043867247259407854
241.93459 35.547638 -0.03440099248722868
241.93459 35.51208 -0.025670639072083997
241.93459 35.47653 -0.01789412950264741
241.93459 35.44097 -0.01116782969004465
241.93459 35.40542 -0.005500337074198482
241.93459 35.36986 -0.0008327255869710649
241.93459 35.334305 0.0029324218117528274
241.97014 36.152084 -0.004461784896363985
241.97014 36.116528 -0.010793371324131499
241.97014 36.08097 -0.018866758825488907
241.97014 36.045418 -0.028884762490368535
241.97014 36.00986 -0.040857232178060615
241.97014 35.974304 -0.05436650388024966
241.97014 35.93875 -0.06851083232878165
241.97014 35.903194 -0.08177897040174857
241.97014 35.867638 -0.09244196290510734
241.97014 35.832085 -0.098969352435371
241.97014 35.796528 -0.10066353388653486
241.97014 35.76097 -0.09765380942038569
241.97014 35.725418 -0.09082815192840449
241.97014 35.68986 -0.08132260103533649
241.97014 35.654305 -0.0702619060964375
241.97014 35.61875 -0.05858560350038822
241.97014 35.583195 -0.047001888202095596
241.97014 35.547638 -0.036090645450104916
241.97014 35.51208 -0.026208339771284842
241.97014 35.47653 -0.017568954317798546
241.97014 35.44097 -0.010244440250171676
241.97014 35.40542 -0.004204861008484084
241.97014 35.36986 0.0006543494663329048
241.97014 35.334305 0.004479669633382926
242.00569 36.152084 -0.0015278166313084113
242.00569 36.116528 -0.007924087154764694
242.00569 36.08097 -0.016414187134006577
242.00569 36.045418 -0.027410785993465556
242.00569 36.00986 -0.04114909321191852
242.00569 35.974304 -0.057369139242049075
242.00569 35.93875 -0.07500550986317299
242.00569 35.903194 -0.09204982789469594
242.00569 35.867638 -0.10592837489918394
242.00569 35.832085 -0.11432946281037547
242.00569 35.796528 -0.11621123644738811
242.00569 35.76097 -0.11200260190249535
242.00569 35.725418 -0.10309720994366632
242.00569 35.68986 -0.09114028569597563
242.00569 35.654305 -0.07760343288759328
242.00569 35.61875 -0.06365597586366444
242.00569 35.583195 -0.050104397733917866
242.00569 35.547638 -0.037549138568570214
242.00569 35.51208 -0.026392769452823202
242.00569 35.47653 -0.016833891914470437
242.00569 35.44097 -0.008910246032588814
242.00569 35.40542 -0.0025349311623489613
242.00569 35.36986 0.002459137867714834
242.04126 36.152084 0.0020943823759592087
242.04126 36.116528 -0.004115440947493509
242.04126 36.08097 -0.012754046589818081
242.04126 36.045418 -0.02452502600691656
242.04126 36.00986 -0.04003005314652014
242.04126 35.974304 -0.05935595055440375
242.04126 35.93875 -0.08147769988413726
242.04126 35.903194 -0.10369882955833072
242.04126 35.867638 -0.12210623181820189
242.04126 35.832085 -0.13302556376796168
242.04126 35.796528 -0.13497599828064621
242.04126 35.76097 -0.12888998068827326
242.04126 35.68986 -0.10204395844058445
242.04126 35.654305 -0.08554302043959723
242.04126 35.61875 -0.06892047958446636
242.04126 35.583195 -0.05308874213808644
242.04126 35.547638 -0.03868434395947587
242.04126 35.51208 -0.026125627867652237
242.04126 35.47653 -0.01560268138328634
242.04126 35.44097 -0.0071004253628048734
242.04126 35.40542 -0.0004522156926784985
242.04126 35.36986 0.004596431951303108
242.07681 36.152084 0.006391921248840131
242.07681 36.116528 0.00069603864372241
242.07681 36.08097 -0.007676394228437286
242.07681 36.045418 -0.01978943371416971
242.07681 36.00986 -0.036809501648374654
242.07681 35.974304 -0.059518311965463644
242.07681 35.93875 -0.08727037892368662
242.07681 35.867638 -0.14163411836074205
242.07681 35.832085 -0.15608303871450713
242.07681 35.796528 -0.15779249446033056
242.07681 35.76097 -0.14874457536612368
242.07681 35.725418 -0.1330326072221528
242.07681 35.68986 -0.11404249648023429
242.07681 35.654305 -0.09404095791194407
242.07681 35.61875 -0.07433105322641981
242.07681 35.583195 -0.05588715541452595
242.07681 35.547638 -0.03939449472159781
242.07681 35.51208 -0.02530271839268802
242.07681 35.47653 -0.013787757539039987
242.07681 35.44097 -0.004755762583876451
242.07681 35.40542 0.002073635502199413
242.07681 35.36986 0.007068719783686212
242.11237 36.152084 0.011277759038169658
242.11237 36.116528 0.00648818808673953
242.11237 36.08097 -0.0010586160660422481
242.11237 36.045418 -0.012785842781020663
242.11237 36.00986 -0.03061082047183628
242.11237 35.654305 -0.10305828500110474
242.11237 35.61875 -0.07986617822262804
242.11237 35.583195 -0.05845296903955309
242.11237 35.547638 -0.03958616733250765
242.11237 35.51208 -0.023815705706184315
242.11237 35.47653 -0.011302628469879943
242.11237 35.44097 -0.0018287770313741465
242.11237 35.40542 0.005045450248648626
242.11237 35.36986 0.009854905562378325
242.14792 36.152084 0.016556275922445504
242.14792 36.116528 0.013069720025913879
242.14792 36.08097 0.007014133867424046
242.14792 36.045418 -0.0032932620896315747
242.14792 36.00986 -0.020542563299997197
242.14792 35.61875 -0.08565774484214288
242.14792 35.583195 -0.06078752817406448
242.14792 35.547638 -0.039172385314219946
242.14792 35.51208 -0.021553033280784766
242.14792 35.47653 -0.008066836814271863
242.14792 35.44097 0.0017067242987976895
242.14792 35.40542 0.00844680824205632
242.14792 35.36986 0.012898159831380552
242.18347 36.152084 0.02191584726389675
242.18347 36.116528 0.020042844636446473
242.18347 36.08097 0.016105657881626004
242.18347 36.045418 0.008415761053150152
242.18347 36.00986 -0.006169429109496239
242.18347 35.583195 -0.06297632483937803
242.18347 35.547638 -0.038057676923381634
242.18347 35.51208 -0.018381348258272066
242.18347 35.47653 -0.004005407494251949
242.18347 35.44097 0.005829650291275588
242.18347 35.40542 0.012200567258113368
242.18347 35.36986 0.016097798660561442
242.18347 35.334305 0.018324321951507648
242.21902 36.152084 0.026954439605093396
242.21902 36.116528 0.02681045171480029
242.21902 36.08097 0.02535896518061461
242.21902 36.045418 0.02124250082796269
242.21902 36.00986 0.01158966326892757
242.21902 35.547638 -0.036124279388299194
242.21902 35.51208 -0.014187318120483964
242.21902 35.47653 0.0008714240303311239
242.21902 35.44097 0.010448194675582098
242.21902 35.40542 0.016150846499511113
242.21902 35.36986 0.019293080749175864
242.21902 35.334305 0.020828624880226503
242.25458 36.152084 0.03124299158506393
242.25458 36.116528 0.032669296060521116
242.25458 36.08097 0.03358878072959377
242.25458 36.045418 0.03318255532105501
242.25458 36.00986 0.029541153202383326
242.25458 35.51208 -0.008873210665796483
242.25458 35.47653 0.006440139503582133
242.25458 35.44097 0.01531027792694225
242.25458 35.40542 0.020034608912901545
242.25458 35.36986 0.02225401215419851
242.25458 35.334305 0.023027710771904908
242.29013 36.152084 0.03442202423545877
242.29013 36.116528 0.03699137121236595
242.29013 36.08097 0.039634167392962744
242.29013 36.045418 0.041944069858852684
242.29013 36.00986 0.04284467284365365
242.29013 35.974304 0.03949081034010042
242.29013 35.51208 -0.0025506162581864777
242.29013 35.47653 0.012310155899177052
242.29013 35.44097 0.01996959782939744
242.29013 35.40542 0.02346803767193605
242.29013 35.36986 0.024685793974701088
242.29013 35.334305 0.02471101506270376
242.32568 36.152084 0.03629724545646927
242.32568 36.116528 0.039431793013220695
242.32568 36.08097 0.0428421073826538
242.32568 36.045418 0.04616955520293546
242.32568 36.00986 0.048301274274801284
242.32568 35.974304 0.045906185231789076
242.32568 35.93875 0.028786715181930017
242.32568 35.51208 0.004118858952903041
242.32568 35.47653 0.01765043084366844
242.32568 35.44097 0.023738684611494473
242.32568 35.40542 0.02595729128591054
242.32568 35.36986 0.026259854061411254
242.32568 35.334305 0.025672390101119498
242.36125 36.152084 0.036885835338151166
242.36125 36.116528 0.04003859880647759
242.36125 36.08097 0.04334922428265696
242.36125 36.045418 0.04627219218950798
242.36125 36.00986 0.04725235313774773
242.36125 35.974304 0.04206389049143236
242.36125 35.93875 0.02052313199102905
242.36125 35.51208 0.009289727049076359
242.36125 35.47653 0.02111343091888191
242.36125 35.44097 0.025757636296931473
242.36125 35.40542 0.026986453661988156
242.36125 35.36986 0.026683223926158166
242.36125 35.334305 0.025752760497400218
242.3968 36.152084 0.036391060475294175
242.3968 36.116528 0.03919334360459978
242.3968 36.08097 0.04192473803553158
242.3968 36.045418 0.04393659776984274
242.3968 36.00986 0.04375758579632019
242.3968 35.974304 0.03862662019948379
242.3968 35.93875 0.027008563365659252
242.3968 35.51208 0.010116761088622608
242.3968 35.47653 0.021243963351402738
242.3968 35.44097 0.02526964682997889
242.3968 35.40542 0.026182373326702504
242.3968 35.36986 0.025787751282010184
242.3968 35.334305 0.024887342662351392
242.43236 36.152084 0.03512551675860206
242.43236 36.116528 0.03742911368459317
242.43236 36.08097 0.03951260933371774
242.43236 36.045418 0.040864711061268585
242.43236 36.00986 0.04070974466494773
242.43236 35.974304 0.03879302786152136
242.43236 35.93875 0.03978417917307446
242.43236 35.47653 0.017371624105914266
242.43236 35.44097 0.02200832500729174
242.43236 35.40542 0.02350658556238433
242.43236 35.36986 0.023639428873598635
242.43236 35.334305 0.023169293159143844
242.46793 36.152084 0.03341133696412747
242.46793 36.116528 0.03524181350017241
242.46793 36.08097 0.03685220142967731
242.46793 36.045418 0.03801769526201043
242.46793 36.00986 0.0387724571538358
242.46793 35.974304 0.04054683531364321
242.46793 35.93875 0.04934189614322644
242.46793 35.47653 0.010012875206327414
242.46793 35.44097 0.016472499919148474
242.46793 35.40542 0.019412535844365544
242.46793 35.36986 0.020590912913673473
242.46793 35.334305 0.02086175812145536
242.50348 36.152084 0.03152077417175564
242.50348 36.116528 0.03298915278422645
242.50348 36.08097 0.034356373471986446
242.50348 36.045418 0.0356840258108051
242.50348 36.00986 0.03754258416523723
242.50348 35.974304 0.041937916600852644
242.50348 35.93875 0.05389375753836617
242.50348 35.61875 -0.22344802072764455
242.50348 35.47653 0.0008691302544465828
242.50348 35.44097 0.010076857958951068
242.50348 35.40542 0.01486779242509531
242.50348 35.36986 0.017269508765376144
242.50348 35.334305 0.01837049964521721
242.53903 36.152084 0.029654120011594433
242.53903 36.116528 0.030892787152512344
242.53903 36.08097 0.0321869918068847
242.53903 36.045418 0.033807226909661675
242.53903 36.00986 0.03655140898643148
242.53903 35.974304 0.042322482974500336
242.53903 35.93875 0.05473892877115687
242.53903 35.47653 -0.006193676529227636
242.53903 35.44097 0.005134330051345289
242.53903 35.40542 0.011190825785983596
242.53903 35.36986 0.014449335909886266
242.53903 35.334305 0.01616933562663134
242.57458 36.152084 0.02793032183307925
242.57458 36.116528 0.029043857093061228
242.57458 36.08097 0.030369321668789036
242.57458 36.045418 0.032272611473302446
242.57458 36.00986 0.03557117906662399
242.57458 35.974304 0.041827290914310866
242.57458 35.93875 0.05350395187038845
242.57458 35.47653 -0.005442016994970999
242.57458 35.44097 0.0041239467236562286
242.57458 35.40542 0.009634883450550236
242.57458 35.36986 0.012837117683715238
242.57458 35.334305 0.014675419196916747
242.61014 36.152084 0.026396655617747185
242.61014 36.116528 0.027462807205625574
242.61014 36.08097 0.028860216042590713
242.61014 36.045418 0.030980842793868372
242.61014 36.00986 0.03455830043390028
242.61014 35.974304 0.040794555039900884
242.61014 35.93875 0.051362171990945824
242.61014 35.47653 0.005388126099615951
242.61014 35.44097 0.008071102311440948
242.61014 35.40542 0.010777687806967428
242.61014 35.36986 0.01278562078417484
242.61014 35.334305 0.0141303419502465
242.64569 36.116528 0.026134686685504654
242.64569 36.08097 0.02761127954223502
242.64569 36.045418 0.02987496351310035
242.64569 36.00986 0.03354365809731728
242.64569 35.974304 0.03952689449049821
242.64569 35.93875 0.048982815560804846
242.64569 35.47653 0.021615474581288846
242.64569 35.44097 0.01560529940484576
242.64569 35.40542 0.014198103132058076
242.64569 35.36986 0.014196240554945463
242.64569 35.334305 0.014540528742454421
242.68124 36.116528 0.025031606306664664
242.68124 36.08097 0.02657770602802527
242.68124 36.045418 0.02892038126506067
242.68124 36.00986 0.03256653099132551
242.68124 35.974304 0.038207277828656384
242.68124 35.93875 0.046678187057345735
242.68124 35.903194 0.058850953502987094
242.68124 35.47653 0.03645112933236576
242.68124 35.44097 0.024060604164747885
242.68124 35.40542 0.018799328582546862
242.68124 35.36986 0.016600093378924666
242.68124 35.334305 0.015705997712492304
242.7168 36.116528 0.02411959766435339
242.7168 36.08097 0.025717218929924603
242.7168 36.045418 0.02808847601880702
242.7168 36.00986 0.031645115133100366
242.7168 35.974304 0.03691541701491635
242.7168 35.93875 0.044525015807781954
242.7168 35.903194 0.05513699451530166
242.7168 35.867638 0.06937761009435629
242.7168 35.832085 0.08797558520840495
242.7168 35.47653 0.046390423946282386
242.7168 35.44097 0.031248188454218454
242.7168 35.40542 0.023413728003081023
242.7168 35.36986 0.01939095871325906
242.7168 35.334305 0.01731187636685508
242.75235 36.116528 0.02336286094856682
242.75235 36.08097 0.024991471269773094
242.75235 36.045418 0.02735166994418502
242.75235 36.00986 0.030776337730520475
242.75235 35.974304 0.035673907994200296
242.75235 35.93875 0.04250893240067437
242.75235 35.903194 0.051776629582884454
242.75235 35.832085 0.07953895393674576
242.75235 35.796528 0.09880724816929204
242.75235 35.47653 0.05134509744099547
242.75235 35.44097 0.036214434276390164
242.75235 35.40542 0.0272481098103316
242.75235 35.36986 0.022045812900141352
242.75235 35.334305 0.019037455550917744
242.78792 36.116528 0.02272781125737052
242.78792 36.08097 0.02436592669449035
242.78792 36.045418 0.026683575738052388
242.78792 36.00986 0.029947875142586716
242.78792 35.974304 0.0344717770194529
242.78792 35.93875 0.040604352614347354
242.78792 35.903194 0.04869947824055386
242.78792 35.867638 0.059082048530170225
242.78792 35.796528 0.08747111552183603
242.78792 35.76097 0.10494758422385304
242.78792 35.725418 0.12290620723590377
242.78792 35.68986 0.13797500148053313
242.78792 35.654305 0.14506796155410784
242.78792 35.61875 0.13959040703514292
242.78792 35.51208 0.07200823199298298
242.78792 35.47653 0.052644243828393944
242.78792 35.44097 0.0389726970538508
242.78792 35.40542 0.029971043095303178
242.78792 35.36986 0.024237992749495885
242.78792 35.334305 0.02063490261201234
242.82347 36.116528 0.022185786526662952
242.82347 36.08097 0.02381495034883372
242.82347 36.045418 0.026062732804878922
242.82347 36.00986 0.02915010313769932
242.82347 35.974304 0.033308310188805854
242.82347 35.93875 0.03878652153933916
242.82347 35.903194 0.045827797696167516
242.82347 35.867638 0.05461502379129511
242.82347 35.832085 0.0652286350311901
242.82347 35.725418 0.10356958193258194
242.82347 35.68986 0.11346165501301299
242.82347 35.654305 0.11751664964491725
242.82347 35.51208 0.06682560301086769
242.82347 35.47653 0.051665349768018815
242.82347 35.44097 0.039975067565493023
242.82347 35.40542 0.03158713786183474
242.82347 35.36986 0.025824025499252
242.82347 35.334305 0.021948852888586348
242.85904 36.116528 0.02171107143467452
242.85904 36.08097 0.02331020224661022
242.85904 36.045418 0.0254701780460826
242.85904 36.00986 0.02836245674181354
242.85904 35.974304 0.03214963176518977
242.85904 35.93875 0.037026028570365674
242.85904 35.903194 0.043140004743961236
242.85904 35.867638 0.05054390938171599
242.85904 35.832085 0.059199993035617085
242.85904 35.796528 0.068861963934365
242.85904 35.654305 0.09719432575728186
242.85904 35.547638 0.0739856811618518
242.85904 35.51208 0.06121998140374253
242.85904 35.47653 0.04945156227678717
242.85904 35.44097 0.039741830434171635
242.85904 35.40542 0.03227845351295894
242.85904 35.36986 0.026809403326597286
242.85904 35.334305 0.022915500501637917
242.89459 36.08097 0.022836576665428123
242.89459 36.045418 0.024889434866344692
242.89459 36.00986 0.02756455381204364
242.89459 35.974304 0.030997734420015677
242.89459 35.93875 0.03529442190941179
242.89459 35.903194 0.04057257479220473
242.89459 35.867638 0.0467750933879298
242.89459 35.832085 0.053853269947403706
242.89459 35.796528 0.061474120474170016
242.89459 35.76097 0.06906133428250813
242.89459 35.68986 0.08038330820072935
242.89459 35.654305 0.08188374863432035
242.89459 35.61875 0.07959159799192136
242.89459 35.583195 0.07367846565434504
242.89459 35.547638 0.0652561575102338
242.89459 35.51208 0.055807845652135465
242.89459 35.47653 0.04668296103698549
242.89459 35.44097 0.038730906225446546
242.89459 35.40542 0.0322731774327832
242.89459 35.36986 0.027272801576446865
242.89459 35.334305 0.023533324293005153
242.93015 36.08097 0.022377629027752186
242.93015 36.045418 0.024307307562826865
242.93015 36.00986 0.026763386117488505
242.93015 35.974304 0.029842671889254
242.93015 35.93875 0.033613282830353204
242.93015 35.903194 0.038131964595623846
242.93015 35.867638 0.04333883811696014
242.93015 35.832085 0.049115626274055926
242.93015 35.796528 0.055128761283566974
242.93015 35.76097 0.06092831644356958
242.93015 35.725418 0.06586619096422021
242.93015 35.68986 0.06917468470403508
242.93015 35.654305 0.07012546431615092
242.93015 35.61875 0.0683948480956924
242.93015 35.583195 0.06410236451903006
242.93015 35.547638 0.05794330531752702
242.93015 35.51208 0.05085351985947295
242.93015 35.47653 0.04375061318964829
242.93015 35.44097 0.03727538810554687
242.93015 35.40542 0.03177919346410625
242.93015 35.36986 0.027318670124198783
242.93015 35.334305 0.023838480941909275
242.9657 36.08097 0.021914145544822974
242.9657 36.045418 0.023711687743069365
242.9657 36.00986 0.025954532569782723
242.9657 35.974304 0.028702053036032953
242.9657 35.93875 0.03200218986684097
242.9657 35.903194 0.035868138529876026
242.9657 35.867638 0.04022214438786644
242.9657 35.832085 0.044919029434132035
242.9657 35.796528 0.049690386703163475
242.9657 35.76097 0.05416687641559985
242.9657 35.725418 0.05787567506957009
242.9657 35.68986 0.06031469817191204
242.9657 35.654305 0.06092772273315156
242.9657 35.61875 0.05961390284633475
242.9657 35.583195 0.05641830580746228
242.9657 35.547638 0.05182115649458087
242.9657 35.51208 0.04643048299955045
242.9657 35.47653 0.04085448292232177
242.9657 35.44097 0.035592656940118025
242.9657 35.40542 0.03095338560950946
242.9657 35.36986 0.027050121538114973
242.9657 35.334305 0.023882979166550234
243.00125 36.08097 0.02145415377925781
243.00125 36.045418 0.023115497540459697
243.00125 36.00986 0.025151050823291214
243.00125 35.974304 0.02759437870000733
243.00125 35.93875 0.03046872563951587
243.00125 35.903194 0.03376114928345875
243.00125 35.867638 0.03740542934391236
243.00125 35.832085 0.04122435995676753
243.00125 35.796528 0.04503411376697403
243.00125 35.76097 0.04852600928283249
243.00125 35.725418 0.051354137825070256
243.00125 35.68986 0.05316613416147592
243.00125 35.654305 0.05360798790675736
243.00125 35.61875 0.05258855760798964
243.00125 35.583195 0.05017296610144652
243.00125 35.547638 0.04668531428106136
243.00125 35.51208 0.042519587358972516
243.00125 35.47653 0.03811727083140941
243.00125 35.44097 0.03383796702507076
243.0368 36.08097 0.02099789298731228
243.0368 36.045418 0.022521661947910835
243.0368 36.00986 0.024360260541377958
243.0368 35.974304 0.026521700768528472
243.0368 35.93875 0.029014986701765225
243.0368 35.903194 0.03182428465183826
243.0368 35.867638 0.03486330680788673
243.0368 35.832085 0.03799619683393607
243.0368 35.796528 0.04104924107325873
243.0368 35.76097 0.04379897331500386
243.0368 35.725418 0.0459857045194047
243.0368 35.68986 0.04734408200829908
243.0368 35.654305 0.047677922217609914
243.0368 35.61875 0.046894851517959635
243.0368 35.583195 0.045041032072626344
243.07236 36.08097 0.020542201565905492
243.07236 36.045418 0.02193324847937978
243.07236 36.00986 0.023582129480038024
243.07236 35.974304 0.025494757364126232
243.07236 35.93875 0.027656364104482047
243.07236 35.903194 0.03004963471982835
243.07236 35.867638 0.032595883199388075
243.07236 35.832085 0.03516413017517866
243.07236 35.796528 0.03762948680443469
243.07236 35.76097 0.03981570711813522
243.07236 35.725418 0.04153053046256433
243.10791 36.08097 0.02009109975581081
243.10791 36.045418 0.021352973468455702
243.10791 36.00986 0.022825196752035024
243.10791 35.974304 0.024512540179265303
243.10791 35.93875 0.026385315947333086
243.10791 35.903194 0.02842600733069743
243.14346 36.045418 0.020788251228805184
243.14346 36.00986 0.0221001929160861
