242.03236 35.734306 0.05576450299368822
242.03236 35.71653 0.05595583743520895
242.05014 35.734306 0.04997181994005141
242.05014 35.71653 0.054498964629970795
242.06792 35.912083 0.04670543687671656
242.06792 35.894306 0.04608132573164221
242.0857 35.912083 0.03873217960910144
242.0857 35.894306 0.04191604727326714
242.10347 35.983192 0.0160940632544143
242.10347 35.965416 0.019373652091423388
242.10347 35.94764 0.021576856716428505
242.10347 35.92986 0.026683102201468828
242.10347 35.912083 0.028691876600560398
242.10347 35.894306 0.03795423185464236
242.10347 35.87653 0.04638227841780207
242.10347 35.85875 0.05158340811366258
242.10347 35.840973 0.05383215597722596
242.10347 35.823193 0.05487072747498553
242.10347 35.805416 0.05979352441012545
242.10347 35.78764 0.05806322580009027
242.10347 35.76986 0.05425055490091221
242.10347 35.752083 0.051621623345476736
242.10347 35.734306 0.04918622139222242
242.10347 35.71653 0.05011123614187993
242.10347 35.69875 0.047579832236111785
242.10347 35.680973 0.04553857160671691
242.12125 35.983192 0.017940194434540008
242.12125 35.965416 0.01999601606847111
242.12125 35.94764 0.020897258785300188
242.12125 35.92986 0.027281776309433167
242.12125 35.912083 0.028074251255546592
242.12125 35.894306 0.030204421006632703
242.12125 35.87653 0.04076530963005129
242.12125 35.85875 0.042081435016259966
242.12125 35.840973 0.04773050054324485
242.12125 35.823193 0.05098571926844664
242.12125 35.805416 0.05587226892798089
242.12125 35.78764 0.05301057401804954
242.12125 35.76986 0.04924555273955358
242.12125 35.752083 0.04716927668565954
242.12125 35.734306 0.04785978932981186
242.12125 35.71653 0.045182532945263226
242.12125 35.69875 0.04347374266901846
242.12125 35.680973 0.041361049786081586
242.13904 35.983192 0.020221483528988074
242.13904 35.965416 0.02064624007126116
242.13904 35.94764 0.020296978816852246
242.13904 35.92986 0.02798506265773354
242.13904 35.912083 0.028565902220601486
242.13904 35.894306 0.03105120642980863
242.13904 35.87653 0.034817748003327265
242.13904 35.85875 0.03555131212731916
242.13904 35.840973 0.04383929250220259
242.13904 35.823193 0.052407133658953026
242.13904 35.805416 0.05242917607089548
242.13904 35.78764 0.047601341305798406
242.13904 35.76986 0.04394915821529849
242.13904 35.752083 0.04315180577561567
242.13904 35.734306 0.0451041145016188
242.13904 35.71653 0.04070073791619047
242.13904 35.69875 0.038960054469338395
242.13904 35.680973 0.034703937329470025
242.13904 35.663193 0.02969290342482246
242.13904 35.645416 0.026618106818711115
242.13904 35.343193 -0.01206139341423709
242.1568 35.983192 0.022542662502772967
242.1568 35.965416 0.022988493156944262
242.1568 35.94764 0.018702597845947605
242.1568 35.92986 0.023853991371326877
242.1568 35.912083 0.025423072942213937
242.1568 35.894306 0.031290603376750575
242.1568 35.87653 0.031184018709569494
242.1568 35.85875 0.03429864482962913
242.1568 35.840973 0.04135877959888709
242.1568 35.823193 0.04273231797082355
242.1568 35.805416 0.04338407328397614
242.1568 35.78764 0.03856189653270492
242.1568 35.76986 0.03678683711830058
242.1568 35.752083 0.03524652829458705
242.1568 35.734306 0.035956813280227706
242.1568 35.71653 0.03492974330358814
242.1568 35.69875 0.032463866090938404
242.1568 35.680973 0.0314919614792403
242.1568 35.663193 0.02632982022502052
242.1568 35.645416 0.023514409917203508
242.1568 35.343193 -0.012803774628740883
242.17459 35.983192 0.021860655067376906
242.17459 35.965416 0.02039854045024489
242.17459 35.94764 0.018512878192131113
242.17459 35.92986 0.019363135027836917
242.17459 35.912083 0.0221610774231098
242.17459 35.894306 0.02573759449827734
242.17459 35.87653 0.029973946610917207
242.17459 35.85875 0.03354046040396633
242.17459 35.840973 0.03182670208195573
242.17459 35.823193 0.03489888814922726
242.17459 35.805416 0.033479115545671345
242.17459 35.78764 0.03334283202930896
242.17459 35.76986 0.029950114026630087
242.17459 35.752083 0.028312156127655252
242.17459 35.734306 0.027677735670826348
242.17459 35.71653 0.02681404045973773
242.17459 35.69875 0.025821576120756418
242.17459 35.680973 0.026307008244612573
242.17459 35.663193 0.022657314648289018
242.17459 35.645416 0.020577937085424436
242.17459 35.62764 0.018546342575128827
242.17459 35.60986 0.017657552667117743
242.19235 35.983192 0.018044850379443127
242.19235 35.965416 0.016238305595481353
242.19235 35.94764 0.016039504555584505
242.19235 35.92986 0.01768555271762788
242.19235 35.912083 0.020187635039667667
242.19235 35.894306 0.021263745325635824
242.19235 35.87653 0.029179089711491107
242.19235 35.85875 0.033200235240505305
242.19235 35.840973 0.030758281263629728
242.19235 35.823193 0.030171371491024168
242.19235 35.805416 0.027488494889468418
242.19235 35.78764 0.02327591422144032
242.19235 35.76986 0.021977267719576504
242.19235 35.752083 0.021839788784841108
242.19235 35.734306 0.02027999283540244
242.19235 35.71653 0.019411261097992016
242.19235 35.69875 0.019993269545044545
242.19235 35.680973 0.020442502427595544
242.19235 35.663193 0.01873578000219303
242.19235 35.645416 0.018676760122964084
242.19235 35.62764 0.015774018674169124
242.19235 35.60986 0.01436259735397874
242.21014 35.983192 0.015931604076907455
242.21014 35.965416 0.014808296100800238
242.21014 35.94764 0.010912925716223584
242.21014 35.92986 0.012988224821861932
242.21014 35.912083 0.01214460531181949
242.21014 35.894306 0.017037367924640112
242.21014 35.87653 0.0230875479823332
242.21014 35.85875 0.027441593463809533
242.21014 35.840973 0.025064889553565117
242.21014 35.823193 0.022606245884668363
242.21014 35.805416 0.018722292678779562
242.21014 35.78764 0.017400863751804607
242.21014 35.76986 0.01545479041164316
242.21014 35.752083 0.013650546267085673
242.21014 35.734306 0.014767982873662738
242.21014 35.71653 0.016579578090351016
242.21014 35.69875 0.01589872648351842
242.21014 35.680973 0.01492593510445489
242.21014 35.663193 0.016693854955875415
242.21014 35.645416 0.015001038614548642
242.21014 35.62764 0.01275886927978763
242.21014 35.60986 0.011639079517613116
242.21014 35.592083 0.006113105484605794
242.21014 35.574306 0.005939121293669511
242.22792 35.983192 0.015846601911129767
242.22792 35.965416 0.011474512480604871
242.22792 35.94764 0.005065897321749807
242.22792 35.92986 0.0008438680459770254
242.22792 35.912083 0.000337292295119751
242.22792 35.894306 -0.0026810691868213443
242.22792 35.87653 0.0034959356597562274
242.22792 35.85875 0.010605237532489487
242.22792 35.840973 0.017851494812513247
242.22792 35.823193 0.02156943912778464
242.22792 35.805416 0.01796771651681517
242.22792 35.78764 0.012991693820927352
242.22792 35.76986 0.010947000344262603
242.22792 35.752083 0.009771120819443035
242.22792 35.734306 0.012305493522940136
242.22792 35.71653 0.014601441454912323
242.22792 35.69875 0.012776731213148929
242.22792 35.680973 0.013703178514337472
242.22792 35.663193 0.01287284103017991
242.22792 35.645416 0.012887594877817155
242.22792 35.62764 0.010074176946199415
242.22792 35.60986 0.0061108627925152426
242.22792 35.592083 0.003078097419552492
242.22792 35.574306 0.0014404005467068132
242.2457 35.983192 0.013537243528143842
242.2457 35.965416 0.011408821966057197
242.2457 35.94764 0.00872524432252337
242.2457 35.92986 -0.0015793608851746577
242.2457 35.912083 -0.0055249353432694215
242.2457 35.894306 -0.016785257467275688
242.2457 35.87653 -0.028686698243028858
242.2457 35.85875 -0.014214348771953822
242.2457 35.840973 -0.0005040431977553217
242.2457 35.823193 0.013309591740208238
242.2457 35.805416 0.015602100760674198
242.2457 35.78764 0.010009591178509525
242.2457 35.76986 0.007225823889568439
242.2457 35.752083 0.006704359163942464
242.2457 35.734306 0.007760820816023167
242.2457 35.71653 0.010131238434918477
242.2457 35.69875 0.010112968148376783
242.2457 35.680973 0.012471249466422973
242.2457 35.663193 0.011162319624722666
242.2457 35.645416 0.008236074894966194
242.2457 35.62764 0.005002177943715894
242.2457 35.60986 0.00197537783187611
242.2457 35.592083 0.00023819779209607872
242.2457 35.574306 -0.0010338826728319706
242.2457 35.556526 -0.000918242514532222
242.2457 35.53875 0.0006080481245653614
242.26347 35.983192 0.01631477870289247
242.26347 35.965416 0.010771863503020125
242.26347 35.94764 0.01662943477793099
242.26347 35.92986 0.014379489757216694
242.26347 35.912083 -0.01968567176506275
242.26347 35.894306 -0.024046204142339184
242.26347 35.87653 -0.055248145265965415
242.26347 35.85875 -0.02718514339978434
242.26347 35.840973 -0.007648947993667055
242.26347 35.823193 0.0034276460000438602
242.26347 35.805416 0.010013184525482832
242.26347 35.78764 0.0055525256528816125
242.26347 35.76986 0.005020858231814196
242.26347 35.752083 0.001952758156368195
242.26347 35.734306 0.002066970765562004
242.26347 35.71653 0.0046607842911091935
242.26347 35.69875 0.006568111842514823
242.26347 35.680973 0.009766375321168003
242.26347 35.663193 0.009214362909467533
242.26347 35.645416 0.0065914597681240306
242.26347 35.62764 0.003281967375922415
242.26347 35.60986 0.0014724042852904962
242.26347 35.592083 -0.002181844013521908
242.26347 35.574306 -0.0030251213675404204
242.26347 35.556526 -0.0024706850489422255
242.26347 35.53875 1.4904789021375625e-05
242.28125 35.94764 0.013018175541599338
242.28125 35.92986 0.022482292176055782
242.28125 35.912083 -0.0007979277997791599
242.28125 35.894306 -0.045807770122118716
242.28125 35.87653 -0.08926593969011984
242.28125 35.85875 -0.04397264571998033
242.28125 35.840973 -0.015015781084598556
242.28125 35.823193 0.0020347054366337547
242.28125 35.805416 0.006732150798613612
242.28125 35.78764 -0.003959855741280882
242.28125 35.76986 0.0033483281129784714
242.28125 35.752083 0.0005498218804637633
242.28125 35.734306 0.0010432551636354592
242.28125 35.71653 0.003464582047921272
242.28125 35.69875 0.007705304224582821
242.28125 35.680973 0.008903706715745502
242.28125 35.663193 0.008280882353130126
242.28125 35.645416 0.007371496400219418
242.28125 35.62764 0.0019296994040643445
242.28125 35.60986 -0.0017130508788418264
242.28125 35.592083 -0.004478827619343401
242.28125 35.574306 -0.004986859877349495
242.28125 35.556526 -0.003403518164654437
242.28125 35.53875 -0.0016426570728367527
242.29903 35.94764 0.010855399213651869
242.29903 35.92986 0.010904253044243348
242.29903 35.912083 -0.0008352872056940769
242.29903 35.894306 -0.026767098867422442
242.29903 35.87653 -0.15917760597228192
242.29903 35.85875 -0.12037077326408066
242.29903 35.840973 -0.025813917701573763
242.29903 35.823193 0.00675003736946761
242.29903 35.805416 0.015491257781913126
242.29903 35.78764 0.0017723418418873482
242.29903 35.76986 0.0020103834704552903
242.29903 35.752083 -0.0011834373384577712
242.29903 35.734306 0.0011876638073163859
242.29903 35.71653 0.00460520476050863
242.29903 35.69875 0.010812213739417542
242.29903 35.680973 0.011445262107024956
242.29903 35.663193 0.009997956465136626
242.29903 35.645416 0.005428891502895772
242.29903 35.62764 -0.0012549010307401076
242.29903 35.60986 -0.0068552742827464735
242.29903 35.592083 -0.007699668027244963
242.29903 35.574306 -0.0077343962851703085
242.29903 35.556526 -0.006485554572257704
242.29903 35.53875 -0.006328933456401082
242.3168 35.912083 0.026213289416583917
242.3168 35.894306 0.054368474709411974
242.3168 35.87653 0.16126452903545124
242.3168 35.85875 -0.22119942806346155
242.3168 35.840973 -0.046899528996111106
242.3168 35.823193 0.024120083640518986
242.3168 35.805416 0.021510571895460073
242.3168 35.78764 0.00035250997716956833
242.3168 35.76986 -0.00408218144664535
242.3168 35.752083 0.004666441383847975
242.3168 35.734306 0.003383971498379934
242.3168 35.71653 0.0061018591303173
242.3168 35.69875 0.016246933210342263
242.3168 35.680973 0.018902661144381466
242.3168 35.663193 0.013445372824339386
242.3168 35.645416 0.005409764264312139
242.3168 35.62764 -0.00517303343132236
242.3168 35.60986 -0.011549377214765358
242.3168 35.592083 -0.01365019910657643
242.3168 35.574306 -0.012080218451214708
242.3168 35.556526 -0.0104478597528979
242.3168 35.53875 -0.008829355472437562
242.33458 35.912083 0.04556621655485929
242.33458 35.894306 0.07903131444634687
242.33458 35.87653 0.2355514290791626
242.33458 35.85875 0.06492903441924046
242.33458 35.840973 -0.41590668061279246
242.33458 35.823193 -0.05806969999759087
242.33458 35.805416 -0.010348569330208668
242.33458 35.78764 -0.015216111664346776
242.33458 35.76986 -0.04122158691751088
242.33458 35.752083 0.006785071060773085
242.33458 35.734306 -0.011472417101137833
242.33458 35.71653 0.0075010570387630815
242.33458 35.69875 0.014876447248782732
242.33458 35.680973 0.01987831218503744
242.33458 35.663193 0.015324192888319987
242.33458 35.645416 0.005718652248319994
242.33458 35.62764 -0.005229361080645534
242.33458 35.60986 -0.016035349136935162
242.33458 35.592083 -0.018792191198625616
242.33458 35.574306 -0.015649631176391288
242.33458 35.556526 -0.014646115469057447
242.33458 35.53875 -0.011820753077307272
242.35236 35.912083 0.06653615856995998
242.35236 35.894306 0.12171856846973747
242.35236 35.87653 0.1328021549888472
242.35236 35.85875 0.022010746412579302
242.35236 35.840973 -0.019170295805840343
242.35236 35.823193 -0.504181960180733
242.35236 35.805416 -0.16189911423733955
242.35236 35.78764 -0.10254723951293065
242.35236 35.76986 -0.07043775030106236
242.35236 35.752083 -0.0067484565025655585
242.35236 35.734306 0.0056741862871529936
242.35236 35.71653 0.01969159992141334
242.35236 35.69875 0.017783906296940544
242.35236 35.680973 0.002507180735144887
242.35236 35.663193 0.014864685711839298
242.35236 35.645416 0.006203630257581194
242.35236 35.62764 -0.009702328984834419
242.35236 35.60986 -0.02487756420758394
242.35236 35.592083 -0.024890759158202547
242.35236 35.574306 -0.019583271840906538
242.35236 35.556526 -0.01604972996268794
242.35236 35.53875 -0.013610709297676753
242.37015 35.912083 0.05900947450320836
242.37015 35.894306 0.08269855606374904
242.37015 35.87653 0.06232481271699243
242.37015 35.85875 -0.008567087914634536
242.37015 35.840973 -0.04465691480488482
242.37015 35.823193 -0.016558529655898657
242.37015 35.805416 -0.5902368167788028
242.37015 35.78764 -0.2174288326452271
242.37015 35.76986 -0.06991247008156565
242.37015 35.752083 -0.02289156612947174
242.37015 35.734306 -0.06597674008458188
242.37015 35.71653 -0.0038473982686134667
242.37015 35.69875 0.036325426039991615
242.37015 35.680973 0.03086485688440288
242.37015 35.663193 0.017953441109314683
242.37015 35.645416 -0.00771965327800378
242.37015 35.62764 -0.024836180928009488
242.37015 35.60986 -0.03545899315586523
242.37015 35.592083 -0.02831073797110792
242.37015 35.574306 -0.02129983854118643
242.37015 35.556526 -0.02256178925410982
242.37015 35.53875 -0.017219896236764825
242.38791 35.912083 0.045214742263285354
242.38791 35.894306 0.0491094143052066
242.38791 35.87653 0.024062195776829026
242.38791 35.85875 -0.040059406991130114
242.38791 35.840973 -0.10004127139599756
242.38791 35.823193 -0.13395262941316366
242.38791 35.805416 -0.004281083356558024
242.38791 35.78764 -0.6088174255302409
242.38791 35.76986 -0.13180640495187962
242.38791 35.752083 -0.02653147769909403
242.38791 35.734306 -0.08523432998432423
242.38791 35.71653 -0.024053312614737365
242.38791 35.69875 0.02314375548440295
242.38791 35.680973 0.03340127701743495
242.38791 35.663193 0.010266822551018406
242.38791 35.645416 -0.020462229048702207
242.38791 35.62764 -0.044512424681309753
242.38791 35.60986 -0.057037725472040945
242.38791 35.592083 -0.038967599510843984
242.38791 35.574306 -0.02716561781566547
242.38791 35.556526 -0.025242409874326504
242.38791 35.53875 -0.023998294112901365
242.4057 35.912083 0.03039356973561084
242.4057 35.894306 0.019417824903048678
242.4057 35.87653 -0.0018517920806233185
242.4057 35.85875 -0.05203764909681141
242.4057 35.840973 -0.10456704886527712
242.4057 35.823193 -0.14086694604839878
242.4057 35.805416 -0.11144762664001467
242.4057 35.78764 0.01021604730826886
242.4057 35.76986 -0.521901014611552
242.4057 35.752083 -0.08702170961530292
242.4057 35.734306 -0.054249131834054
242.4057 35.71653 -0.04020354949186844
242.4057 35.69875 0.020006372490483426
242.4057 35.680973 0.043233395619520665
242.4057 35.663193 0.02356497650435002
242.4057 35.645416 -0.024218290643115148
242.4057 35.62764 -0.05406825631653689
242.4057 35.60986 -0.09137641136761451
242.4057 35.592083 -0.05118817018139758
242.4057 35.574306 -0.04559387881470413
242.4057 35.556526 -0.03760653244889209
242.4057 35.53875 -0.033713720439080455
242.42346 35.912083 0.01719282898505449
242.42346 35.894306 0.004295918258478873
242.42346 35.87653 -0.01616486082775076
242.42346 35.85875 -0.0564550009927626
242.42346 35.840973 -0.09766614068052631
242.42346 35.823193 -0.11255793277325798
242.42346 35.805416 -0.11684802816019874
242.42346 35.78764 -0.1052505130137752
242.42346 35.76986 0.06484537099104143
242.42346 35.752083 0.8333374426191423
242.42346 35.734306 0.11344853496845897
242.42346 35.71653 0.010808305768495341
242.42346 35.69875 0.0011149794456590811
242.42346 35.680973 0.03984044663998337
242.42346 35.663193 0.021571692801685027
242.42346 35.645416 -0.01868574052912675
242.42346 35.62764 -0.048780000178287874
242.42346 35.60986 -0.09136000903209057
242.42346 35.592083 -0.06516848366356745
242.42346 35.574306 -0.06317903706420494
242.42346 35.556526 -0.05312666148907677
242.42346 35.53875 -0.04726359934812416
242.42346 35.520973 -0.041023440040094956
242.42346 35.503193 -0.033005768756319775
242.44125 35.912083 0.012482328091812114
242.44125 35.894306 -0.0007428200573150467
242.44125 35.87653 -0.02241539406855564
242.44125 35.85875 -0.048559788018763705
242.44125 35.840973 -0.07952328004143944
242.44125 35.823193 -0.10481498443229637
242.44125 35.805416 -0.10160917546891113
242.44125 35.78764 -0.08820185875370856
242.44125 35.76986 0.04491447741063437
242.44125 35.752083 0.33546050114413156
242.44125 35.734306 0.5193515254706202
242.44125 35.71653 0.05954076506979922
242.44125 35.69875 0.05137738037437378
242.44125 35.680973 0.054890720340306065
242.44125 35.663193 0.043018673803874696
242.44125 35.645416 -0.01333233263722522
242.44125 35.62764 -0.4087265388661875
242.44125 35.60986 -0.06121795680832581
242.44125 35.592083 -0.0666399605821616
242.44125 35.574306 -0.07075259634464338
242.44125 35.556526 -0.06500094203680017
242.44125 35.53875 -0.054453616301294694
242.44125 35.520973 -0.0461055651673543
242.44125 35.503193 -0.03759536222219537
242.45903 35.912083 0.0066438089680039975
242.45903 35.894306 -0.003774921867659542
242.45903 35.87653 -0.020197016766846904
242.45903 35.85875 -0.040721849435118085
242.45903 35.840973 -0.05969493237009102
242.45903 35.823193 -0.07540981255370666
242.45903 35.805416 -0.0695919921027855
242.45903 35.78764 -0.040253689387287295
242.45903 35.76986 0.04872064020311706
242.45903 35.752083 0.19686829829186359
242.45903 35.734306 0.42903178817831006
242.45903 35.71653 -0.25610100794952173
242.45903 35.69875 -0.01280973850502326
242.45903 35.680973 0.04188884759890654
242.45903 35.663193 0.07042042343305532
242.45903 35.645416 0.06504678566157363
242.45903 35.62764 -0.05943165203065734
242.45903 35.60986 -0.07078481924984073
242.45903 35.592083 -0.07169509500667727
242.45903 35.574306 -0.07259666760267773
242.45903 35.556526 -0.06879176054433461
242.45903 35.53875 -0.06011824378325939
242.45903 35.520973 -0.04709895770910605
242.45903 35.503193 -0.042584041785850055
242.4768 35.912083 0.003040756894821764
242.4768 35.894306 -0.0038553567219910823
242.4768 35.87653 -0.01297728626256428
242.4768 35.85875 -0.031231124708290536
242.4768 35.840973 -0.04119241295555526
242.4768 35.823193 -0.047322465386503976
242.4768 35.805416 -0.032707436597189166
242.4768 35.78764 -0.003739804146908221
242.4768 35.76986 0.05956763022633588
242.4768 35.752083 0.15661177858421416
242.4768 35.734306 0.27096279705430626
242.4768 35.71653 0.34743035668396427
242.4768 35.69875 -0.35602913083550547
242.4768 35.680973 0.046009422344605866
242.4768 35.663193 0.12239193447134467
242.4768 35.645416 -0.00043558319686645697
242.4768 35.62764 -0.009787553370534774
242.4768 35.60986 -0.047938162857750044
242.4768 35.592083 -0.06506423916696778
242.4768 35.574306 -0.07175596057882598
242.4768 35.556526 -0.07022449020053556
242.4768 35.53875 -0.061305606838552754
242.4768 35.520973 -0.050324280410030134
242.4768 35.503193 -0.04350977039393987
242.49458 35.912083 0.0023672974712914546
242.49458 35.894306 -0.0014929291157316227
242.49458 35.87653 -0.006733796506382672
242.49458 35.85875 -0.017513978648428463
242.49458 35.840973 -0.020522584525368703
242.49458 35.823193 -0.01958575929670786
242.49458 35.805416 -0.0024681053923407137
242.49458 35.78764 0.029171811928192404
242.49458 35.76986 0.06920885059870646
242.49458 35.752083 0.12981552822321873
242.49458 35.734306 0.1919782077840957
242.49458 35.71653 0.17944034028006495
242.49458 35.69875 0.2136282431316074
242.49458 35.680973 0.6749564359638455
242.49458 35.663193 0.0629174146370893
242.49458 35.645416 0.08069181080679988
242.49458 35.592083 -0.057249194809335116
242.49458 35.574306 -0.07144208058624124
242.49458 35.556526 -0.06872332602044036
242.49458 35.53875 -0.056302242022946286
242.49458 35.520973 -0.048009333465870996
242.49458 35.503193 -0.041240223491813596
242.51236 35.912083 0.002206489163427139
242.51236 35.894306 0.0012024917023547715
242.51236 35.87653 0.0012786875931006386
242.51236 35.85875 -0.004180330261356946
242.51236 35.840973 -0.005640171720649734
242.51236 35.823193 0.0005851561448472486
242.51236 35.805416 0.01959525242962351
242.51236 35.78764 0.04430381010792522
242.51236 35.76986 0.07611123387984109
242.51236 35.752083 0.11568943442923996
242.51236 35.734306 0.12702297161704357
242.51236 35.71653 0.16360095674785013
242.51236 35.69875 0.14967058607837735
242.51236 35.680973 0.14580078534177965
242.51236 35.663193 0.36929736644074773
242.51236 35.645416 0.04239660231084072
242.51236 35.592083 -0.05019004248241765
242.51236 35.574306 -0.06635490396830405
242.51236 35.556526 -0.06252485783159074
242.51236 35.53875 -0.05191013959306186
242.51236 35.520973 -0.042198159468266425
242.51236 35.503193 -0.03764402870345067
242.53014 35.912083 0.0032635615637882087
242.53014 35.894306 0.005998903095033037
242.53014 35.87653 0.008691550176731039
242.53014 35.85875 0.00755479926739408
242.53014 35.840973 0.007568589902566758
242.53014 35.823193 0.01689723066906451
242.53014 35.805416 0.0341579747914057
242.53014 35.78764 0.057067079903875495
242.53014 35.76986 0.08502568706583047
242.53014 35.752083 0.1084346374958507
242.53014 35.734306 0.13278819017315813
242.53014 35.71653 0.14892512461549468
242.53014 35.69875 0.1523692909918215
242.53014 35.680973 0.04540321498894906
242.53014 35.663193 -0.048032998877021504
242.53014 35.645416 -0.3328042394025562
242.53014 35.62764 0.027777936591658475
242.53014 35.60986 0.010278446574928018
242.53014 35.592083 -0.04007846444194685
242.53014 35.574306 -0.053186286836521185
242.53014 35.556526 -0.05308766373592472
242.53014 35.53875 -0.04544538537767047
242.53014 35.520973 -0.03434311531302309
242.53014 35.503193 -0.03616106723408126
242.54791 35.912083 0.0063773940919310546
242.54791 35.894306 0.009995844181929753
242.54791 35.87653 0.013788466807995989
242.54791 35.85875 0.016145070738064954
242.54791 35.840973 0.018922702371193284
242.54791 35.823193 0.029173781512202263
242.54791 35.805416 0.04497764032379478
242.54791 35.78764 0.06316783244886537
242.54791 35.76986 0.08706234843887484
242.54791 35.752083 0.1120435264313357
242.54791 35.734306 0.1273543687945266
242.54791 35.71653 0.14926927240784355
242.54791 35.69875 0.12949984033802542
242.54791 35.680973 0.03137450825939847
242.54791 35.663193 -0.10384634006511828
242.54791 35.645416 0.0031861870721420216
242.54791 35.62764 -0.27122469858527853
242.54791 35.60986 0.012825299768639442
242.54791 35.592083 -0.005112580082356322
242.54791 35.574306 -0.03758525985798469
242.54791 35.556526 -0.04490823217910324
242.54791 35.53875 -0.03899093691287134
242.54791 35.520973 -0.02928639560401601
242.54791 35.503193 -0.03276981190455587
242.5657 35.912083 0.008755708314380703
242.5657 35.894306 0.014233651622258384
242.5657 35.87653 0.01941915412684711
242.5657 35.85875 0.02301374134299411
242.5657 35.840973 0.029609025791730276
242.5657 35.823193 0.035432885457892443
242.5657 35.805416 0.04805077117258344
242.5657 35.78764 0.06435571952229896
242.5657 35.76986 0.08157859123182554
242.5657 35.752083 0.10320429810740328
242.5657 35.734306 0.12792679374161475
242.5657 35.71653 0.1363044846212461
242.5657 35.69875 0.11020647793730548
242.5657 35.680973 0.016168442244618775
242.5657 35.663193 -0.07363611783102841
242.5657 35.645416 -0.03503473324413986
242.5657 35.62764 -0.8318064209567286
242.5657 35.60986 -0.33222759883405667
242.5657 35.592083 -0.06081928125057787
242.5657 35.574306 -0.05103224575766897
242.5657 35.556526 -0.05010118357690123
242.5657 35.53875 -0.0429115879162105
242.5657 35.520973 -0.03541307664603223
242.5657 35.503193 -0.029921645438580766
242.58347 35.912083 0.009648124054440751
242.58347 35.894306 0.016748302451411276
242.58347 35.87653 0.02186563483567794
242.58347 35.85875 0.02618907872512606
242.58347 35.840973 0.03349367028077868
242.58347 35.823193 0.0376787425934241
242.58347 35.805416 0.04789804375368972
242.58347 35.78764 0.059310350296037484
242.58347 35.76986 0.07180793397581953
242.58347 35.752083 0.09196675431838491
242.58347 35.734306 0.10894819663105398
242.58347 35.71653 0.10814891533614857
242.58347 35.69875 0.0719244696326351
242.58347 35.680973 0.006097812778432465
242.58347 35.663193 -0.05981444564841365
242.58347 35.645416 -0.0914980557095999
242.58347 35.62764 -0.09247380178121478
242.58347 35.60986 -0.813841922280525
242.58347 35.592083 -0.23217485156393855
242.58347 35.574306 -0.18481710431094733
242.58347 35.556526 -0.0836911758396231
242.58347 35.53875 -0.07185852746643025
242.58347 35.520973 -0.047351039784404525
242.58347 35.503193 -0.03058074301510668
242.60126 35.912083 0.011444639905505566
242.60126 35.894306 0.015764055874435717
242.60126 35.87653 0.021592350324967993
242.60126 35.85875 0.024963193934291306
242.60126 35.840973 0.02994409623151742
242.60126 35.823193 0.033450773364343184
242.60126 35.805416 0.042927757006354206
242.60126 35.78764 0.05431908311867659
242.60126 35.76986 0.06292926833605911
242.60126 35.752083 0.07678900974625802
242.60126 35.734306 0.06934500591314441
242.60126 35.71653 0.06285005028949886
242.60126 35.69875 0.03952006921168205
242.60126 35.680973 0.0033031611561221697
242.60126 35.663193 -0.05739607379919054
242.60126 35.645416 -0.09902243937232336
242.60126 35.62764 -0.11060218317154857
242.60126 35.60986 0.0022645986973824916
242.60126 35.592083 -0.4602991620831219
242.60126 35.574306 -0.2621227767226071
242.60126 35.556526 -0.20768590783393115
242.60126 35.53875 -0.11756694805909802
242.60126 35.520973 -0.0619258292643674
242.60126 35.503193 -0.035841097382550285
242.61902 35.912083 0.009830218047188671
242.61902 35.894306 0.01268692792966504
242.61902 35.87653 0.016922219735036617
242.61902 35.85875 0.019568218685040023
242.61902 35.840973 0.02461936007948763
242.61902 35.823193 0.029701594854427166
242.61902 35.805416 0.036677707544732596
242.61902 35.78764 0.04675617579890509
242.61902 35.76986 0.047278708504602474
242.61902 35.752083 0.052406283062640446
242.61902 35.734306 0.03839105031792356
242.61902 35.71653 0.014758688848260648
242.61902 35.69875 0.02917281675675315
242.61902 35.680973 -0.009289412970458766
242.61902 35.663193 -0.05543427802286155
242.61902 35.645416 -0.08227975464688797
242.61902 35.62764 -0.07243116128007543
242.61902 35.60986 0.04743312059090299
242.61902 35.592083 0.35798035433490516
242.61902 35.574306 -0.14893680165743298
242.61902 35.556526 -0.0633366986924506
242.61902 35.53875 -0.10667776019771502
242.61902 35.520973 -0.07127784725670568
242.61902 35.503193 -0.03738861427592376
242.63681 36.143192 -0.03233099808223645
242.63681 35.912083 0.004494872528887958
242.63681 35.894306 0.009387428843426734
242.63681 35.87653 0.012403080432427563
242.63681 35.85875 0.016214000020247116
242.63681 35.840973 0.021167626598892736
242.63681 35.823193 0.026136505079362174
242.63681 35.805416 0.03249826018896135
242.63681 35.78764 0.039481857922460895
242.63681 35.76986 0.02479191112661877
242.63681 35.752083 0.03972081946042891
242.63681 35.734306 0.01402736818811473
242.63681 35.71653 -0.0020349546693191334
242.63681 35.69875 0.007582258792075303
242.63681 35.680973 -0.01698943345480869
242.63681 35.663193 -0.04136694287142928
242.63681 35.645416 -0.06020860838566133
242.63681 35.62764 -0.03249105418781684
242.63681 35.60986 0.08336620993879118
242.63681 35.592083 0.3093679316134525
242.63681 35.574306 0.11122480383598507
242.63681 35.556526 -0.06847012252983735
242.63681 35.53875 -0.060183629549021525
242.63681 35.520973 -0.055975093145955224
242.63681 35.503193 -0.03930397168484928
242.65459 36.143192 -0.033158808773250684
242.65459 35.912083 0.00018196285119530253
242.65459 35.894306 0.004191086732428129
242.65459 35.87653 0.008066641075868936
242.65459 35.85875 0.013560556744459829
242.65459 35.840973 0.01654664837398885
242.65459 35.823193 0.019122513281146253
242.65459 35.805416 0.02407362208412092
242.65459 35.78764 0.043992401070518605
242.65459 35.76986 0.02870002039597419
242.65459 35.752083 0.019296831250322
242.65459 35.734306 0.024270413330232554
242.65459 35.71653 -0.0020464839163950588
242.65459 35.69875 -0.0022017367854818004
242.65459 35.680973 -0.012152691617174749
242.65459 35.663193 -0.01836727023467266
242.65459 35.645416 -0.03662421937280963
242.65459 35.62764 -0.0011699953269843633
242.65459 35.60986 0.0942768415903591
242.65459 35.592083 0.24485763643839975
242.65459 35.574306 0.29857847693963846
242.65459 35.556526 -0.01191259649782922
242.65459 35.53875 -0.04466005257868054
242.65459 35.520973 -0.03901817609880909
242.65459 35.503193 -0.03378918325810278
242.67236 35.87653 0.005777962401852743
242.67236 35.85875 0.008975769405419165
242.67236 35.840973 0.010994447939412857
242.67236 35.823193 0.013962958794764405
242.67236 35.805416 0.019222434642259645
242.67236 35.78764 0.03320414840725716
242.67236 35.76986 0.023808827758341478
242.67236 35.752083 0.01822733090167139
242.67236 35.734306 0.016096508896960238
242.67236 35.71653 0.0007252057613501006
242.67236 35.69875 -0.01755443575103366
242.67236 35.680973 -0.016006681365069664
242.67236 35.663193 -0.019284209979145428
242.67236 35.645416 -0.023209960606829227
242.67236 35.62764 0.008159625414188298
242.67236 35.60986 0.07770202894217687
242.67236 35.592083 0.16072750533165425
242.67236 35.574306 0.20521801320172858
242.67236 35.556526 0.104025196040197
242.67236 35.53875 -0.007295356518189619
242.67236 35.520973 -0.025104363073336536
242.67236 35.503193 -0.03100975725047904
242.69014 35.87653 0.0034333750337803837
242.69014 35.85875 0.00441935186906281
242.69014 35.840973 0.00534242590017639
242.69014 35.823193 0.007620598291621733
242.69014 35.805416 0.012950189115156954
242.69014 35.78764 0.01757523225838245
242.69014 35.76986 0.01586947404493405
242.69014 35.752083 0.014383413708098758
242.69014 35.734306 0.008234828194339516
242.69014 35.71653 0.002808857635373363
242.69014 35.69875 -0.006359732171622862
242.69014 35.680973 -0.012386655335153873
242.69014 35.663193 -0.01786549520830022
242.69014 35.645416 -0.020164789063008615
242.69014 35.62764 0.00811156846539246
242.69014 35.60986 0.04961919080389887
242.69014 35.592083 0.09898209964707969
242.69014 35.574306 0.1266571458022511
242.69014 35.556526 0.07721255311227948
242.69014 35.53875 0.009066822260746565
242.69014 35.520973 -0.015140041590363057
242.69014 35.503193 -0.03437187052342258
242.70792 35.805416 0.0001859865982523079
242.70792 35.78764 0.006221079064812354
242.70792 35.76986 0.00775999924280571
242.70792 35.752083 0.0012843105913330488
242.70792 35.734306 0.009245537661391356
242.70792 35.71653 0.0023087439236661456
242.70792 35.69875 -0.009373581754000798
242.70792 35.680973 -0.01261179352095601
242.70792 35.663193 -0.019236328528952573
242.70792 35.645416 -0.014638789537964714
242.70792 35.62764 0.00147406900500896
242.70792 35.60986 0.026263459404475248
242.70792 35.592083 0.05395261690511072
242.70792 35.574306 0.07004481497970677
242.70792 35.556526 0.0497792086632477
242.70792 35.53875 0.010795843805613548
242.70792 35.520973 -0.012077632960337398
242.70792 35.503193 -0.02402088360655827
242.7257 35.805416 -0.0009484817504419596
242.7257 35.78764 0.0004521276474987179
242.7257 35.76986 0.004475602368401749
242.7257 35.752083 -0.0009242168034358511
242.7257 35.734306 -0.00376801104194055
242.7257 35.71653 -0.005473441149029534
242.7257 35.69875 -0.011699421807758792
242.7257 35.680973 -0.016150335178476527
242.7257 35.663193 -0.019141717858720986
242.7257 35.645416 -0.015808881303749717
242.7257 35.62764 -0.008011442464657043
242.7257 35.60986 0.004577385903245135
242.7257 35.592083 0.019011694503484278
242.7257 35.574306 0.03544144231126667
242.7257 35.556526 0.024489750700776025
242.7257 35.53875 0.008196272073234326
242.7257 35.520973 -0.009925292688469603
242.7257 35.503193 -0.017650197405837134
242.74347 35.87653 -0.001747194116942269
242.74347 35.85875 0.0019414858595755008
242.74347 35.76986 -0.002573963356151829
242.74347 35.752083 -0.006638786810687025
242.74347 35.734306 -0.013082655721752962
242.74347 35.71653 -0.017681595975011455
242.74347 35.69875 -0.018036616489227192
242.74347 35.680973 -0.020627084790361044
242.74347 35.663193 -0.02667628493978036
242.74347 35.645416 -0.023319272363913207
242.74347 35.62764 -0.020707551437936816
242.74347 35.60986 -0.012500191987462383
242.74347 35.592083 0.0005350341349092957
242.74347 35.574306 0.010232006424686302
242.74347 35.556526 0.009296736813260695
242.74347 35.53875 -0.0011911988598024975
242.74347 35.520973 -0.009408116972747252
242.74347 35.503193 -0.019474881020931825
242.76126 35.87653 -0.007331996465662516
242.76126 35.85875 0.0018956288569328544
242.76126 35.76986 -0.007532227882970699
242.76126 35.752083 -0.011999033165729103
242.76126 35.734306 -0.017967079517999668
242.76126 35.71653 -0.02151733515669907
242.76126 35.69875 -0.021957041944350275
242.76126 35.680973 -0.024081055367506654
242.76126 35.663193 -0.026870643839281838
242.76126 35.645416 -0.024073535048706157
242.76126 35.62764 -0.016303256666981902
242.76126 35.60986 -0.006562148954764202
242.76126 35.592083 0.004769910130983407
242.76126 35.574306 0.006904848018020215
242.76126 35.556526 -5.649530554958926e-05
242.76126 35.53875 -0.01062205593791718
242.76126 35.520973 -0.018936355030494192
242.76126 35.503193 -0.021551028694101693
242.77902 35.840973 0.0019268401499249466
242.77902 35.823193 0.005264560979947486
242.77902 35.592083 0.00431593608024064
242.77902 35.574306 0.0005512311866570918
242.77902 35.556526 -0.0067304583885913205
242.77902 35.53875 -0.018105253061856036
242.79681 35.840973 -0.007353724491515903
242.79681 35.823193 -0.0015646807885434655
242.79681 35.592083 0.0009541737733521488
242.79681 35.574306 -0.0031876195959064796
242.79681 35.556526 -0.014938287708094272
242.79681 35.53875 -0.024050029417457083
242.81458 35.805416 -0.007582378577066534
242.81458 35.78764 0.0010475641954108134
242.81458 35.76986 0.0030158924162982104
242.81458 35.752083 0.0015060551927714855
242.81458 35.62764 -0.004671916197792253
242.81458 35.60986 -0.0013715458048487311
242.81458 35.592083 -0.003566543620076676
242.81458 35.574306 -0.006845112393759609
242.81458 35.556526 -0.019263451416493993
242.81458 35.53875 -0.026430347976067747
242.83237 35.805416 -0.017505565674383036
242.83237 35.78764 -0.013157984133874423
242.83237 35.76986 -0.006902449750827641
242.83237 35.752083 -0.008756094477268883
242.83237 35.62764 -0.0018993405837558486
242.83237 35.60986 -0.008107881743724399
242.83237 35.592083 -0.007019611294162689
242.83237 35.574306 -0.010744678315984163
242.83237 35.556526 -0.02336089659699149
242.83237 35.53875 -0.027733850256956252
242.85013 35.76986 -0.017119786488163466
242.85013 35.752083 -0.014860282713240622
242.85013 35.734306 -0.011526912550689009
242.85013 35.71653 -0.008632483892479045
242.85013 35.69875 -0.007387047595050433
242.85013 35.680973 -0.012828346156448692
242.85013 35.62764 -0.004751499785574223
242.85013 35.60986 -0.01021906060896055
242.85013 35.592083 -0.012024035831905089
242.85013 35.574306 -0.015365455957424098
242.86792 35.76986 -0.02667844808028766
242.86792 35.752083 -0.02292303017330996
242.86792 35.734306 -0.018033608785104502
242.86792 35.71653 -0.01657773437681452
242.86792 35.69875 -0.015900587916747172
242.86792 35.680973 -0.01602857587695257
242.86792 35.62764 -0.012331583520621275
242.86792 35.60986 -0.014620297507926691
242.86792 35.592083 -0.017016474574027468
242.86792 35.574306 -0.021197502569683307
242.8857 36.10764 -0.0348232362806833
242.8857 35.734306 -0.025286966088374843
242.8857 35.71653 -0.023161820335489802
242.90347 36.10764 -0.03875996635768939
242.90347 35.734306 -0.034153940367391486
242.90347 35.71653 -0.031132367166897323
242.99237 35.414307 -0.029062861481864502
243.02792 35.556526 -0.03885956639182442
243.02792 35.53875 -0.037118497829527655
243.06348 35.69875 -0.04870093045866136
243.09903 35.87653 -0.04480991233870659
243.13458 36.072083 -0.06762481948408962
241.82791 36.152084 0.020646360153798116
241.82791 36.116528 0.02673046947752845
241.82791 36.08097 0.03181288343201431
241.82791 36.045418 0.03275797229971908
241.82791 36.00986 0.03198194929495474
241.82791 35.974304 0.028771207162925666
241.82791 35.93875 0.031591144873102134
241.82791 35.903194 0.03115119989890036
241.82791 35.867638 0.03577265200244448
241.82791 35.832085 0.03581298194254186
241.82791 35.796528 0.03731833925557149
241.82791 35.76097 0.03610544506568095
241.82791 35.725418 0.036656957092732284
241.82791 35.68986 0.0431192155338095
241.82791 35.654305 0.045283453067793605
241.82791 35.61875 0.04265545481080264
241.82791 35.583195 0.03869793686354797
241.82791 35.547638 0.0372241295454146
241.82791 35.51208 0.02936084994874866
241.82791 35.47653 0.02403391608050727
241.82791 35.44097 0.022465352656188535
241.82791 35.40542 0.016182117165110102
241.82791 35.36986 0.012297866421718972
241.82791 35.334305 0.004843586012778508
241.86346 36.152084 0.020676000338125625
241.86346 36.116528 0.02826024091049587
241.86346 36.08097 0.033147744886902294
241.86346 36.045418 0.03580313604143642
241.86346 36.00986 0.034358960540445446
241.86346 35.974304 0.034883028037404784
241.86346 35.93875 0.03702919741013756
241.86346 35.903194 0.04050860684396622
241.86346 35.867638 0.04118957594335239
241.86346 35.832085 0.03937275663809206
241.86346 35.796528 0.04393841486591779
241.86346 35.76097 0.03481243272938202
241.86346 35.725418 0.04030996984878811
241.86346 35.68986 0.050217388466132676
241.86346 35.654305 0.04849703407948143
241.86346 35.61875 0.04438115107007132
241.86346 35.583195 0.038287971647341185
241.86346 35.547638 0.03892917461735562
241.86346 35.51208 0.03819815414231999
241.86346 35.47653 0.030806426776730175
241.86346 35.44097 0.027914878765933963
241.86346 35.40542 0.01401231056354836
241.86346 35.36986 0.006163660731652348
241.86346 35.334305 -0.0019020148469552998
241.89902 36.152084 0.024103887029187414
241.89902 36.116528 0.028826800479457237
241.89902 36.08097 0.033632051297850185
241.89902 36.045418 0.03490774500151017
241.89902 36.00986 0.0339304713940725
241.89902 35.974304 0.0386309326781035
241.89902 35.93875 0.043173925951196776
241.89902 35.903194 0.04649753917529309
241.89902 35.867638 0.046308730974832193
241.89902 35.832085 0.046457045703943475
241.89902 35.796528 0.03865532082420785
241.89902 35.76097 0.039393363192659375
241.89902 35.725418 0.04137993238629045
241.89902 35.68986 0.04861849523200176
241.89902 35.654305 0.04693615403268475
241.89902 35.61875 0.048184871207322844
241.89902 35.583195 0.043811364420307086
241.89902 35.547638 0.04216557917188875
241.89902 35.51208 0.03503149272937693
241.89902 35.47653 0.03305071576677404
241.89902 35.44097 0.020774610829972
241.89902 35.40542 0.01168484931679924
241.89902 35.36986 0.0014699747637764889
241.89902 35.334305 -0.002735144923360964
241.93459 36.152084 0.02298868792151917
241.93459 36.116528 0.026673575060391662
241.93459 36.08097 0.02947031321643452
241.93459 36.045418 0.036776029034085375
241.93459 36.00986 0.03471545367075181
241.93459 35.974304 0.037668264839553836
241.93459 35.93875 0.04325364045933598
241.93459 35.903194 0.04880782323432768
241.93459 35.867638 0.051408881562065425
241.93459 35.832085 0.04911541941928614
241.93459 35.796528 0.04281016824504898
241.93459 35.76097 0.04062036291489525
241.93459 35.725418 0.0415442504383229
241.93459 35.68986 0.045383738321037134
241.93459 35.654305 0.04654163645670603
241.93459 35.61875 0.05067108450226142
241.93459 35.583195 0.04350624724633581
241.93459 35.547638 0.03697499252916055
241.93459 35.51208 0.033916638996922543
241.93459 35.47653 0.025135129458331358
241.93459 35.44097 0.019391829913025627
241.93459 35.40542 0.011028337257601974
241.93459 35.36986 0.005582725434234163
241.93459 35.334305 -0.002249421791535677
241.97014 36.152084 0.021741784227003826
241.97014 36.116528 0.025977371458599578
241.97014 36.08097 0.02816375906974874
241.97014 36.045418 0.029628762509408494
241.97014 36.00986 0.03297123220047196
241.97014 35.974304 0.037530503273832005
241.97014 35.93875 0.044085832376465364
241.97014 35.903194 0.049087972234949026
241.97014 35.867638 0.054498961068569024
241.97014 35.832085 0.04772435222198637
241.97014 35.796528 0.04786253206954687
241.97014 35.76097 0.045636809847870205
241.97014 35.725418 0.0458861529102122
241.97014 35.68986 0.04735760201523685
241.97014 35.654305 0.04712690525660805
241.97014 35.61875 0.050181603769443583
241.97014 35.583195 0.040368888219410745
241.97014 35.547638 0.03526764546980425
241.97014 35.51208 0.02542933977677592
241.97014 35.47653 0.022299954253216913
241.97014 35.44097 0.017815440390331998
241.97014 35.40542 0.014362860591072757
241.97014 35.36986 0.005999650443425663
241.97014 35.334305 0.0008943303087111613
242.00569 36.152084 0.020581815965882155
242.00569 36.116528 0.02203308678706364
242.00569 36.08097 0.020282187250205832
242.00569 36.045418 0.02197978585017599
242.00569 36.00986 0.028261092865198303
242.00569 35.974304 0.03649713863718114
242.00569 35.93875 0.04299751014498375
242.00569 35.903194 0.05040682675553197
242.00569 35.867638 0.053893374723946286
242.00569 35.832085 0.0579464639862559
242.00569 35.796528 0.05500623676210063
242.00569 35.76097 0.054530600141297306
242.00569 35.725418 0.05925420881642328
242.00569 35.68986 0.05153828542966207
242.00569 35.654305 0.04727043358365632
242.00569 35.61875 0.05029997567865162
242.00569 35.583195 0.036150398117712174
242.00569 35.547638 0.029785138588627177
242.00569 35.51208 0.021755769301844637
242.00569 35.47653 0.01979189185356939
242.00569 35.44097 0.015972246255092953
242.00569 35.40542 0.007491930955997681
242.00569 35.36986 0.004479862116698551
242.04126 36.152084 0.0158326179231369
242.04126 36.116528 0.015233441320737794
242.04126 36.08097 0.014554046558898172
242.04126 36.045418 0.016229026167014635
242.04126 36.00986 0.02226705316487837
242.04126 35.974304 0.03117894997218558
242.04126 35.93875 0.04082869932886039
242.04126 35.903194 0.04824783131166095
242.04126 35.867638 0.0555672348237065
242.04126 35.832085 0.05552856575589579
242.04126 35.796528 0.053690998433234105
242.04126 35.76097 0.05363597996491129
242.04126 35.68986 0.052865957901043203
242.04126 35.654305 0.04627802110955344
242.04126 35.61875 0.043361478913556475
242.04126 35.583195 0.030324742959080817
242.04126 35.547638 0.02040034350314271
242.04126 35.51208 0.019960627723259985
242.04126 35.47653 0.016647681424190028
242.04126 35.44097 0.011960425582000955
242.04126 35.40542 0.004928215781876849
242.04126 35.36986 -0.001467431874279006
242.07681 36.152084 0.019777078944636546
242.07681 36.116528 0.020455962230558518
242.07681 36.08097 0.012195394412228208
242.07681 36.045418 0.015477433942425699
242.07681 36.00986 0.015869501457043744
242.07681 35.974304 0.017557312595842367
242.07681 35.93875 0.0312023794713341
242.07681 35.867638 0.05472911576674791
242.07681 35.832085 0.06160203990040114
242.07681 35.796528 0.06365449802516515
242.07681 35.76097 0.057856574341400624
242.07681 35.725418 0.0527326039319764
242.07681 35.68986 0.051488494672067786
242.07681 35.654305 0.04696495614860026
242.07681 35.61875 0.0373970537178005
242.07681 35.583195 0.026745155633394205
242.07681 35.547638 0.019948494264787814
242.07681 35.51208 0.013374718836623414
242.07681 35.47653 0.012762757534010846
242.07681 35.44097 0.005755762631373902
242.07681 35.40542 0.006229364158173321
242.07681 35.36986 -0.0028107199574635535
242.11237 36.152084 0.021071242578069888
242.11237 36.116528 0.021004811943778047
242.11237 36.08097 0.013624616289202038
242.11237 36.045418 0.013491842801748179
242.11237 36.00986 0.018751820742679785
242.11237 35.654305 0.03648728776294556
242.11237 35.61875 0.02832517761799852
242.11237 35.583195 0.027130970353954717
242.11237 35.547638 0.019201166477777046
242.11237 35.51208 0.008147706542914319
242.11237 35.47653 0.005688628562952595
242.11237 35.44097 0.0037817770013185044
242.11237 35.40542 0.005970549813578623
242.11237 35.36986 -0.0032669056895150324
242.14792 36.152084 0.01931572527846888
242.14792 36.116528 0.02103828171287282
242.14792 36.08097 0.01762486538608738
242.14792 36.045418 0.009535262121847885
242.14792 36.00986 0.017256563191650854
242.14792 35.61875 0.022761746483416376
242.14792 35.583195 0.020875527875564417
242.14792 35.547638 0.017776385375970358
242.14792 35.51208 0.007380033161158244
242.14792 35.47653 0.003307836665647681
242.14792 35.44097 0.0010302755873127355
242.14792 35.40542 0.0005791920341516044
242.14792 35.36986 -0.009912159911906427
242.18347 36.152084 0.021607151426708413
242.18347 36.116528 0.021713155733340744
242.18347 36.08097 0.023452342980972415
242.18347 36.045418 0.02314623945992663
242.18347 36.00986 0.022133428664011124
242.18347 35.583195 0.012311326248431828
242.18347 35.547638 0.009554676187145061
242.18347 35.51208 0.004579347936824216
242.18347 35.47653 -0.0012535927363286192
242.18347 35.44097 0.0012023497027937495
242.18347 35.40542 -0.0026265674657759506
242.18347 35.36986 -0.013790798556223512
242.18347 35.334305 -0.014103322174190601
242.21902 36.152084 0.016564561849021518
242.21902 36.116528 0.02175354647774846
242.21902 36.08097 0.022679033197662214
242.21902 36.045418 0.019641498489921756
242.21902 36.00986 0.021777337251301772
242.21902 35.547638 0.005266278647890296
242.21902 35.51208 0.00475631825286588
242.21902 35.47653 -0.004196423969981421
242.21902 35.44097 -0.003494194809781956
242.21902 35.40542 -0.014446846446515133
242.21902 35.36986 -0.018348080771229583
242.21902 35.334305 -0.011900624884577642
242.25458 36.152084 0.014029008548927312
242.25458 36.116528 0.016138704921286592
242.25458 36.08097 0.015339219303307991
242.25458 36.045418 0.011152444895905896
242.25458 36.00986 0.021136846651704504
242.25458 35.51208 0.0006542107137186177
242.25458 35.47653 -0.006237139500342993
242.25458 35.44097 -0.006369277599474331
242.25458 35.40542 -0.016145608869628573
242.25458 35.36986 -0.018083012291944846
242.25458 35.334305 -0.012852710827039204
242.29013 36.152084 0.011506975546149809
242.29013 36.116528 0.011547630282280119
242.29013 36.08097 0.012698833654410074
242.29013 36.045418 0.014320930395063103
242.29013 36.00986 0.016432328924696954
242.29013 35.974304 0.01269519075209509
242.29013 35.51208 -0.0033363836320217666
242.29013 35.47653 -0.005311155923555352
242.29013 35.44097 -0.007051597719903706
242.29013 35.40542 -0.021147037693825855
242.29013 35.36986 -0.018109794193211716
242.29013 35.334305 -0.008603014411701831
242.32568 36.152084 0.009226755665051725
242.32568 36.116528 0.00827220701276693
242.32568 36.08097 0.011022893222929389
242.32568 36.045418 0.014990442975546595
242.32568 36.00986 0.014348728264356583
242.32568 35.974304 0.013010815657989061
242.32568 35.93875 0.016444284407036353
242.32568 35.51208 -0.009507858776383885
242.32568 35.47653 -0.012902431011634328
242.32568 35.44097 -0.017413684645767143
242.32568 35.40542 -0.021335291481980018
242.32568 35.36986 -0.015051854399846427
242.32568 35.334305 -0.008013390911385039
242.36125 36.152084 0.004800163101637653
242.36125 36.116528 0.006389399885319669
242.36125 36.08097 0.00876477439864988
242.36125 36.045418 0.012759808411783674
242.36125 36.00986 0.011374645078166046
242.36125 35.974304 0.013687109108262846
242.36125 35.93875 0.03136686870992157
242.36125 35.51208 -0.016209727121645014
242.36125 35.47653 -0.01918143087601127
242.36125 35.44097 -0.02562463630283792
242.36125 35.40542 -0.02367445358849563
242.36125 35.36986 -0.014669224180908418
242.36125 35.334305 -0.014259760295519286
242.3968 36.152084 -0.0009040605761452339
242.3968 36.116528 0.0013606545974857165
242.3968 36.08097 0.0033632622202915546
242.3968 36.045418 0.009378400976075535
242.3968 36.00986 0.01114641317466522
242.3968 35.974304 0.013443379078107914
242.3968 35.93875 0.025564435783901676
242.3968 35.51208 -0.02919576084638933
242.3968 35.47653 -0.029073962902579763
242.3968 35.44097 -0.027179646821746
242.3968 35.40542 -0.02476337334836134
242.3968 35.36986 -0.01781975114569436
242.3968 35.334305 -0.015206342288093828
242.43236 36.152084 -0.005823517621796524
242.43236 36.116528 -0.0026221133753642697
242.43236 36.08097 0.0007163908174396411
242.43236 36.045418 0.003055288091153366
242.43236 36.00986 0.006754253533561488
242.43236 35.974304 0.01118197246034372
242.43236 35.93875 0.01723382145945003
242.43236 35.47653 -0.03352662488196674
242.43236 35.44097 -0.0285773249683103
242.43236 35.40542 -0.024246585550966315
242.43236 35.36986 -0.020882428835198343
242.43236 35.334305 -0.01484929313649408
242.46793 36.152084 -0.008479336178061417
242.46793 36.116528 -0.00516581266070059
242.46793 36.08097 -0.0012622009790661942
242.46793 36.045418 0.0012573064724847316
242.46793 36.00986 -0.0004584573817639631
242.46793 35.974304 0.005480165679847007
242.46793 35.93875 0.008449102226228897
242.46793 35.47653 -0.032913875661349276
242.46793 35.44097 -0.028478499603482275
242.46793 35.40542 -0.02490853578410525
242.46793 35.36986 -0.022132912897274745
242.46793 35.334305 -0.018771758039647986
242.50348 36.152084 -0.011485773653791276
242.50348 36.116528 -0.011672153214691193
242.50348 36.08097 -0.005081373376619014
242.50348 36.045418 -0.0018140254186065352
242.50348 36.00986 -0.0013465832911947195
242.50348 35.974304 0.004631084328741396
242.50348 35.93875 0.0031272419528485806
242.50348 35.61875 0.023011026294241538
242.50348 35.47653 -0.026951130018292982
242.50348 35.44097 -0.025363857713558743
242.50348 35.40542 -0.02181679248565363
242.50348 35.36986 -0.022964508590585523
242.50348 35.334305 -0.01864649965134159
242.53903 36.152084 -0.01248312081244244
242.53903 36.116528 -0.011560788029415878
242.53903 36.08097 -0.010621992211600241
242.53903 36.045418 -0.006764227046037102
242.53903 36.00986 -0.0013744091194690458
242.53903 35.974304 0.0019185169923594814
242.53903 35.93875 0.0035030718682817624
242.53903 35.47653 -0.018552324237526514
242.53903 35.44097 -0.029452330353064
242.53903 35.40542 -0.022758825394798312
242.53903 35.36986 -0.019574336051447296
242.53903 35.334305 -0.017285335626087448
242.57458 36.152084 -0.01792932181615153
242.57458 36.116528 -0.015186857516969462
242.57458 36.08097 -0.013492322379991657
242.57458 36.045418 -0.007669611562590203
242.57458 36.00986 -0.004717179287995643
242.57458 35.974304 0.0017357099435191814
242.57458 35.93875 0.004983049936109124
242.57458 35.47653 -0.01992698269484643
242.57458 35.44097 -0.02448694601388412
242.57458 35.40542 -0.019782883422655263
242.57458 35.36986 -0.022016117495126143
242.57458 35.334305 -0.01722941908655875
242.61014 36.152084 -0.025993655605008555
242.61014 36.116528 -0.023143807147749464
242.61014 36.08097 -0.019137215814185714
242.61014 36.045418 -0.015210843319581339
242.61014 36.00986 -0.01082230037286512
242.61014 35.974304 -0.0022445544021311853
242.61014 35.93875 0.0034728271531314775
242.61014 35.47653 -0.023682125235110183
242.61014 35.44097 -0.025998102610537054
242.61014 35.40542 -0.019614687342528036
242.61014 35.36986 -0.02176962120623533
242.61014 35.334305 -0.01841334173400085
242.64569 36.116528 -0.029605686572717765
242.64569 36.08097 -0.023847279519451144
242.64569 36.045418 -0.0200569637254717
242.64569 36.00986 -0.015428657298018997
242.64569 35.974304 -0.008646894048231747
242.64569 35.93875 -0.0008748152525296232
242.64569 35.47653 -0.028803474366235288
242.64569 35.44097 -0.01907129948681705
242.64569 35.40542 -0.026142102809954576
242.64569 35.36986 -0.020279240540610546
242.64569 35.334305 -0.02045652862065233
242.68124 36.116528 -0.03232160640262814
242.68124 36.08097 -0.0277407060361166
242.68124 36.045418 -0.021571381418334014
242.68124 36.00986 -0.016978530574569835
242.68124 35.974304 -0.012691278183661649
242.68124 35.93875 -0.004885187104314195
242.68124 35.903194 -0.0010109526649457884
242.68124 35.47653 -0.0249601296113751
242.68124 35.44097 -0.01673760405033677
242.68124 35.40542 -0.02094832864794806
242.68124 35.36986 -0.022674093528889952
242.68124 35.334305 -0.017603997729300814
242.7168 36.116528 -0.03201659749287083
242.7168 36.08097 -0.029027218988188143
242.7168 36.045418 -0.02601147603598806
242.7168 36.00986 -0.022338115278356885
242.7168 35.974304 -0.019485417007763794
242.7168 35.93875 -0.01049201533857419
242.7168 35.903194 0.0010010068670492644
242.7168 35.867638 0.0018673896719934996
242.7168 35.832085 0.0005474152703395518
242.7168 35.47653 -0.020357424788376807
242.7168 35.44097 -0.019590188625760622
242.7168 35.40542 -0.01899472811507815
242.7168 35.36986 -0.025685958916212875
242.7168 35.334305 -0.02225587629434603
242.75235 36.116528 -0.033019861140076545
242.75235 36.08097 -0.029535471411095707
242.75235 36.045418 -0.02477966991748214
242.75235 36.00986 -0.02467533760779451
242.75235 35.974304 -0.023270907848049707
242.75235 35.93875 -0.017809931758970762
242.75235 35.903194 -0.01152462948942437
242.75235 35.832085 0.0016390481227139264
242.75235 35.796528 -0.001725251668799943
242.75235 35.47653 -0.022060096803821816
242.75235 35.44097 -0.021806434462833493
242.75235 35.40542 -0.01910210971561982
242.75235 35.36986 -0.022083812898453795
242.75235 35.334305 -0.02300545549724376
242.78792 36.116528 -0.03315181146843057
242.78792 36.08097 -0.029114926766969598
242.78792 36.045418 -0.026712575738774978
242.78792 36.00986 -0.023515875060600527
242.78792 35.974304 -0.023054777396273464
242.78792 35.93875 -0.02350335348254861
242.78792 35.903194 -0.01718447971517277
242.78792 35.867638 -0.009667048747131132
242.78792 35.796528 0.0007088825779678898
242.78792 35.76097 -0.006861584735022477
242.78792 35.725418 -0.012660204561800989
242.78792 35.68986 -0.02024299814934874
242.78792 35.654305 -0.017788963059959584
242.78792 35.61875 0.00027658579608724754
242.78792 35.51208 -0.026401231403612252
242.78792 35.47653 -0.019467244289257057
242.78792 35.44097 -0.02533869708031526
242.78792 35.40542 -0.02054804328860104
242.78792 35.36986 -0.022825992708040855
242.78792 35.334305 -0.021902902604718222
242.82347 36.116528 -0.025724786466000325
242.82347 36.08097 -0.022736950405897717
242.82347 36.045418 -0.020960732605620595
242.82347 36.00986 -0.013286103413311198
242.82347 35.974304 -0.012631309904610907
242.82347 35.93875 -0.021119522288688755
242.82347 35.903194 -0.022700796917254018
242.82347 35.867638 -0.01798102563570124
242.82347 35.832085 -0.016516634780373754
242.82347 35.725418 0.00041142123266312003
242.82347 35.68986 -0.010254655413079364
242.82347 35.654305 -0.009415646772927042
242.82347 35.51208 -0.027308602693294146
242.82347 35.47653 -0.02648634919664869
242.82347 35.44097 -0.021812068263344205
242.82347 35.40542 -0.020116138293133946
242.82347 35.36986 -0.02226502540762476
242.82347 35.334305 -0.026339853029044694
242.85904 36.116528 -0.026203071645704765
242.85904 36.08097 -0.02426420223487928
242.85904 36.045418 -0.02184617815800522
242.85904 36.00986 -0.019050456616166948
242.85904 35.974304 -0.015408631649318341
242.85904 35.93875 -0.01566702821536041
242.85904 35.903194 -0.01208300458374395
242.85904 35.867638 -0.018287909637777544
242.85904 35.832085 -0.02703099372130892
242.85904 35.796528 -0.02484796453184196
242.85904 35.654305 -0.012243327331798157
242.85904 35.547638 -0.028274681643218905
242.85904 35.51208 -0.02887198189059327
242.85904 35.47653 -0.02698156300813616
242.85904 35.44097 -0.023887831251589733
242.85904 35.40542 -0.02504345360296195
242.85904 35.36986 -0.024797403373059107
242.85904 35.334305 -0.02465750049473868
242.89459 36.08097 -0.030925577024605713
242.89459 36.045418 -0.03163643478575921
242.89459 36.00986 -0.026883553807055476
242.89459 35.974304 -0.02146673472227083
242.89459 35.93875 -0.017031422777136207
242.89459 35.903194 -0.013977574614582891
242.89459 35.867638 -0.020263092678157693
242.89459 35.832085 -0.023911269662612714
242.89459 35.796528 -0.02710112021000223
242.89459 35.76097 -0.03227833569084668
242.89459 35.68986 -0.025476306645763377
242.89459 35.654305 -0.022722748680573557
242.89459 35.61875 -0.01971459724281019
242.89459 35.583195 -0.025083465595932483
242.89459 35.547638 -0.0316761560666093
242.89459 35.51208 -0.0312918461710535
242.89459 35.47653 -0.03242396072817383
242.89459 35.44097 -0.02903590621024736
242.89459 35.40542 -0.02496317765019114
242.89459 35.36986 -0.0303198014947438
242.89459 35.334305 -0.03011932415063946
242.93015 36.08097 -0.04189162907102516
242.93015 36.045418 -0.03984330758362889
242.93015 36.00986 -0.029652386229679348
242.93015 35.974304 -0.021412671494671253
242.93015 35.93875 -0.018813282825882856
242.93015 35.903194 -0.017338964359470244
242.93015 35.867638 -0.02317083728476009
242.93015 35.832085 -0.0217196253523297
242.93015 35.796528 -0.0314677606294656
242.93015 35.76097 -0.03732831555546037
242.93015 35.725418 -0.037551190728185815
242.93015 35.68986 -0.035983685523956574
242.93015 35.654305 -0.03231046345426776
242.93015 35.61875 -0.028882847117699395
242.93015 35.583195 -0.029758365639835804
242.93015 35.547638 -0.03284130463398095
242.93015 35.51208 -0.033787519830028256
242.93015 35.47653 -0.033847613453279635
242.93015 35.44097 -0.03526038812916521
242.93015 35.40542 -0.026537193595802713
242.93015 35.36986 -0.03374467016049801
242.93015 35.334305 -0.03227648139740797
242.9657 36.08097 -0.03902214635973768
242.9657 36.045418 -0.03931168731987639
242.9657 36.00986 -0.03136153253032445
242.9657 35.974304 -0.022916053216396608
242.9657 35.93875 -0.021504189557969698
242.9657 35.903194 -0.02097213872573689
242.9657 35.867638 -0.02519514475038189
242.9657 35.832085 -0.024553029422568734
242.9657 35.796528 -0.03682338674917826
242.9657 35.76097 -0.04238287609337714
242.9657 35.725418 -0.04164867560791924
242.9657 35.68986 -0.02889369989663204
242.9657 35.654305 -0.036953723188173415
242.9657 35.61875 -0.0298819027636035
242.9657 35.583195 -0.03392730521475369
242.9657 35.547638 -0.035874157302343015
242.9657 35.51208 -0.034238483295904745
242.9657 35.47653 -0.031282482679552054
242.9657 35.44097 -0.0290886567755496
242.9657 35.40542 -0.0297323856254388
242.9657 35.36986 -0.034521121382487245
242.9657 35.334305 -0.03273397927437503
243.00125 36.08097 -0.04028915447305588
243.00125 36.045418 -0.03855549776159293
243.00125 36.00986 -0.03326205088432637
243.00125 35.974304 -0.028688378648359904
243.00125 35.93875 -0.025615725706451885
243.00125 35.903194 -0.026266149256338633
243.00125 35.867638 -0.02611242973360753
243.00125 35.832085 -0.03650235985704896
243.00125 35.796528 -0.04534311376244221
243.00125 35.76097 -0.049639009259445116
243.00125 35.725418 -0.04525513771757328
243.00125 35.68986 -0.031087133911970877
243.00125 35.654305 -0.03542798824233151
243.00125 35.61875 -0.03243155755804095
243.00125 35.583195 -0.035594966390409835
243.00125 35.547638 -0.03630831419505186
243.00125 35.51208 -0.037715587566188064
243.00125 35.47653 -0.033139270645025684
243.00125 35.44097 -0.031482967020898436
243.0368 36.08097 -0.045195892375291785
243.0368 36.045418 -0.04102866200680022
243.0368 36.00986 -0.039810260372994836
243.0368 35.974304 -0.03260170096418072
243.0368 35.93875 -0.03358298656017439
243.0368 35.903194 -0.03423628462437542
243.0368 35.867638 -0.03568930681103088
243.0368 35.832085 -0.043806196836320255
243.0368 35.796528 -0.05184424108249745
243.0368 35.76097 -0.053167973176184644
243.0368 35.725418 -0.05034270440097027
243.0368 35.68986 -0.045909082024541345
243.0368 35.654305 -0.03890092220759633
243.0368 35.61875 -0.032468851101680796
243.0368 35.583195 -0.037239032268993846
243.07236 36.08097 -0.05157320106248466
243.07236 36.045418 -0.04837024791957296
243.07236 36.00986 -0.04228912919918094
243.07236 35.974304 -0.03799275706950048
243.07236 35.93875 -0.0403243637073363
243.07236 35.903194 -0.03736463477332352
243.07236 35.867638 -0.04060688343029647
243.07236 35.832085 -0.05141412957913221
243.07236 35.796528 -0.050097486747035416
243.07236 35.76097 -0.05533370746753765
243.07236 35.725418 -0.050507530132831435
243.10791 36.08097 -0.058615101592587544
243.10791 36.045418 -0.05528797272578183
243.10791 36.00986 -0.05119719765492618
243.10791 35.974304 -0.04364954084433393
243.10791 35.93875 -0.04811631634096216
243.10791 35.903194 -0.043731007688027276
243.14346 36.045418 -0.06826225183176576
243.14346 36.00986 -0.05669319392411985
