> -Z0.01229876145880308 
82.180419921875 35.54387283325195 
82.28926849365234 35.54387283325195 
82.28926849365234 35.452598571777344 
82.180419921875 35.452598571777344 
82.180419921875 35.54387283325195 
> -Z0.015426552464072704 
82.1791000366211 35.4537239074707 
82.28783416748047 35.4537239074707 
82.28783416748047 35.36245346069336 
82.1791000366211 35.36245346069336 
82.1791000366211 35.4537239074707 
> -Z0.009565621300968476 
82.1817398071289 35.63401794433594 
82.29071044921875 35.63401794433594 
82.29071044921875 35.54274368286133 
82.1817398071289 35.54274368286133 
82.1817398071289 35.63401794433594 
> -Z-0.003151674463005221 
82.18307495117188 35.72416305541992 
82.29216003417969 35.72416305541992 
82.29216003417969 35.63288497924805 
82.18307495117188 35.63288497924805 
82.18307495117188 35.72416305541992 
> -Z0.01615810704967724 
82.28926849365234 35.452598571777344 
82.39788055419922 35.452598571777344 
82.39788055419922 35.361228942871094 
82.28926849365234 35.361228942871094 
82.28926849365234 35.452598571777344 
> -Z-0.0006898019238690146 
82.18441009521484 35.814308166503906 
82.29361724853516 35.814308166503906 
82.29361724853516 35.723026275634766 
82.18441009521484 35.723026275634766 
82.18441009521484 35.814308166503906 
> -Z-0.05260927201858633 
82.34812927246094 35.67734909057617 
82.40257263183594 35.67734909057617 
82.40257263183594 35.631649017333984 
82.34812927246094 35.631649017333984 
82.34812927246094 35.67734909057617 
> -Z-0.013109602709690735 
82.319580078125 35.62131881713867 
82.32638549804688 35.62131881713867 
82.32638549804688 35.61560821533203 
82.319580078125 35.61560821533203 
82.319580078125 35.62131881713867 
> -Z-0.033968488008532485 
82.32647705078125 35.62124252319336 
82.33328247070312 35.62124252319336 
82.33328247070312 35.61553192138672 
82.32647705078125 35.61553192138672 
82.32647705078125 35.62124252319336 
> -Z-0.0455739261354824 
82.31948852539062 35.615684509277344 
82.3262939453125 35.615684509277344 
82.3262939453125 35.6099739074707 
82.31948852539062 35.6099739074707 
82.31948852539062 35.615684509277344 
> -Z-0.0712658834599008 
82.32638549804688 35.61560821533203 
82.33319091796875 35.61560821533203 
82.33319091796875 35.60989761352539 
82.32638549804688 35.60989761352539 
82.32638549804688 35.61560821533203 
> -Z-0.02379889002802718 
82.33338165283203 35.62116622924805 
82.3401870727539 35.62116622924805 
82.3401870727539 35.615455627441406 
82.33338165283203 35.615455627441406 
82.33338165283203 35.62116622924805 
> -Z-0.01778240949410476 
82.34027862548828 35.621089935302734 
82.34708404541016 35.621089935302734 
82.34708404541016 35.615379333496094 
82.34027862548828 35.615379333496094 
82.34027862548828 35.621089935302734 
> -Z-0.06129572234817822 
82.33328247070312 35.61553192138672 
82.340087890625 35.61553192138672 
82.340087890625 35.60982131958008 
82.33328247070312 35.60982131958008 
82.33328247070312 35.61553192138672 
> -Z0.0077710143018663875 
82.29071044921875 35.54274368286133 
82.3994369506836 35.54274368286133 
82.3994369506836 35.45137023925781 
82.29071044921875 35.45137023925781 
82.29071044921875 35.54274368286133 
> -Z8.865313560234983e-05 
82.29216003417969 35.63288497924805 
82.31939697265625 35.63288497924805 
82.31939697265625 35.610050201416016 
82.29216003417969 35.610050201416016 
82.29216003417969 35.63288497924805 
> -Z0.0022572768677929615 
82.18575286865234 35.904449462890625 
82.29507446289062 35.904449462890625 
82.29507446289062 35.813167572021484 
82.18575286865234 35.813167572021484 
82.18575286865234 35.904449462890625 
> -Z-0.0062881421017101854 
82.29361724853516 35.723026275634766 
82.34812927246094 35.723026275634766 
82.34812927246094 35.67734909057617 
82.29361724853516 35.67734909057617 
82.29361724853516 35.723026275634766 
> -Z-0.009545738195787426 
82.34888458251953 35.72241973876953 
82.40335845947266 35.72241973876953 
82.40335845947266 35.676719665527344 
82.34888458251953 35.676719665527344 
82.34888458251953 35.72241973876953 
> -Z-0.011151239649646805 
82.29288482666016 35.677955627441406 
82.34736633300781 35.677955627441406 
82.34736633300781 35.63227844238281 
82.29288482666016 35.63227844238281 
82.29288482666016 35.677955627441406 
> -Z-0.01053818816579126 
82.31976318359375 35.63258743286133 
82.33338165283203 35.63258743286133 
82.33338165283203 35.62116622924805 
82.31976318359375 35.62116622924805 
82.31976318359375 35.63258743286133 
> -Z-0.018752209065251393 
82.33356475830078 35.6324348449707 
82.34717559814453 35.6324348449707 
82.34717559814453 35.62101364135742 
82.33356475830078 35.62101364135742 
82.33356475830078 35.6324348449707 
> -Z-0.047004498280720085 
82.3401870727539 35.615455627441406 
82.34699249267578 35.615455627441406 
82.34699249267578 35.609745025634766 
82.3401870727539 35.609745025634766 
82.3401870727539 35.615455627441406 
> -Z0.008001625099774373 
82.29180145263672 35.6103515625 
82.31902313232422 35.6103515625 
82.31902313232422 35.58751678466797 
82.29180145263672 35.58751678466797 
82.29180145263672 35.6103515625 
> -Z-0.04065214431634836 
82.31939697265625 35.610050201416016 
82.3330078125 35.610050201416016 
82.3330078125 35.5986328125 
82.31939697265625 35.5986328125 
82.31939697265625 35.610050201416016 
> -Z-0.04308327095574182 
82.33319091796875 35.60989761352539 
82.3468017578125 35.60989761352539 
82.3468017578125 35.59847640991211 
82.33319091796875 35.59847640991211 
82.33319091796875 35.60989761352539 
> -Z0.0037985046558933026 
82.31920623779297 35.59878158569336 
82.32601165771484 35.59878158569336 
82.32601165771484 35.593074798583984 
82.31920623779297 35.593074798583984 
82.31920623779297 35.59878158569336 
> -Z-0.03187027290805068 
82.32611083984375 35.59870910644531 
82.3329086303711 35.59870910644531 
82.3329086303711 35.59299850463867 
82.32611083984375 35.59299850463867 
82.32611083984375 35.59870910644531 
> -Z0.009362367967220302 
82.3191146850586 35.59314727783203 
82.32592010498047 35.59314727783203 
82.32592010498047 35.587440490722656 
82.3191146850586 35.587440490722656 
82.3191146850586 35.59314727783203 
> -Z-0.006431473693981669 
82.32601165771484 35.593074798583984 
82.33281707763672 35.593074798583984 
82.33281707763672 35.587364196777344 
82.32601165771484 35.587364196777344 
82.32601165771484 35.593074798583984 
> -Z-0.02466809995488657 
82.3330078125 35.5986328125 
82.34661102294922 35.5986328125 
82.34661102294922 35.58721160888672 
82.3330078125 35.58721160888672 
82.3330078125 35.5986328125 
> -Z-0.026839343702747157 
82.34661102294922 35.58721160888672 
82.37381744384766 35.58721160888672 
82.37381744384766 35.56436538696289 
82.34661102294922 35.56436538696289 
82.34661102294922 35.58721160888672 
> -Z-0.04355579075252394 
82.37419891357422 35.58689880371094 
82.40139770507812 35.58689880371094 
82.40139770507812 35.56404495239258 
82.37419891357422 35.56404495239258 
82.37419891357422 35.58689880371094 
> -Z-0.00947623690439385 
82.34623718261719 35.564674377441406 
82.37342834472656 35.564674377441406 
82.37342834472656 35.54182815551758 
82.34623718261719 35.54182815551758 
82.34623718261719 35.564674377441406 
> -Z-0.02262917739603052 
82.37381744384766 35.56436538696289 
82.4010009765625 35.56436538696289 
82.4010009765625 35.54151153564453 
82.37381744384766 35.54151153564453 
82.37381744384766 35.56436538696289 
> -Z-0.030398419979750874 
82.34736633300781 35.63227844238281 
82.37458801269531 35.63227844238281 
82.37458801269531 35.609432220458984 
82.34736633300781 35.609432220458984 
82.34736633300781 35.63227844238281 
> -Z-0.04995717182442502 
82.37496948242188 35.6319694519043 
82.40218353271484 35.6319694519043 
82.40218353271484 35.60911560058594 
82.37496948242188 35.60911560058594 
82.37496948242188 35.6319694519043 
> -Z0.015500666319750143 
82.40022277832031 35.49644088745117 
82.45452117919922 35.49644088745117 
82.45452117919922 35.450721740722656 
82.40022277832031 35.450721740722656 
82.40022277832031 35.49644088745117 
> -Z0.02427500307623398 
82.45532989501953 35.49578857421875 
82.50959777832031 35.49578857421875 
82.50959777832031 35.450042724609375 
82.45532989501953 35.450042724609375 
82.45532989501953 35.49578857421875 
> -Z-0.05008766503870002 
82.40257263183594 35.631649017333984 
82.41617584228516 35.631649017333984 
82.41617584228516 35.62022018432617 
82.40257263183594 35.62022018432617 
82.40257263183594 35.631649017333984 
> -Z-0.04304289158488703 
82.41637420654297 35.63148880004883 
82.42997741699219 35.63148880004883 
82.42997741699219 35.620059967041016 
82.41637420654297 35.620059967041016 
82.41637420654297 35.63148880004883 
> -Z-0.05375652769318041 
82.40237426757812 35.620384216308594 
82.41597747802734 35.620384216308594 
82.41597747802734 35.60895538330078 
82.40237426757812 35.60895538330078 
82.40237426757812 35.620384216308594 
> -Z-0.04337853823843808 
82.41617584228516 35.62022018432617 
82.42977142333984 35.62022018432617 
82.42977142333984 35.60879135131836 
82.41617584228516 35.60879135131836 
82.41617584228516 35.62022018432617 
> -Z-0.02605895314070425 
82.43017578125 35.631324768066406 
82.45736694335938 35.631324768066406 
82.45736694335938 35.60845947265625 
82.43017578125 35.60845947265625 
82.43017578125 35.631324768066406 
> -Z0.0064089282764932375 
82.29654693603516 35.90330505371094 
82.4057388305664 35.90330505371094 
82.4057388305664 35.81192398071289 
82.29654693603516 35.81192398071289 
82.29654693603516 35.90330505371094 
> -Z0.02000297933586634 
82.3994369506836 35.45137023925781 
82.50791931152344 35.45137023925781 
82.50791931152344 35.35990524291992 
82.3994369506836 35.35990524291992 
82.3994369506836 35.45137023925781 
> -Z-0.006104548598285263 
82.4010009765625 35.54151153564453 
82.45532989501953 35.54151153564453 
82.45532989501953 35.49578857421875 
82.4010009765625 35.49578857421875 
82.4010009765625 35.54151153564453 
> -Z-0.03923374925953707 
82.34699249267578 35.609745025634766 
82.37419891357422 35.609745025634766 
82.37419891357422 35.58689880371094 
82.34699249267578 35.58689880371094 
82.34699249267578 35.609745025634766 
> -Z-0.04954065546896131 
82.37458801269531 35.609432220458984 
82.40178680419922 35.609432220458984 
82.40178680419922 35.58658218383789 
82.37458801269531 35.58658218383789 
82.37458801269531 35.609432220458984 
> -Z0.0049836149736385334 
82.29143524169922 35.58781433105469 
82.34585571289062 35.58781433105469 
82.34585571289062 35.54214096069336 
82.29143524169922 35.54214096069336 
82.29143524169922 35.58781433105469 
> -Z0.0019647348151781725 
82.29507446289062 35.813167572021484 
82.4041519165039 35.813167572021484 
82.4041519165039 35.72178649902344 
82.29507446289062 35.72178649902344 
82.29507446289062 35.813167572021484 
> -Z0.010529574856633854 
82.45614624023438 35.54085922241211 
82.51043701171875 35.54085922241211 
82.51043701171875 35.495113372802734 
82.45614624023438 35.495113372802734 
82.45614624023438 35.54085922241211 
> -Z-0.0572917544242835 
82.40218353271484 35.60911560058594 
82.41577911376953 35.60911560058594 
82.41577911376953 35.597686767578125 
82.40218353271484 35.597686767578125 
82.40218353271484 35.60911560058594 
> -Z-0.048933379676636926 
82.41597747802734 35.60895538330078 
82.42957305908203 35.60895538330078 
82.42957305908203 35.5975227355957 
82.41597747802734 35.5975227355957 
82.41597747802734 35.60895538330078 
> -Z-0.0528574851753472 
82.40198516845703 35.59784698486328 
82.41558074951172 35.59784698486328 
82.41558074951172 35.58641815185547 
82.40198516845703 35.58641815185547 
82.40198516845703 35.59784698486328 
> -Z-0.05237701085375854 
82.41577911376953 35.597686767578125 
82.42937469482422 35.597686767578125 
82.42937469482422 35.58625793457031 
82.41577911376953 35.58625793457031 
82.41577911376953 35.597686767578125 
> -Z-0.045041677335529495 
82.42977142333984 35.60879135131836 
82.44336700439453 35.60879135131836 
82.44336700439453 35.59735870361328 
82.42977142333984 35.59735870361328 
82.42977142333984 35.60879135131836 
> -Z-0.04732472811811553 
82.44357299804688 35.60862731933594 
82.45037078857422 35.60862731933594 
82.45037078857422 35.602909088134766 
82.44357299804688 35.602909088134766 
82.44357299804688 35.60862731933594 
> -Z-0.03892047118035731 
82.45046997070312 35.608543395996094 
82.45726776123047 35.608543395996094 
82.45726776123047 35.60282516479492 
82.45046997070312 35.60282516479492 
82.45046997070312 35.608543395996094 
> -Z-0.049716980322188825 
82.44347381591797 35.60299301147461 
82.45026397705078 35.60299301147461 
82.45026397705078 35.5972785949707 
82.44347381591797 35.5972785949707 
82.44347381591797 35.60299301147461 
> -Z-0.04104456091407159 
82.45037078857422 35.602909088134766 
82.45716094970703 35.602909088134766 
82.45716094970703 35.59719467163086 
82.45037078857422 35.59719467163086 
82.45037078857422 35.602909088134766 
> -Z-0.0541769528242336 
82.42957305908203 35.5975227355957 
82.44316864013672 35.5975227355957 
82.44316864013672 35.58609390258789 
82.42957305908203 35.58609390258789 
82.42957305908203 35.5975227355957 
> -Z-0.05210626053653086 
82.44336700439453 35.59735870361328 
82.45016479492188 35.59735870361328 
82.45016479492188 35.591644287109375 
82.44336700439453 35.591644287109375 
82.44336700439453 35.59735870361328 
> -Z-0.042937450080093725 
82.45026397705078 35.5972785949707 
82.45706176757812 35.5972785949707 
82.45706176757812 35.59156036376953 
82.45026397705078 35.59156036376953 
82.45026397705078 35.5972785949707 
> -Z-0.057382707159440535 
82.44326782226562 35.59172439575195 
82.45006561279297 35.59172439575195 
82.45006561279297 35.58600997924805 
82.44326782226562 35.58600997924805 
82.44326782226562 35.59172439575195 
> -Z-0.046795404666442456 
82.45016479492188 35.591644287109375 
82.45696258544922 35.591644287109375 
82.45696258544922 35.5859260559082 
82.45016479492188 35.5859260559082 
82.45016479492188 35.591644287109375 
> -Z-0.028596843963447527 
82.45777893066406 35.6309928894043 
82.4645767211914 35.6309928894043 
82.4645767211914 35.62527847290039 
82.45777893066406 35.62527847290039 
82.45777893066406 35.6309928894043 
> -Z-0.013787978325144279 
82.46446990966797 35.61964416503906 
82.47126770019531 35.61964416503906 
82.47126770019531 35.61392593383789 
82.46446990966797 35.61392593383789 
82.46446990966797 35.61964416503906 
> -Z-0.024542084619899013 
82.45747375488281 35.61409378051758 
82.46426391601562 35.61409378051758 
82.46426391601562 35.608375549316406 
82.45747375488281 35.608375549316406 
82.45747375488281 35.61409378051758 
> -Z-0.018938569904615822 
82.46437072753906 35.614009857177734 
82.4711685180664 35.614009857177734 
82.4711685180664 35.60829162597656 
82.46437072753906 35.60829162597656 
82.46437072753906 35.614009857177734 
> -Z-0.008611874527815392 
82.47137451171875 35.61956024169922 
82.47816467285156 35.61956024169922 
82.47816467285156 35.61384201049805 
82.47137451171875 35.61384201049805 
82.47137451171875 35.61956024169922 
> -Z-0.005383614690750847 
82.478271484375 35.619476318359375 
82.48506927490234 35.619476318359375 
82.48506927490234 35.6137580871582 
82.478271484375 35.6137580871582 
82.478271484375 35.619476318359375 
> -Z-0.014970474380507796 
82.47126770019531 35.61392593383789 
82.47806549072266 35.61392593383789 
82.47806549072266 35.60820770263672 
82.47126770019531 35.60820770263672 
82.47126770019531 35.61392593383789 
> -Z-0.012337735570119614 
82.47816467285156 35.61384201049805 
82.4849624633789 35.61384201049805 
82.4849624633789 35.608123779296875 
82.47816467285156 35.608123779296875 
82.47816467285156 35.61384201049805 
> -Z-0.009275304515266508 
82.46467590332031 35.63090896606445 
82.47147369384766 35.63090896606445 
82.47147369384766 35.62519454956055 
82.46467590332031 35.62519454956055 
82.46467590332031 35.63090896606445 
> -Z-0.02635612350192741 
82.45767211914062 35.625362396240234 
82.46446990966797 35.625362396240234 
82.46446990966797 35.61964416503906 
82.45767211914062 35.61964416503906 
82.45767211914062 35.625362396240234 
> -Z-0.012114397027345514 
82.4645767211914 35.62527847290039 
82.47137451171875 35.62527847290039 
82.47137451171875 35.61956024169922 
82.4645767211914 35.61956024169922 
82.4645767211914 35.62527847290039 
> -Z-0.0027574094234316514 
82.4715805053711 35.63082504272461 
82.47837829589844 35.63082504272461 
82.47837829589844 35.6251106262207 
82.4715805053711 35.6251106262207 
82.4715805053711 35.63082504272461 
> -Z0.004918572279814695 
82.47847747802734 35.630741119384766 
82.48527526855469 35.630741119384766 
82.48527526855469 35.625022888183594 
82.47847747802734 35.625022888183594 
82.47847747802734 35.630741119384766 
> -Z-0.006789400533451432 
82.47147369384766 35.62519454956055 
82.478271484375 35.62519454956055 
82.478271484375 35.619476318359375 
82.47147369384766 35.619476318359375 
82.47147369384766 35.62519454956055 
> -Z-0.0003007895071442876 
82.47837829589844 35.6251106262207 
82.48516845703125 35.6251106262207 
82.48516845703125 35.619388580322266 
82.47837829589844 35.619388580322266 
82.47837829589844 35.6251106262207 
> -Z-0.023102863080298908 
82.45757293701172 35.619728088378906 
82.46437072753906 35.619728088378906 
82.46437072753906 35.614009857177734 
82.45757293701172 35.614009857177734 
82.45757293701172 35.619728088378906 
> -Z-0.03183056901712895 
82.40139770507812 35.56404495239258 
82.42857360839844 35.56404495239258 
82.42857360839844 35.54118728637695 
82.40139770507812 35.54118728637695 
82.40139770507812 35.56404495239258 
> -Z-0.031652300467965064 
82.42897033691406 35.563720703125 
82.45614624023438 35.563720703125 
82.45614624023438 35.54085922241211 
82.42897033691406 35.54085922241211 
82.42897033691406 35.563720703125 
> -Z0.009202940321772648 
82.47323608398438 35.72096252441406 
82.4868392944336 35.72096252441406 
82.4868392944336 35.70952606201172 
82.47323608398438 35.70952606201172 
82.47323608398438 35.72096252441406 
> -Z-0.037648042787720416 
82.45716094970703 35.59719467163086 
82.46395874023438 35.59719467163086 
82.46395874023438 35.59147644042969 
82.45716094970703 35.59147644042969 
82.45716094970703 35.59719467163086 
> -Z-0.03386480367008939 
82.46406555175781 35.597110748291016 
82.47085571289062 35.597110748291016 
82.47085571289062 35.591392517089844 
82.46406555175781 35.591392517089844 
82.46406555175781 35.597110748291016 
> -Z-0.043150395424747766 
82.45706176757812 35.59156036376953 
82.46385955810547 35.59156036376953 
82.46385955810547 35.58584213256836 
82.45706176757812 35.58584213256836 
82.45706176757812 35.59156036376953 
> -Z-0.01809019908495265 
82.47303009033203 35.709693908691406 
82.48663330078125 35.709693908691406 
82.48663330078125 35.69825744628906 
82.47303009033203 35.69825744628906 
82.47303009033203 35.709693908691406 
> -Z-0.02990977429801331 
82.45736694335938 35.60845947265625 
82.46416473388672 35.60845947265625 
82.46416473388672 35.602745056152344 
82.45736694335938 35.602745056152344 
82.45736694335938 35.60845947265625 
> -Z-0.023993282558420252 
82.46426391601562 35.608375549316406 
82.47106170654297 35.608375549316406 
82.47106170654297 35.6026611328125 
82.46426391601562 35.6026611328125 
82.46426391601562 35.608375549316406 
> -Z-0.033486514220142406 
82.45726776123047 35.60282516479492 
82.46406555175781 35.60282516479492 
82.46406555175781 35.597110748291016 
82.45726776123047 35.597110748291016 
82.45726776123047 35.60282516479492 
> -Z-0.027699637055806907 
82.46416473388672 35.602745056152344 
82.47096252441406 35.602745056152344 
82.47096252441406 35.59702682495117 
82.46416473388672 35.59702682495117 
82.46416473388672 35.602745056152344 
> -Z-0.02294487968754646 
82.4711685180664 35.60829162597656 
82.48475646972656 35.60829162597656 
82.48475646972656 35.59685516357422 
82.4711685180664 35.59685516357422 
82.4711685180664 35.60829162597656 
> -Z-0.010765504512074545 
82.48538208007812 35.63065719604492 
82.51255798339844 35.63065719604492 
82.51255798339844 35.60778045654297 
82.48538208007812 35.60778045654297 
82.48538208007812 35.63065719604492 
> -Z-0.03864811480602044 
82.46395874023438 35.59147644042969 
82.47075653076172 35.59147644042969 
82.47075653076172 35.585758209228516 
82.46395874023438 35.585758209228516 
82.46395874023438 35.59147644042969 
> -Z-0.026786811369722316 
82.47096252441406 35.59702682495117 
82.47775268554688 35.59702682495117 
82.47775268554688 35.59130859375 
82.47096252441406 35.59130859375 
82.47096252441406 35.59702682495117 
> -Z-0.020699547676286803 
82.47785949707031 35.59694290161133 
82.48464965820312 35.59694290161133 
82.48464965820312 35.591224670410156 
82.47785949707031 35.591224670410156 
82.47785949707031 35.59694290161133 
> -Z-0.03138616365740584 
82.47085571289062 35.591392517089844 
82.47764587402344 35.591392517089844 
82.47764587402344 35.58567428588867 
82.47085571289062 35.58567428588867 
82.47085571289062 35.591392517089844 
> -Z-0.022807604082633083 
82.47775268554688 35.59130859375 
82.48454284667969 35.59130859375 
82.48454284667969 35.58559036254883 
82.47775268554688 35.58559036254883 
82.47775268554688 35.59130859375 
> -Z-0.021535551572566314 
82.4849624633789 35.608123779296875 
82.51213073730469 35.608123779296875 
82.51213073730469 35.58524703979492 
82.4849624633789 35.58524703979492 
82.4849624633789 35.608123779296875 
> -Z-0.04628176106661013 
82.40178680419922 35.58658218383789 
82.4153823852539 35.58658218383789 
82.4153823852539 35.57515335083008 
82.40178680419922 35.57515335083008 
82.40178680419922 35.58658218383789 
> -Z-0.04897462597301931 
82.41558074951172 35.58641815185547 
82.4291763305664 35.58641815185547 
82.4291763305664 35.574989318847656 
82.41558074951172 35.574989318847656 
82.41558074951172 35.58641815185547 
> -Z-0.041078432409321915 
82.4015884399414 35.575313568115234 
82.4151840209961 35.575313568115234 
82.4151840209961 35.56388473510742 
82.4015884399414 35.56388473510742 
82.4015884399414 35.575313568115234 
> -Z-0.04364737594278914 
82.4153823852539 35.57515335083008 
82.42897033691406 35.57515335083008 
82.42897033691406 35.563720703125 
82.4153823852539 35.563720703125 
82.4153823852539 35.57515335083008 
> -Z-0.054059328117747246 
82.42937469482422 35.58625793457031 
82.44296264648438 35.58625793457031 
82.44296264648438 35.574825286865234 
82.42937469482422 35.574825286865234 
82.42937469482422 35.58625793457031 
> -Z-0.05917786129928339 
82.44316864013672 35.58609390258789 
82.44995880126953 35.58609390258789 
82.44995880126953 35.58037567138672 
82.44316864013672 35.58037567138672 
82.44316864013672 35.58609390258789 
> -Z-0.04928895363909863 
82.45006561279297 35.58600997924805 
82.45685577392578 35.58600997924805 
82.45685577392578 35.580291748046875 
82.45006561279297 35.580291748046875 
82.45006561279297 35.58600997924805 
> -Z-0.05797276046610937 
82.44306945800781 35.58045959472656 
82.44985961914062 35.58045959472656 
82.44985961914062 35.57474136352539 
82.44306945800781 35.57474136352539 
82.44306945800781 35.58045959472656 
> -Z-0.04999396617454818 
82.44995880126953 35.58037567138672 
82.45675659179688 35.58037567138672 
82.45675659179688 35.57466125488281 
82.44995880126953 35.57466125488281 
82.44995880126953 35.58037567138672 
> -Z-0.05178156657067057 
82.4291763305664 35.574989318847656 
82.44276428222656 35.574989318847656 
82.44276428222656 35.56355667114258 
82.4291763305664 35.56355667114258 
82.4291763305664 35.574989318847656 
> -Z-0.04714457654650558 
82.44296264648438 35.574825286865234 
82.45655059814453 35.574825286865234 
82.45655059814453 35.563392639160156 
82.44296264648438 35.563392639160156 
82.44296264648438 35.574825286865234 
> -Z0.012048449457801846 
82.48705291748047 35.72079086303711 
82.5142593383789 35.72079086303711 
82.5142593383789 35.697914123535156 
82.48705291748047 35.697914123535156 
82.48705291748047 35.72079086303711 
> -Z-0.03507095078788858 
82.4590072631836 35.6985969543457 
82.48621368408203 35.6985969543457 
82.48621368408203 35.675724029541016 
82.4590072631836 35.675724029541016 
82.4590072631836 35.6985969543457 
> -Z0.0021308646750694705 
82.48663330078125 35.69825744628906 
82.51383209228516 35.69825744628906 
82.51383209228516 35.67538070678711 
82.48663330078125 35.67538070678711 
82.48663330078125 35.69825744628906 
> -Z-0.046528864678492855 
82.45696258544922 35.5859260559082 
82.46375274658203 35.5859260559082 
82.46375274658203 35.58020782470703 
82.45696258544922 35.58020782470703 
82.45696258544922 35.5859260559082 
> -Z-0.04303702253872629 
82.46385955810547 35.58584213256836 
82.47064971923828 35.58584213256836 
82.47064971923828 35.58012390136719 
82.46385955810547 35.58012390136719 
82.46385955810547 35.58584213256836 
> -Z-0.04603492819688965 
82.45685577392578 35.580291748046875 
82.46365356445312 35.580291748046875 
82.46365356445312 35.57457733154297 
82.45685577392578 35.57457733154297 
82.45685577392578 35.580291748046875 
> -Z-0.04154780452664167 
82.46375274658203 35.58020782470703 
82.47055053710938 35.58020782470703 
82.47055053710938 35.574493408203125 
82.46375274658203 35.574493408203125 
82.46375274658203 35.58020782470703 
> -Z-0.03666895398538066 
82.47075653076172 35.585758209228516 
82.47754669189453 35.585758209228516 
82.47754669189453 35.580039978027344 
82.47075653076172 35.580039978027344 
82.47075653076172 35.585758209228516 
> -Z-0.023136157672385506 
82.47764587402344 35.58567428588867 
82.48444366455078 35.58567428588867 
82.48444366455078 35.5799560546875 
82.47764587402344 35.5799560546875 
82.47764587402344 35.58567428588867 
> -Z-0.03768296728566874 
82.47064971923828 35.58012390136719 
82.4774398803711 35.58012390136719 
82.4774398803711 35.57440948486328 
82.47064971923828 35.57440948486328 
82.47064971923828 35.58012390136719 
> -Z-0.02326948587420917 
82.47754669189453 35.580039978027344 
82.48433685302734 35.580039978027344 
82.48433685302734 35.57432174682617 
82.47754669189453 35.57432174682617 
82.47754669189453 35.580039978027344 
> -Z-0.037081454753530176 
82.45675659179688 35.57466125488281 
82.47034454345703 35.57466125488281 
82.47034454345703 35.56322479248047 
82.45675659179688 35.56322479248047 
82.45675659179688 35.57466125488281 
> -Z-0.030003690333959956 
82.47055053710938 35.574493408203125 
82.484130859375 35.574493408203125 
82.484130859375 35.56305694580078 
82.47055053710938 35.56305694580078 
82.47055053710938 35.574493408203125 
> -Z-0.02588911034490203 
82.48454284667969 35.58559036254883 
82.51171112060547 35.58559036254883 
82.51171112060547 35.562713623046875 
82.48454284667969 35.562713623046875 
82.48454284667969 35.58559036254883 
> -Z-0.02294847644203911 
82.45655059814453 35.563392639160156 
82.48371124267578 35.563392639160156 
82.48371124267578 35.540523529052734 
82.45655059814453 35.540523529052734 
82.45655059814453 35.563392639160156 
> -Z-0.03566534150471155 
82.43138122558594 35.69892883300781 
82.4585952758789 35.69892883300781 
82.4585952758789 35.676063537597656 
82.43138122558594 35.676063537597656 
82.43138122558594 35.69892883300781 
> -Z-0.04736176384573186 
82.40335845947266 35.676719665527344 
82.43058013916016 35.676719665527344 
82.43058013916016 35.65385818481445 
82.40335845947266 35.65385818481445 
82.40335845947266 35.676719665527344 
> -Z-0.03857060440540851 
82.43097686767578 35.676395416259766 
82.45819091796875 35.676395416259766 
82.45819091796875 35.65353012084961 
82.43097686767578 35.65353012084961 
82.43097686767578 35.676395416259766 
> -Z-0.018756045665146145 
82.484130859375 35.56305694580078 
82.51128387451172 35.56305694580078 
82.51128387451172 35.54018020629883 
82.484130859375 35.54018020629883 
82.484130859375 35.56305694580078 
> -Z-0.010494696244044236 
82.4041519165039 35.72178649902344 
82.43138122558594 35.72178649902344 
82.43138122558594 35.69892883300781 
82.4041519165039 35.69892883300781 
82.4041519165039 35.72178649902344 
> -Z-0.014221292159122323 
82.47240447998047 35.67589569091797 
82.48600769042969 35.67589569091797 
82.48600769042969 35.664459228515625 
82.47240447998047 35.664459228515625 
82.47240447998047 35.67589569091797 
> -Z-0.03750343151050077 
82.45838928222656 35.664794921875 
82.46519470214844 35.664794921875 
82.46519470214844 35.65907669067383 
82.45838928222656 35.65907669067383 
82.45838928222656 35.664794921875 
> -Z-0.025019283474207253 
82.46529388427734 35.664710998535156 
82.47209167480469 35.664710998535156 
82.47209167480469 35.658992767333984 
82.46529388427734 35.658992767333984 
82.46529388427734 35.664710998535156 
> -Z-0.035056997068100136 
82.45829010009766 35.65916061401367 
82.465087890625 35.65916061401367 
82.465087890625 35.653446197509766 
82.45829010009766 35.653446197509766 
82.45829010009766 35.65916061401367 
> -Z-0.018443674137752372 
82.46519470214844 35.65907669067383 
82.47199249267578 35.65907669067383 
82.47199249267578 35.65336227416992 
82.46519470214844 35.65336227416992 
82.46519470214844 35.65907669067383 
> -Z-0.0019130579336475093 
82.47219848632812 35.66462707519531 
82.48579406738281 35.66462707519531 
82.48579406738281 35.65319061279297 
82.47219848632812 35.65319061279297 
82.47219848632812 35.66462707519531 
> -Z0.009512598141787794 
82.48621368408203 35.675724029541016 
82.5134048461914 35.675724029541016 
82.5134048461914 35.65284729003906 
82.48621368408203 35.65284729003906 
82.48621368408203 35.675724029541016 
> -Z-0.014553815035120706 
82.4317855834961 35.72146224975586 
82.4590072631836 35.72146224975586 
82.4590072631836 35.6985969543457 
82.4317855834961 35.6985969543457 
82.4317855834961 35.72146224975586 
> -Z-0.022556685384345358 
82.40375518798828 35.69925308227539 
82.43097686767578 35.69925308227539 
82.43097686767578 35.676395416259766 
82.40375518798828 35.676395416259766 
82.40375518798828 35.69925308227539 
> -Z-0.044263977225961766 
82.40296936035156 35.6541862487793 
82.41657257080078 35.6541862487793 
82.41657257080078 35.642757415771484 
82.40296936035156 35.642757415771484 
82.40296936035156 35.6541862487793 
> -Z-0.04193606854668164 
82.4167709350586 35.654022216796875 
82.43037414550781 35.654022216796875 
82.43037414550781 35.64259338378906 
82.4167709350586 35.64259338378906 
82.4167709350586 35.654022216796875 
> -Z-0.04497734630106171 
82.40277099609375 35.64291763305664 
82.41637420654297 35.64291763305664 
82.41637420654297 35.63148880004883 
82.40277099609375 35.63148880004883 
82.40277099609375 35.64291763305664 
> -Z-0.03952079701909639 
82.41657257080078 35.642757415771484 
82.43017578125 35.642757415771484 
82.43017578125 35.631324768066406 
82.41657257080078 35.631324768066406 
82.41657257080078 35.642757415771484 
> -Z-0.024589437294349842 
82.43058013916016 35.65385818481445 
82.45777893066406 35.65385818481445 
82.45777893066406 35.6309928894043 
82.43058013916016 35.6309928894043 
82.43058013916016 35.65385818481445 
> -Z-0.03628736804606081 
82.4585952758789 35.676063537597656 
82.47219848632812 35.676063537597656 
82.47219848632812 35.66462707519531 
82.4585952758789 35.66462707519531 
82.4585952758789 35.676063537597656 
> -Z-0.0319214504137811 
82.45819091796875 35.65353012084961 
82.4649887084961 35.65353012084961 
82.4649887084961 35.64781188964844 
82.45819091796875 35.64781188964844 
82.45819091796875 35.65353012084961 
> -Z-0.014183178061657191 
82.465087890625 35.653446197509766 
82.47188568115234 35.653446197509766 
82.47188568115234 35.647727966308594 
82.465087890625 35.647727966308594 
82.465087890625 35.653446197509766 
> -Z-0.02885500641133701 
82.45808410644531 35.64789581298828 
82.46488189697266 35.64789581298828 
82.46488189697266 35.64217758178711 
82.45808410644531 35.64217758178711 
82.45808410644531 35.64789581298828 
> -Z-0.013582877325705171 
82.4649887084961 35.64781188964844 
82.47178649902344 35.64781188964844 
82.47178649902344 35.642093658447266 
82.4649887084961 35.642093658447266 
82.4649887084961 35.64781188964844 
> -Z0.0008409248701823739 
82.47199249267578 35.65336227416992 
82.47879028320312 35.65336227416992 
82.47879028320312 35.64764404296875 
82.47199249267578 35.64764404296875 
82.47199249267578 35.65336227416992 
> -Z0.009227067315804421 
82.47889709472656 35.65327453613281 
82.4856948852539 35.65327453613281 
82.4856948852539 35.64755630493164 
82.47889709472656 35.64755630493164 
82.47889709472656 35.65327453613281 
> -Z0.0050494184828295124 
82.47188568115234 35.647727966308594 
82.47868347167969 35.647727966308594 
82.47868347167969 35.64200973510742 
82.47188568115234 35.64200973510742 
82.47188568115234 35.647727966308594 
> -Z0.01889693452366259 
82.47879028320312 35.64764404296875 
82.48558807373047 35.64764404296875 
82.48558807373047 35.64192581176758 
82.47879028320312 35.64192581176758 
82.47879028320312 35.64764404296875 
> -Z-0.02711519618085685 
82.4579849243164 35.64226150512695 
82.46478271484375 35.64226150512695 
82.46478271484375 35.63654327392578 
82.4579849243164 35.63654327392578 
82.4579849243164 35.64226150512695 
> -Z-0.012596509547443985 
82.46488189697266 35.64217758178711 
82.4716796875 35.64217758178711 
82.4716796875 35.63645935058594 
82.46488189697266 35.63645935058594 
82.46488189697266 35.64217758178711 
> -Z-0.02636910630350331 
82.45787811279297 35.636627197265625 
82.46467590332031 35.636627197265625 
82.46467590332031 35.63090896606445 
82.45787811279297 35.63090896606445 
82.45787811279297 35.636627197265625 
> -Z-0.012051992093979787 
82.46478271484375 35.63654327392578 
82.4715805053711 35.63654327392578 
82.4715805053711 35.63082504272461 
82.46478271484375 35.63082504272461 
82.46478271484375 35.63654327392578 
> -Z0.007042631550006038 
82.47178649902344 35.642093658447266 
82.47858428955078 35.642093658447266 
82.47858428955078 35.636375427246094 
82.47178649902344 35.636375427246094 
82.47178649902344 35.642093658447266 
> -Z0.012166499363586027 
82.47868347167969 35.64200973510742 
82.48548126220703 35.64200973510742 
82.48548126220703 35.63629150390625 
82.47868347167969 35.63629150390625 
82.47868347167969 35.64200973510742 
> -Z0.0009108393158196223 
82.4716796875 35.63645935058594 
82.47847747802734 35.63645935058594 
82.47847747802734 35.630741119384766 
82.4716796875 35.630741119384766 
82.4716796875 35.63645935058594 
> -Z0.01004149123438719 
82.47858428955078 35.636375427246094 
82.48538208007812 35.636375427246094 
82.48538208007812 35.63065719604492 
82.47858428955078 35.63065719604492 
82.47858428955078 35.636375427246094 
> -Z0.007127246785304464 
82.48579406738281 35.65319061279297 
82.51297760009766 35.65319061279297 
82.51297760009766 35.630313873291016 
82.48579406738281 35.630313873291016 
82.48579406738281 35.65319061279297 
> -Z0.00948862734395946 
82.4057388305664 35.81192398071289 
82.51467895507812 35.81192398071289 
82.51467895507812 35.7204475402832 
82.4057388305664 35.7204475402832 
82.4057388305664 35.81192398071289 
> -Z0.012456420197881101 
82.40733337402344 35.90205764770508 
82.51639556884766 35.90205764770508 
82.51639556884766 35.810577392578125 
82.40733337402344 35.810577392578125 
82.40733337402344 35.90205764770508 
> -Z0.02160461124142237 
82.50959777832031 35.450042724609375 
82.6179428100586 35.450042724609375 
82.6179428100586 35.358482360839844 
82.50959777832031 35.358482360839844 
82.50959777832031 35.450042724609375 
> -Z0.013128750084346861 
82.51811218261719 35.90070724487305 
82.62703704833984 35.90070724487305 
82.62703704833984 35.80913162231445 
82.51811218261719 35.80913162231445 
82.51811218261719 35.90070724487305 
> -Z0.019859263111778366 
82.6197509765625 35.44861602783203 
82.72796630859375 35.44861602783203 
82.72796630859375 35.35696029663086 
82.6197509765625 35.35696029663086 
82.6197509765625 35.44861602783203 
> -Z0.020602992408336553 
82.6215591430664 35.53874588012695 
82.72988891601562 35.53874588012695 
82.72988891601562 35.447086334228516 
82.6215591430664 35.447086334228516 
82.6215591430664 35.53874588012695 
> -Z0.015122508311574974 
82.51467895507812 35.7204475402832 
82.62337493896484 35.7204475402832 
82.62337493896484 35.628875732421875 
82.51467895507812 35.628875732421875 
82.51467895507812 35.7204475402832 
> -Z0.016861301347905037 
82.51639556884766 35.810577392578125 
82.62520599365234 35.810577392578125 
82.62520599365234 35.7190055847168 
82.51639556884766 35.7190055847168 
82.51639556884766 35.810577392578125 
> -Z0.025526199042171682 
82.51128387451172 35.54018020629883 
82.6197509765625 35.54018020629883 
82.6197509765625 35.44861602783203 
82.51128387451172 35.44861602783203 
82.51128387451172 35.54018020629883 
> -Z0.00904638970308013 
82.51297760009766 35.630313873291016 
82.6215591430664 35.630313873291016 
82.6215591430664 35.53874588012695 
82.51297760009766 35.53874588012695 
82.51297760009766 35.630313873291016 
> -Z0.020148374336221526 
82.62337493896484 35.628875732421875 
82.73182678222656 35.628875732421875 
82.73182678222656 35.53721237182617 
82.62337493896484 35.53721237182617 
82.62337493896484 35.628875732421875 
> -Z0.015540144317788296 
82.62520599365234 35.7190055847168 
82.7337646484375 35.7190055847168 
82.7337646484375 35.62733840942383 
82.62520599365234 35.62733840942383 
82.62520599365234 35.7190055847168 
> -Z0.016237871755171607 
82.62703704833984 35.80913162231445 
82.7357177734375 35.80913162231445 
82.7357177734375 35.71746063232422 
82.62703704833984 35.71746063232422 
82.62703704833984 35.80913162231445 
