> -Z-0.04041336383258862 
82.32050323486328 35.67765808105469 
82.34774780273438 35.67765808105469 
82.34774780273438 35.654815673828125 
82.32050323486328 35.654815673828125 
82.32050323486328 35.67765808105469 
> -Z-0.008224498630757835 
82.29252624511719 35.65542221069336 
82.31976318359375 35.65542221069336 
82.31976318359375 35.63258743286133 
82.29252624511719 35.63258743286133 
82.29252624511719 35.65542221069336 
> -Z-0.02871108763475117 
82.1791000366211 35.4537239074707 
82.28783416748047 35.4537239074707 
82.28783416748047 35.36245346069336 
82.1791000366211 35.36245346069336 
82.1791000366211 35.4537239074707 
> -Z-0.041476416450437655 
82.18575286865234 35.904449462890625 
82.29507446289062 35.904449462890625 
82.29507446289062 35.813167572021484 
82.18575286865234 35.813167572021484 
82.18575286865234 35.904449462890625 
> -Z-0.03234913461859279 
82.28926849365234 35.452598571777344 
82.39788055419922 35.452598571777344 
82.39788055419922 35.361228942871094 
82.28926849365234 35.361228942871094 
82.28926849365234 35.452598571777344 
> -Z-0.02470921798284058 
82.18307495117188 35.72416305541992 
82.29216003417969 35.72416305541992 
82.29216003417969 35.63288497924805 
82.18307495117188 35.63288497924805 
82.18307495117188 35.72416305541992 
> -Z-0.040853000205785826 
82.18441009521484 35.814308166503906 
82.29361724853516 35.814308166503906 
82.29361724853516 35.723026275634766 
82.18441009521484 35.723026275634766 
82.18441009521484 35.814308166503906 
> -Z-0.03432343291251357 
82.1817398071289 35.63401794433594 
82.29071044921875 35.63401794433594 
82.29071044921875 35.54274368286133 
82.1817398071289 35.54274368286133 
82.1817398071289 35.63401794433594 
> -Z-0.02485259663425895 
82.180419921875 35.54387283325195 
82.28926849365234 35.54387283325195 
82.28926849365234 35.452598571777344 
82.180419921875 35.452598571777344 
82.180419921875 35.54387283325195 
> -Z0.006136015328021536 
82.29270935058594 35.66668701171875 
82.30632781982422 35.66668701171875 
82.30632781982422 35.6552734375 
82.29270935058594 35.6552734375 
82.29270935058594 35.66668701171875 
> -Z-0.020736885326355953 
82.30651092529297 35.66653823852539 
82.32013702392578 35.66653823852539 
82.32013702392578 35.655120849609375 
82.30651092529297 35.655120849609375 
82.30651092529297 35.66653823852539 
> -Z-0.011039278111133404 
82.29288482666016 35.677955627441406 
82.30651092529297 35.677955627441406 
82.30651092529297 35.66653823852539 
82.29288482666016 35.66653823852539 
82.29288482666016 35.677955627441406 
> -Z-0.036106365960844905 
82.30669403076172 35.67780685424805 
82.32032012939453 35.67780685424805 
82.32032012939453 35.66638946533203 
82.30669403076172 35.66638946533203 
82.30669403076172 35.67780685424805 
> -Z-0.01967258899140721 
82.34812927246094 35.67734909057617 
82.37535858154297 35.67734909057617 
82.37535858154297 35.654502868652344 
82.34812927246094 35.654502868652344 
82.34812927246094 35.67734909057617 
> -Z0.0044362980495836896 
82.37535858154297 35.654502868652344 
82.38896942138672 35.654502868652344 
82.38896942138672 35.6430778503418 
82.37535858154297 35.6430778503418 
82.37535858154297 35.654502868652344 
> -Z0.018119143301221205 
82.38916015625 35.65434265136719 
82.40277099609375 35.65434265136719 
82.40277099609375 35.64291763305664 
82.38916015625 35.64291763305664 
82.38916015625 35.65434265136719 
> -Z0.005963553351808468 
82.37516784667969 35.64323425292969 
82.3887710571289 35.64323425292969 
82.3887710571289 35.63180923461914 
82.37516784667969 35.63180923461914 
82.37516784667969 35.64323425292969 
> -Z-0.02327378398941277 
82.32013702392578 35.655120849609375 
82.34736633300781 35.655120849609375 
82.34736633300781 35.63227844238281 
82.32013702392578 35.63227844238281 
82.32013702392578 35.655120849609375 
> -Z-0.004119383997456205 
82.37574768066406 35.67703628540039 
82.40296936035156 35.67703628540039 
82.40296936035156 35.6541862487793 
82.37574768066406 35.6541862487793 
82.37574768066406 35.67703628540039 
> -Z-0.014570331498801312 
82.34774780273438 35.654815673828125 
82.37496948242188 35.654815673828125 
82.37496948242188 35.6319694519043 
82.34774780273438 35.6319694519043 
82.34774780273438 35.654815673828125 
> -Z-0.015126017465252006 
82.29361724853516 35.723026275634766 
82.34812927246094 35.723026275634766 
82.34812927246094 35.67734909057617 
82.29361724853516 35.67734909057617 
82.29361724853516 35.723026275634766 
> -Z-0.014428213147817365 
82.34888458251953 35.72241973876953 
82.40335845947266 35.72241973876953 
82.40335845947266 35.676719665527344 
82.34888458251953 35.676719665527344 
82.34888458251953 35.72241973876953 
> -Z-0.012293688461438449 
82.29216003417969 35.63288497924805 
82.31939697265625 35.63288497924805 
82.31939697265625 35.610050201416016 
82.29216003417969 35.610050201416016 
82.29216003417969 35.63288497924805 
> -Z-0.029721164604385255 
82.31976318359375 35.63258743286133 
82.34699249267578 35.63258743286133 
82.34699249267578 35.609745025634766 
82.31976318359375 35.609745025634766 
82.31976318359375 35.63258743286133 
> -Z-0.015532106727646499 
82.29180145263672 35.6103515625 
82.31902313232422 35.6103515625 
82.31902313232422 35.58751678466797 
82.29180145263672 35.58751678466797 
82.29180145263672 35.6103515625 
> -Z0.0017403157560461208 
82.37496948242188 35.6319694519043 
82.38858032226562 35.6319694519043 
82.38858032226562 35.62054443359375 
82.37496948242188 35.62054443359375 
82.37496948242188 35.6319694519043 
> -Z0.010506230985491555 
82.38896942138672 35.6430778503418 
82.3957748413086 35.6430778503418 
82.3957748413086 35.63736343383789 
82.38896942138672 35.63736343383789 
82.38896942138672 35.6430778503418 
> -Z0.009734768518680187 
82.39586639404297 35.64299774169922 
82.40267181396484 35.64299774169922 
82.40267181396484 35.63728332519531 
82.39586639404297 35.63728332519531 
82.39586639404297 35.64299774169922 
> -Z0.023223716823290247 
82.38887023925781 35.63744354248047 
82.39567565917969 35.63744354248047 
82.39567565917969 35.63172912597656 
82.38887023925781 35.63172912597656 
82.38887023925781 35.63744354248047 
> -Z0.003656315939359306 
82.3957748413086 35.63736343383789 
82.40257263183594 35.63736343383789 
82.40257263183594 35.631649017333984 
82.3957748413086 35.631649017333984 
82.3957748413086 35.63736343383789 
> -Z-0.04250158509590006 
82.29071044921875 35.54274368286133 
82.3994369506836 35.54274368286133 
82.3994369506836 35.45137023925781 
82.29071044921875 35.45137023925781 
82.29071044921875 35.54274368286133 
> -Z-0.022322842262132717 
82.29143524169922 35.58781433105469 
82.34585571289062 35.58781433105469 
82.34585571289062 35.54214096069336 
82.29143524169922 35.54214096069336 
82.29143524169922 35.58781433105469 
> -Z-0.02517977520249674 
82.31939697265625 35.610050201416016 
82.34661102294922 35.610050201416016 
82.34661102294922 35.58721160888672 
82.31939697265625 35.58721160888672 
82.31939697265625 35.610050201416016 
> -Z-0.0011314159036258653 
82.34736633300781 35.63227844238281 
82.37458801269531 35.63227844238281 
82.37458801269531 35.609432220458984 
82.34736633300781 35.609432220458984 
82.34736633300781 35.63227844238281 
> -Z-0.015434082062211266 
82.3468017578125 35.59847640991211 
82.36040496826172 35.59847640991211 
82.36040496826172 35.58705520629883 
82.3468017578125 35.58705520629883 
82.3468017578125 35.59847640991211 
> -Z-0.028071856035635 
82.360595703125 35.598323822021484 
82.37419891357422 35.598323822021484 
82.37419891357422 35.58689880371094 
82.360595703125 35.58689880371094 
82.360595703125 35.598323822021484 
> -Z-0.0039556150082375036 
82.37458801269531 35.609432220458984 
82.38819122314453 35.609432220458984 
82.38819122314453 35.59800720214844 
82.37458801269531 35.59800720214844 
82.37458801269531 35.609432220458984 
> -Z0.005016105870064319 
82.38838195800781 35.609275817871094 
82.40198516845703 35.609275817871094 
82.40198516845703 35.59784698486328 
82.38838195800781 35.59784698486328 
82.38838195800781 35.609275817871094 
> -Z0.005582683271847078 
82.3887710571289 35.63180923461914 
82.40237426757812 35.63180923461914 
82.40237426757812 35.620384216308594 
82.3887710571289 35.620384216308594 
82.3887710571289 35.63180923461914 
> -Z0.0024742334438371955 
82.3747787475586 35.62070083618164 
82.38838195800781 35.62070083618164 
82.38838195800781 35.609275817871094 
82.3747787475586 35.609275817871094 
82.3747787475586 35.62070083618164 
> -Z-0.022011680607398137 
82.36021423339844 35.57578659057617 
82.37381744384766 35.57578659057617 
82.37381744384766 35.56436538696289 
82.36021423339844 35.56436538696289 
82.36021423339844 35.57578659057617 
> -Z-0.027506378510378418 
82.37419891357422 35.58689880371094 
82.38780212402344 35.58689880371094 
82.38780212402344 35.57547378540039 
82.37419891357422 35.57547378540039 
82.37419891357422 35.58689880371094 
> -Z-0.021965288290744067 
82.38799285888672 35.58674240112305 
82.4015884399414 35.58674240112305 
82.4015884399414 35.575313568115234 
82.38799285888672 35.575313568115234 
82.38799285888672 35.58674240112305 
> -Z-0.02846772061458308 
82.37400817871094 35.57563018798828 
82.38760375976562 35.57563018798828 
82.38760375976562 35.564205169677734 
82.37400817871094 35.564205169677734 
82.37400817871094 35.57563018798828 
> -Z-0.03378858349244944 
82.3743896484375 35.598167419433594 
82.38799285888672 35.598167419433594 
82.38799285888672 35.58674240112305 
82.3743896484375 35.58674240112305 
82.3743896484375 35.598167419433594 
> -Z0.007162468491865526 
82.38858032226562 35.62054443359375 
82.40218353271484 35.62054443359375 
82.40218353271484 35.60911560058594 
82.38858032226562 35.60911560058594 
82.38858032226562 35.62054443359375 
> -Z-0.007037057022739254 
82.34699249267578 35.609745025634766 
82.35379791259766 35.609745025634766 
82.35379791259766 35.604034423828125 
82.34699249267578 35.604034423828125 
82.34699249267578 35.609745025634766 
> -Z-0.015877137176350226 
82.35388946533203 35.60966873168945 
82.3606948852539 35.60966873168945 
82.3606948852539 35.60395812988281 
82.35388946533203 35.60395812988281 
82.35388946533203 35.60966873168945 
> -Z-0.026849182110142547 
82.34689331054688 35.60411071777344 
82.35369873046875 35.60411071777344 
82.35369873046875 35.5984001159668 
82.34689331054688 35.5984001159668 
82.34689331054688 35.60411071777344 
> -Z-0.043048796192235325 
82.35379791259766 35.604034423828125 
82.360595703125 35.604034423828125 
82.360595703125 35.598323822021484 
82.35379791259766 35.598323822021484 
82.35379791259766 35.604034423828125 
> -Z-0.019065682969450853 
82.36078643798828 35.609588623046875 
82.3743896484375 35.609588623046875 
82.3743896484375 35.598167419433594 
82.36078643798828 35.598167419433594 
82.36078643798828 35.609588623046875 
> -Z-0.011372566393591882 
82.38819122314453 35.59800720214844 
82.40178680419922 35.59800720214844 
82.40178680419922 35.58658218383789 
82.38819122314453 35.58658218383789 
82.38819122314453 35.59800720214844 
> -Z-0.011562567324872333 
82.34661102294922 35.58721160888672 
82.36021423339844 35.58721160888672 
82.36021423339844 35.57578659057617 
82.34661102294922 35.57578659057617 
82.34661102294922 35.58721160888672 
> -Z-0.020141792769118497 
82.36040496826172 35.58705520629883 
82.3672103881836 35.58705520629883 
82.3672103881836 35.58134460449219 
82.36040496826172 35.58134460449219 
82.36040496826172 35.58705520629883 
> -Z-0.03301149624098511 
82.36730194091797 35.586978912353516 
82.37410736083984 35.586978912353516 
82.37410736083984 35.58126449584961 
82.36730194091797 35.58126449584961 
82.36730194091797 35.586978912353516 
> -Z-0.008350077286198507 
82.36031341552734 35.5814208984375 
82.36711120605469 35.5814208984375 
82.36711120605469 35.57571029663086 
82.36031341552734 35.57571029663086 
82.36031341552734 35.5814208984375 
> -Z-0.02393073219403348 
82.3672103881836 35.58134460449219 
82.37400817871094 35.58134460449219 
82.37400817871094 35.57563018798828 
82.3672103881836 35.57563018798828 
82.3672103881836 35.58134460449219 
> -Z-0.007309878991837743 
82.34642791748047 35.57594299316406 
82.36002349853516 35.57594299316406 
82.36002349853516 35.56452178955078 
82.34642791748047 35.56452178955078 
82.34642791748047 35.57594299316406 
> -Z-0.030027622894941965 
82.29654693603516 35.90330505371094 
82.4057388305664 35.90330505371094 
82.4057388305664 35.81192398071289 
82.29654693603516 35.81192398071289 
82.29654693603516 35.90330505371094 
> -Z-0.029124526384599933 
82.3994369506836 35.45137023925781 
82.50791931152344 35.45137023925781 
82.50791931152344 35.35990524291992 
82.3994369506836 35.35990524291992 
82.3994369506836 35.45137023925781 
> -Z0.019114017005927214 
82.40257263183594 35.631649017333984 
82.42977142333984 35.631649017333984 
82.42977142333984 35.60879135131836 
82.40257263183594 35.60879135131836 
82.40257263183594 35.631649017333984 
> -Z0.002472220729383412 
82.43017578125 35.631324768066406 
82.44377136230469 35.631324768066406 
82.44377136230469 35.61989212036133 
82.43017578125 35.61989212036133 
82.43017578125 35.631324768066406 
> -Z-0.03584449031972374 
82.38780212402344 35.57547378540039 
82.40139770507812 35.57547378540039 
82.40139770507812 35.56404495239258 
82.38780212402344 35.56404495239258 
82.38780212402344 35.57547378540039 
> -Z-0.03438528404493239 
82.34623718261719 35.564674377441406 
82.37342834472656 35.564674377441406 
82.37342834472656 35.54182815551758 
82.34623718261719 35.54182815551758 
82.34623718261719 35.564674377441406 
> -Z-0.048839143578018177 
82.37381744384766 35.56436538696289 
82.4010009765625 35.56436538696289 
82.4010009765625 35.54151153564453 
82.37381744384766 35.54151153564453 
82.37381744384766 35.56436538696289 
> -Z-0.027395711020914367 
82.29507446289062 35.813167572021484 
82.4041519165039 35.813167572021484 
82.4041519165039 35.72178649902344 
82.29507446289062 35.72178649902344 
82.29507446289062 35.813167572021484 
> -Z-0.047914540396379754 
82.4010009765625 35.54151153564453 
82.50959777832031 35.54151153564453 
82.50959777832031 35.450042724609375 
82.4010009765625 35.450042724609375 
82.4010009765625 35.54151153564453 
> -Z-0.004649501747104989 
82.44397735595703 35.631160736083984 
82.45077514648438 35.631160736083984 
82.45077514648438 35.62544250488281 
82.44397735595703 35.62544250488281 
82.44397735595703 35.631160736083984 
> -Z-0.00799254696031243 
82.45087432861328 35.63107681274414 
82.45767211914062 35.63107681274414 
82.45767211914062 35.625362396240234 
82.45087432861328 35.625362396240234 
82.45087432861328 35.63107681274414 
> -Z-0.0010029889320512242 
82.44387817382812 35.625526428222656 
82.45067596435547 35.625526428222656 
82.45067596435547 35.61981201171875 
82.44387817382812 35.61981201171875 
82.44387817382812 35.625526428222656 
> -Z-0.0029669451650446294 
82.45077514648438 35.62544250488281 
82.45757293701172 35.62544250488281 
82.45757293701172 35.619728088378906 
82.45077514648438 35.619728088378906 
82.45077514648438 35.62544250488281 
> -Z0.0028539229808097755 
82.42997741699219 35.620059967041016 
82.43677520751953 35.620059967041016 
82.43677520751953 35.614341735839844 
82.42997741699219 35.614341735839844 
82.42997741699219 35.620059967041016 
> -Z0.004403881580706426 
82.43687438964844 35.61997604370117 
82.44367218017578 35.61997604370117 
82.44367218017578 35.614261627197266 
82.43687438964844 35.614261627197266 
82.43687438964844 35.61997604370117 
> -Z0.0033823577337394606 
82.42987823486328 35.61442565917969 
82.43667602539062 35.61442565917969 
82.43667602539062 35.608707427978516 
82.42987823486328 35.608707427978516 
82.42987823486328 35.61442565917969 
> -Z0.0028169329064006154 
82.43677520751953 35.614341735839844 
82.44357299804688 35.614341735839844 
82.44357299804688 35.60862731933594 
82.43677520751953 35.60862731933594 
82.43677520751953 35.614341735839844 
> -Z0.0016344399428824818 
82.44377136230469 35.61989212036133 
82.45056915283203 35.61989212036133 
82.45056915283203 35.61417770385742 
82.44377136230469 35.61417770385742 
82.44377136230469 35.61989212036133 
> -Z0.0022541894090241515 
82.45067596435547 35.61981201171875 
82.45747375488281 35.61981201171875 
82.45747375488281 35.61409378051758 
82.45067596435547 35.61409378051758 
82.45067596435547 35.61981201171875 
> -Z0.00379297062623328 
82.44367218017578 35.614261627197266 
82.45046997070312 35.614261627197266 
82.45046997070312 35.608543395996094 
82.44367218017578 35.608543395996094 
82.44367218017578 35.614261627197266 
> -Z0.005475934308321537 
82.45056915283203 35.61417770385742 
82.45736694335938 35.61417770385742 
82.45736694335938 35.60845947265625 
82.45056915283203 35.60845947265625 
82.45056915283203 35.61417770385742 
> -Z0.0094542539052824 
82.40218353271484 35.60911560058594 
82.42937469482422 35.60911560058594 
82.42937469482422 35.58625793457031 
82.40218353271484 35.58625793457031 
82.40218353271484 35.60911560058594 
> -Z-0.007837979195855771 
82.43647003173828 35.597442626953125 
82.44326782226562 35.597442626953125 
82.44326782226562 35.59172439575195 
82.43647003173828 35.59172439575195 
82.43647003173828 35.597442626953125 
> -Z-0.003679958654389609 
82.42947387695312 35.59189224243164 
82.43627166748047 35.59189224243164 
82.43627166748047 35.58617401123047 
82.42947387695312 35.58617401123047 
82.42947387695312 35.59189224243164 
> -Z-0.00324069662781451 
82.43637084960938 35.5918083190918 
82.44316864013672 35.5918083190918 
82.44316864013672 35.58609390258789 
82.43637084960938 35.58609390258789 
82.43637084960938 35.5918083190918 
> -Z0.0024368451536398023 
82.44336700439453 35.59735870361328 
82.45016479492188 35.59735870361328 
82.45016479492188 35.591644287109375 
82.44336700439453 35.591644287109375 
82.44336700439453 35.59735870361328 
> -Z0.001628419147656518 
82.45026397705078 35.5972785949707 
82.45706176757812 35.5972785949707 
82.45706176757812 35.59156036376953 
82.45026397705078 35.59156036376953 
82.45026397705078 35.5972785949707 
> -Z-0.005570042505276734 
82.42977142333984 35.60879135131836 
82.44336700439453 35.60879135131836 
82.44336700439453 35.59735870361328 
82.42977142333984 35.59735870361328 
82.42977142333984 35.60879135131836 
> -Z0.004202667190677162 
82.44357299804688 35.60862731933594 
82.45037078857422 35.60862731933594 
82.45037078857422 35.602909088134766 
82.44357299804688 35.602909088134766 
82.44357299804688 35.60862731933594 
> -Z0.006054694030585117 
82.45046997070312 35.608543395996094 
82.45726776123047 35.608543395996094 
82.45726776123047 35.60282516479492 
82.45046997070312 35.60282516479492 
82.45046997070312 35.608543395996094 
> -Z0.0032796458192851374 
82.44347381591797 35.60299301147461 
82.45026397705078 35.60299301147461 
82.45026397705078 35.5972785949707 
82.44347381591797 35.5972785949707 
82.44347381591797 35.60299301147461 
> -Z0.004653745995058994 
82.45037078857422 35.602909088134766 
82.45716094970703 35.602909088134766 
82.45716094970703 35.59719467163086 
82.45037078857422 35.59719467163086 
82.45037078857422 35.602909088134766 
> -Z-0.004328906181549214 
82.42957305908203 35.5975227355957 
82.43637084960938 35.5975227355957 
82.43637084960938 35.5918083190918 
82.42957305908203 35.5918083190918 
82.42957305908203 35.5975227355957 
> -Z-0.004067190742337523 
82.44326782226562 35.59172439575195 
82.45006561279297 35.59172439575195 
82.45006561279297 35.58600997924805 
82.44326782226562 35.58600997924805 
82.44326782226562 35.59172439575195 
> -Z-0.002613968962270244 
82.45016479492188 35.591644287109375 
82.45696258544922 35.591644287109375 
82.45696258544922 35.5859260559082 
82.45016479492188 35.5859260559082 
82.45016479492188 35.591644287109375 
> -Z-0.015508322845347533 
82.42937469482422 35.58625793457031 
82.44296264648438 35.58625793457031 
82.44296264648438 35.574825286865234 
82.42937469482422 35.574825286865234 
82.42937469482422 35.58625793457031 
> -Z-0.014469085716326269 
82.44316864013672 35.58609390258789 
82.45675659179688 35.58609390258789 
82.45675659179688 35.57466125488281 
82.44316864013672 35.57466125488281 
82.44316864013672 35.58609390258789 
> -Z-0.03300620243741707 
82.4291763305664 35.574989318847656 
82.44276428222656 35.574989318847656 
82.44276428222656 35.56355667114258 
82.4291763305664 35.56355667114258 
82.4291763305664 35.574989318847656 
> -Z-0.04408652066742265 
82.44296264648438 35.574825286865234 
82.45655059814453 35.574825286865234 
82.45655059814453 35.563392639160156 
82.44296264648438 35.563392639160156 
82.44296264648438 35.574825286865234 
> -Z-0.02343126062661237 
82.41716766357422 35.67655563354492 
82.43077850341797 35.67655563354492 
82.43077850341797 35.66512680053711 
82.41716766357422 35.66512680053711 
82.41716766357422 35.67655563354492 
> -Z0.004886915023944394 
82.40316772460938 35.66545104980469 
82.4167709350586 35.66545104980469 
82.4167709350586 35.654022216796875 
82.40316772460938 35.654022216796875 
82.40316772460938 35.66545104980469 
> -Z-0.012996830939183315 
82.4169692993164 35.66529083251953 
82.43058013916016 35.66529083251953 
82.43058013916016 35.65385818481445 
82.4169692993164 35.65385818481445 
82.4169692993164 35.66529083251953 
> -Z-0.029099996342084444 
82.4041519165039 35.72178649902344 
82.4585952758789 35.72178649902344 
82.4585952758789 35.676063537597656 
82.4041519165039 35.676063537597656 
82.4041519165039 35.72178649902344 
> -Z0.014376329953106642 
82.40296936035156 35.6541862487793 
82.41657257080078 35.6541862487793 
82.41657257080078 35.642757415771484 
82.40296936035156 35.642757415771484 
82.40296936035156 35.6541862487793 
> -Z-0.05453574753228467 
82.40139770507812 35.56404495239258 
82.42857360839844 35.56404495239258 
82.42857360839844 35.54118728637695 
82.40139770507812 35.54118728637695 
82.40139770507812 35.56404495239258 
> -Z-0.036386474459685174 
82.45777893066406 35.6309928894043 
82.51213073730469 35.6309928894043 
82.51213073730469 35.58524703979492 
82.45777893066406 35.58524703979492 
82.45777893066406 35.6309928894043 
> -Z-0.02530210392930171 
82.40178680419922 35.58658218383789 
82.42897033691406 35.58658218383789 
82.42897033691406 35.563720703125 
82.40178680419922 35.563720703125 
82.40178680419922 35.58658218383789 
> -Z-0.05176915138166603 
82.42897033691406 35.563720703125 
82.45614624023438 35.563720703125 
82.45614624023438 35.54085922241211 
82.42897033691406 35.54085922241211 
82.42897033691406 35.563720703125 
> -Z-0.04986206225997303 
82.45696258544922 35.5859260559082 
82.51128387451172 35.5859260559082 
82.51128387451172 35.54018020629883 
82.45696258544922 35.54018020629883 
82.45696258544922 35.5859260559082 
> -Z-0.006090878959744805 
82.40335845947266 35.676719665527344 
82.4169692993164 35.676719665527344 
82.4169692993164 35.66529083251953 
82.40335845947266 35.66529083251953 
82.40335845947266 35.676719665527344 
> -Z0.001078901257415249 
82.4167709350586 35.654022216796875 
82.43037414550781 35.654022216796875 
82.43037414550781 35.64259338378906 
82.4167709350586 35.64259338378906 
82.4167709350586 35.654022216796875 
> -Z0.011353525624344135 
82.40277099609375 35.64291763305664 
82.41637420654297 35.64291763305664 
82.41637420654297 35.63148880004883 
82.40277099609375 35.63148880004883 
82.40277099609375 35.64291763305664 
> -Z0.010984645595437964 
82.41657257080078 35.642757415771484 
82.43017578125 35.642757415771484 
82.43017578125 35.631324768066406 
82.41657257080078 35.631324768066406 
82.41657257080078 35.642757415771484 
> -Z-0.03787069712318532 
82.45941925048828 35.72113037109375 
82.51383209228516 35.72113037109375 
82.51383209228516 35.67538070678711 
82.45941925048828 35.67538070678711 
82.45941925048828 35.72113037109375 
> -Z-0.03652852664515742 
82.43097686767578 35.676395416259766 
82.44458770751953 35.676395416259766 
82.44458770751953 35.66496276855469 
82.43097686767578 35.66496276855469 
82.43097686767578 35.676395416259766 
> -Z-0.045999177323889376 
82.44478607177734 35.67622756958008 
82.45838928222656 35.67622756958008 
82.45838928222656 35.664794921875 
82.44478607177734 35.664794921875 
82.44478607177734 35.67622756958008 
> -Z-0.023593747991593292 
82.43077850341797 35.66512680053711 
82.44438171386719 35.66512680053711 
82.44438171386719 35.65369415283203 
82.43077850341797 35.65369415283203 
82.43077850341797 35.66512680053711 
> -Z-0.03291780549034727 
82.44458770751953 35.66496276855469 
82.45819091796875 35.66496276855469 
82.45819091796875 35.65353012084961 
82.44458770751953 35.65353012084961 
82.44458770751953 35.66496276855469 
> -Z-0.010858638822411032 
82.43058013916016 35.65385818481445 
82.44418334960938 35.65385818481445 
82.44418334960938 35.64242935180664 
82.43058013916016 35.64242935180664 
82.43058013916016 35.65385818481445 
> -Z-0.016302320239220264 
82.44438171386719 35.65369415283203 
82.4579849243164 35.65369415283203 
82.4579849243164 35.64226150512695 
82.44438171386719 35.64226150512695 
82.44438171386719 35.65369415283203 
> -Z0.002646616197293866 
82.43037414550781 35.64259338378906 
82.44397735595703 35.64259338378906 
82.44397735595703 35.631160736083984 
82.43037414550781 35.631160736083984 
82.43037414550781 35.64259338378906 
> -Z-0.007956511232015712 
82.44418334960938 35.64242935180664 
82.45098114013672 35.64242935180664 
82.45098114013672 35.63671112060547 
82.44418334960938 35.63671112060547 
82.44418334960938 35.64242935180664 
> -Z-0.03124174608922431 
82.40733337402344 35.90205764770508 
82.51639556884766 35.90205764770508 
82.51639556884766 35.810577392578125 
82.40733337402344 35.810577392578125 
82.40733337402344 35.90205764770508 
> -Z-0.03402045930269952 
82.50959777832031 35.450042724609375 
82.6179428100586 35.450042724609375 
82.6179428100586 35.358482360839844 
82.50959777832031 35.358482360839844 
82.50959777832031 35.450042724609375 
> -Z-0.032838338761675016 
82.51811218261719 35.90070724487305 
82.62703704833984 35.90070724487305 
82.62703704833984 35.80913162231445 
82.51811218261719 35.80913162231445 
82.51811218261719 35.90070724487305 
> -Z-0.03699122367423281 
82.6215591430664 35.53874588012695 
82.72988891601562 35.53874588012695 
82.72988891601562 35.447086334228516 
82.6215591430664 35.447086334228516 
82.6215591430664 35.53874588012695 
> -Z-0.03301983937369959 
82.62520599365234 35.7190055847168 
82.7337646484375 35.7190055847168 
82.7337646484375 35.62733840942383 
82.62520599365234 35.62733840942383 
82.62520599365234 35.7190055847168 
> -Z-0.011777622841023988 
82.45108032226562 35.6423454284668 
82.45787811279297 35.6423454284668 
82.45787811279297 35.636627197265625 
82.45108032226562 35.636627197265625 
82.45108032226562 35.6423454284668 
> -Z-0.0055832704616742695 
82.44407653808594 35.63679504394531 
82.45087432861328 35.63679504394531 
82.45087432861328 35.63107681274414 
82.44407653808594 35.63107681274414 
82.44407653808594 35.63679504394531 
> -Z-0.009556334972932581 
82.45098114013672 35.63671112060547 
82.45777893066406 35.63671112060547 
82.45777893066406 35.6309928894043 
82.45098114013672 35.6309928894043 
82.45098114013672 35.63671112060547 
> -Z-0.04064294457857959 
82.4585952758789 35.676063537597656 
82.51297760009766 35.676063537597656 
82.51297760009766 35.630313873291016 
82.4585952758789 35.630313873291016 
82.4585952758789 35.676063537597656 
> -Z-0.030124124810395777 
82.4057388305664 35.81192398071289 
82.51467895507812 35.81192398071289 
82.51467895507812 35.7204475402832 
82.4057388305664 35.7204475402832 
82.4057388305664 35.81192398071289 
> -Z-0.03032002741962953 
82.51467895507812 35.7204475402832 
82.62337493896484 35.7204475402832 
82.62337493896484 35.628875732421875 
82.51467895507812 35.628875732421875 
82.51467895507812 35.7204475402832 
> -Z-0.03354771274356434 
82.62703704833984 35.80913162231445 
82.7357177734375 35.80913162231445 
82.7357177734375 35.71746063232422 
82.62703704833984 35.71746063232422 
82.62703704833984 35.80913162231445 
> -Z-0.037376324924715175 
82.51128387451172 35.54018020629883 
82.6197509765625 35.54018020629883 
82.6197509765625 35.44861602783203 
82.51128387451172 35.44861602783203 
82.51128387451172 35.54018020629883 
> -Z-0.03865074025114106 
82.62337493896484 35.628875732421875 
82.73182678222656 35.628875732421875 
82.73182678222656 35.53721237182617 
82.62337493896484 35.53721237182617 
82.62337493896484 35.628875732421875 
> -Z-0.03581204814026108 
82.6197509765625 35.44861602783203 
82.72796630859375 35.44861602783203 
82.72796630859375 35.35696029663086 
82.6197509765625 35.35696029663086 
82.6197509765625 35.44861602783203 
> -Z-0.031231252732772864 
82.51297760009766 35.630313873291016 
82.6215591430664 35.630313873291016 
82.6215591430664 35.53874588012695 
82.51297760009766 35.53874588012695 
82.51297760009766 35.630313873291016 
> -Z-0.03216089786099868 
82.51639556884766 35.810577392578125 
82.62520599365234 35.810577392578125 
82.62520599365234 35.7190055847168 
82.51639556884766 35.7190055847168 
82.51639556884766 35.810577392578125 
