> -Z-0.012736608278398093 
82.32050323486328 35.67765808105469 
82.34774780273438 35.67765808105469 
82.34774780273438 35.654815673828125 
82.32050323486328 35.654815673828125 
82.32050323486328 35.67765808105469 
> -Z-0.0028977811697168086 
82.29252624511719 35.65542221069336 
82.31976318359375 35.65542221069336 
82.31976318359375 35.63258743286133 
82.29252624511719 35.63258743286133 
82.29252624511719 35.65542221069336 
> -Z0.008580363919922682 
82.1791000366211 35.4537239074707 
82.28783416748047 35.4537239074707 
82.28783416748047 35.36245346069336 
82.1791000366211 35.36245346069336 
82.1791000366211 35.4537239074707 
> -Z0.008406414699253193 
82.18575286865234 35.904449462890625 
82.29507446289062 35.904449462890625 
82.29507446289062 35.813167572021484 
82.18575286865234 35.813167572021484 
82.18575286865234 35.904449462890625 
> -Z0.007897698143673472 
82.28926849365234 35.452598571777344 
82.39788055419922 35.452598571777344 
82.39788055419922 35.361228942871094 
82.28926849365234 35.361228942871094 
82.28926849365234 35.452598571777344 
> -Z0.009083063142848053 
82.18307495117188 35.72416305541992 
82.29216003417969 35.72416305541992 
82.29216003417969 35.63288497924805 
82.18307495117188 35.63288497924805 
82.18307495117188 35.72416305541992 
> -Z0.008590589237243727 
82.18441009521484 35.814308166503906 
82.29361724853516 35.814308166503906 
82.29361724853516 35.723026275634766 
82.18441009521484 35.723026275634766 
82.18441009521484 35.814308166503906 
> -Z0.009584685285970528 
82.1817398071289 35.63401794433594 
82.29071044921875 35.63401794433594 
82.29071044921875 35.54274368286133 
82.1817398071289 35.54274368286133 
82.1817398071289 35.63401794433594 
> -Z0.009208880775799474 
82.180419921875 35.54387283325195 
82.28926849365234 35.54387283325195 
82.28926849365234 35.452598571777344 
82.180419921875 35.452598571777344 
82.180419921875 35.54387283325195 
> -Z0.0008507074877602957 
82.29270935058594 35.66668701171875 
82.30632781982422 35.66668701171875 
82.30632781982422 35.6552734375 
82.29270935058594 35.6552734375 
82.29270935058594 35.66668701171875 
> -Z-0.0038476539082822597 
82.30651092529297 35.66653823852539 
82.32013702392578 35.66653823852539 
82.32013702392578 35.655120849609375 
82.30651092529297 35.655120849609375 
82.30651092529297 35.66653823852539 
> -Z0.0017667725819085316 
82.29288482666016 35.677955627441406 
82.30651092529297 35.677955627441406 
82.30651092529297 35.66653823852539 
82.29288482666016 35.66653823852539 
82.29288482666016 35.677955627441406 
> -Z-0.0021471425473605123 
82.30669403076172 35.67780685424805 
82.32032012939453 35.67780685424805 
82.32032012939453 35.66638946533203 
82.30669403076172 35.66638946533203 
82.30669403076172 35.67780685424805 
> -Z-0.03561536074947948 
82.34812927246094 35.67734909057617 
82.37535858154297 35.67734909057617 
82.37535858154297 35.654502868652344 
82.34812927246094 35.654502868652344 
82.34812927246094 35.67734909057617 
> -Z-0.0891353774439242 
82.37535858154297 35.654502868652344 
82.38896942138672 35.654502868652344 
82.38896942138672 35.6430778503418 
82.37535858154297 35.6430778503418 
82.37535858154297 35.654502868652344 
> -Z-0.12226584737894185 
82.38916015625 35.65434265136719 
82.40277099609375 35.65434265136719 
82.40277099609375 35.64291763305664 
82.38916015625 35.64291763305664 
82.38916015625 35.65434265136719 
> -Z-0.10560141192143051 
82.37516784667969 35.64323425292969 
82.3887710571289 35.64323425292969 
82.3887710571289 35.63180923461914 
82.37516784667969 35.63180923461914 
82.37516784667969 35.64323425292969 
> -Z-0.019649688832299724 
82.32013702392578 35.655120849609375 
82.34736633300781 35.655120849609375 
82.34736633300781 35.63227844238281 
82.32013702392578 35.63227844238281 
82.32013702392578 35.655120849609375 
> -Z-0.07067084788606964 
82.37574768066406 35.67703628540039 
82.40296936035156 35.67703628540039 
82.40296936035156 35.6541862487793 
82.37574768066406 35.6541862487793 
82.37574768066406 35.67703628540039 
> -Z-0.05408995009976665 
82.34774780273438 35.654815673828125 
82.37496948242188 35.654815673828125 
82.37496948242188 35.6319694519043 
82.34774780273438 35.6319694519043 
82.34774780273438 35.654815673828125 
> -Z0.0005123508935752736 
82.29361724853516 35.723026275634766 
82.34812927246094 35.723026275634766 
82.34812927246094 35.67734909057617 
82.29361724853516 35.67734909057617 
82.29361724853516 35.723026275634766 
> -Z-0.014930795969070682 
82.34888458251953 35.72241973876953 
82.40335845947266 35.72241973876953 
82.40335845947266 35.676719665527344 
82.34888458251953 35.676719665527344 
82.34888458251953 35.72241973876953 
> -Z-0.004120674475773542 
82.29216003417969 35.63288497924805 
82.31939697265625 35.63288497924805 
82.31939697265625 35.610050201416016 
82.29216003417969 35.610050201416016 
82.29216003417969 35.63288497924805 
> -Z-0.02385175089005673 
82.31976318359375 35.63258743286133 
82.34699249267578 35.63258743286133 
82.34699249267578 35.609745025634766 
82.31976318359375 35.609745025634766 
82.31976318359375 35.63258743286133 
> -Z-0.0036210710105431983 
82.29180145263672 35.6103515625 
82.31902313232422 35.6103515625 
82.31902313232422 35.58751678466797 
82.29180145263672 35.58751678466797 
82.29180145263672 35.6103515625 
> -Z-0.1172857226936453 
82.37496948242188 35.6319694519043 
82.38858032226562 35.6319694519043 
82.38858032226562 35.62054443359375 
82.37496948242188 35.62054443359375 
82.37496948242188 35.6319694519043 
> -Z-0.13106260040935783 
82.38896942138672 35.6430778503418 
82.3957748413086 35.6430778503418 
82.3957748413086 35.63736343383789 
82.38896942138672 35.63736343383789 
82.38896942138672 35.6430778503418 
> -Z-0.15109518552708015 
82.39586639404297 35.64299774169922 
82.40267181396484 35.64299774169922 
82.40267181396484 35.63728332519531 
82.39586639404297 35.63728332519531 
82.39586639404297 35.64299774169922 
> -Z-0.14030409237546768 
82.38887023925781 35.63744354248047 
82.39567565917969 35.63744354248047 
82.39567565917969 35.63172912597656 
82.38887023925781 35.63172912597656 
82.38887023925781 35.63744354248047 
> -Z-0.16312747015231097 
82.3957748413086 35.63736343383789 
82.40257263183594 35.63736343383789 
82.40257263183594 35.631649017333984 
82.3957748413086 35.631649017333984 
82.3957748413086 35.63736343383789 
> -Z0.002202083825844291 
82.29071044921875 35.54274368286133 
82.3994369506836 35.54274368286133 
82.3994369506836 35.45137023925781 
82.29071044921875 35.45137023925781 
82.29071044921875 35.54274368286133 
> -Z-0.006151039742485927 
82.29143524169922 35.58781433105469 
82.34585571289062 35.58781433105469 
82.34585571289062 35.54214096069336 
82.29143524169922 35.54214096069336 
82.29143524169922 35.58781433105469 
> -Z-0.023200111692921428 
82.31939697265625 35.610050201416016 
82.34661102294922 35.610050201416016 
82.34661102294922 35.58721160888672 
82.31939697265625 35.58721160888672 
82.31939697265625 35.610050201416016 
> -Z-0.06570424830907784 
82.34736633300781 35.63227844238281 
82.37458801269531 35.63227844238281 
82.37458801269531 35.609432220458984 
82.34736633300781 35.609432220458984 
82.34736633300781 35.63227844238281 
> -Z-0.04892403313401676 
82.3468017578125 35.59847640991211 
82.36040496826172 35.59847640991211 
82.36040496826172 35.58705520629883 
82.3468017578125 35.58705520629883 
82.3468017578125 35.59847640991211 
> -Z-0.07511183069761085 
82.360595703125 35.598323822021484 
82.37419891357422 35.598323822021484 
82.37419891357422 35.58689880371094 
82.360595703125 35.58689880371094 
82.360595703125 35.598323822021484 
> -Z-0.11999872580730662 
82.37458801269531 35.609432220458984 
82.38819122314453 35.609432220458984 
82.38819122314453 35.59800720214844 
82.37458801269531 35.59800720214844 
82.37458801269531 35.609432220458984 
> -Z-0.1742586667335592 
82.38838195800781 35.609275817871094 
82.40198516845703 35.609275817871094 
82.40198516845703 35.59784698486328 
82.38838195800781 35.59784698486328 
82.38838195800781 35.609275817871094 
> -Z-0.1627665390438655 
82.3887710571289 35.63180923461914 
82.40237426757812 35.63180923461914 
82.40237426757812 35.620384216308594 
82.3887710571289 35.620384216308594 
82.3887710571289 35.63180923461914 
> -Z-0.12242409580479148 
82.3747787475586 35.62070083618164 
82.38838195800781 35.62070083618164 
82.38838195800781 35.609275817871094 
82.3747787475586 35.609275817871094 
82.3747787475586 35.62070083618164 
> -Z-0.05392885386506738 
82.36021423339844 35.57578659057617 
82.37381744384766 35.57578659057617 
82.37381744384766 35.56436538696289 
82.36021423339844 35.56436538696289 
82.36021423339844 35.57578659057617 
> -Z-0.09714730360231537 
82.37419891357422 35.58689880371094 
82.38780212402344 35.58689880371094 
82.38780212402344 35.57547378540039 
82.37419891357422 35.57547378540039 
82.37419891357422 35.58689880371094 
> -Z-0.13013375484013057 
82.38799285888672 35.58674240112305 
82.4015884399414 35.58674240112305 
82.4015884399414 35.575313568115234 
82.38799285888672 35.575313568115234 
82.38799285888672 35.58674240112305 
> -Z-0.07596520496734899 
82.37400817871094 35.57563018798828 
82.38760375976562 35.57563018798828 
82.38760375976562 35.564205169677734 
82.37400817871094 35.564205169677734 
82.37400817871094 35.57563018798828 
> -Z-0.11087810316164144 
82.3743896484375 35.598167419433594 
82.38799285888672 35.598167419433594 
82.38799285888672 35.58674240112305 
82.3743896484375 35.58674240112305 
82.3743896484375 35.598167419433594 
> -Z-0.17324242180473937 
82.38858032226562 35.62054443359375 
82.40218353271484 35.62054443359375 
82.40218353271484 35.60911560058594 
82.38858032226562 35.60911560058594 
82.38858032226562 35.62054443359375 
> -Z-0.04736755560786644 
82.34699249267578 35.609745025634766 
82.35379791259766 35.609745025634766 
82.35379791259766 35.604034423828125 
82.34699249267578 35.604034423828125 
82.34699249267578 35.609745025634766 
> -Z-0.060013880737468134 
82.35388946533203 35.60966873168945 
82.3606948852539 35.60966873168945 
82.3606948852539 35.60395812988281 
82.35388946533203 35.60395812988281 
82.35388946533203 35.60966873168945 
> -Z-0.04622330351560132 
82.34689331054688 35.60411071777344 
82.35369873046875 35.60411071777344 
82.35369873046875 35.5984001159668 
82.34689331054688 35.5984001159668 
82.34689331054688 35.60411071777344 
> -Z-0.058769348129206325 
82.35379791259766 35.604034423828125 
82.360595703125 35.604034423828125 
82.360595703125 35.598323822021484 
82.35379791259766 35.598323822021484 
82.35379791259766 35.604034423828125 
> -Z-0.08187266699278364 
82.36078643798828 35.609588623046875 
82.3743896484375 35.609588623046875 
82.3743896484375 35.598167419433594 
82.36078643798828 35.598167419433594 
82.36078643798828 35.609588623046875 
> -Z-0.15674267692210483 
82.38819122314453 35.59800720214844 
82.40178680419922 35.59800720214844 
82.40178680419922 35.58658218383789 
82.38819122314453 35.58658218383789 
82.38819122314453 35.59800720214844 
> -Z-0.04293600830293147 
82.34661102294922 35.58721160888672 
82.36021423339844 35.58721160888672 
82.36021423339844 35.57578659057617 
82.34661102294922 35.57578659057617 
82.34661102294922 35.58721160888672 
> -Z-0.06137229753048783 
82.36040496826172 35.58705520629883 
82.3672103881836 35.58705520629883 
82.3672103881836 35.58134460449219 
82.36040496826172 35.58134460449219 
82.36040496826172 35.58705520629883 
> -Z-0.07710173708688049 
82.36730194091797 35.586978912353516 
82.37410736083984 35.586978912353516 
82.37410736083984 35.58126449584961 
82.36730194091797 35.58126449584961 
82.36730194091797 35.586978912353516 
> -Z-0.057649244353339305 
82.36031341552734 35.5814208984375 
82.36711120605469 35.5814208984375 
82.36711120605469 35.57571029663086 
82.36031341552734 35.57571029663086 
82.36031341552734 35.5814208984375 
> -Z-0.07033025842562594 
82.3672103881836 35.58134460449219 
82.37400817871094 35.58134460449219 
82.37400817871094 35.57563018798828 
82.3672103881836 35.57563018798828 
82.3672103881836 35.58134460449219 
> -Z-0.035127726567988155 
82.34642791748047 35.57594299316406 
82.36002349853516 35.57594299316406 
82.36002349853516 35.56452178955078 
82.34642791748047 35.56452178955078 
82.34642791748047 35.57594299316406 
> -Z0.007973773942886987 
82.29654693603516 35.90330505371094 
82.4057388305664 35.90330505371094 
82.4057388305664 35.81192398071289 
82.29654693603516 35.81192398071289 
82.29654693603516 35.90330505371094 
> -Z0.008323300707467328 
82.3994369506836 35.45137023925781 
82.50791931152344 35.45137023925781 
82.50791931152344 35.35990524291992 
82.3994369506836 35.35990524291992 
82.3994369506836 35.45137023925781 
> -Z-0.2267243857345649 
82.40257263183594 35.631649017333984 
82.42977142333984 35.631649017333984 
82.42977142333984 35.60879135131836 
82.40257263183594 35.60879135131836 
82.40257263183594 35.631649017333984 
> -Z-0.19162639863351244 
82.43017578125 35.631324768066406 
82.44377136230469 35.631324768066406 
82.44377136230469 35.61989212036133 
82.43017578125 35.61989212036133 
82.43017578125 35.631324768066406 
> -Z-0.1039234991965345 
82.38780212402344 35.57547378540039 
82.40139770507812 35.57547378540039 
82.40139770507812 35.56404495239258 
82.38780212402344 35.56404495239258 
82.38780212402344 35.57547378540039 
> -Z-0.027883982649851775 
82.34623718261719 35.564674377441406 
82.37342834472656 35.564674377441406 
82.37342834472656 35.54182815551758 
82.34623718261719 35.54182815551758 
82.34623718261719 35.564674377441406 
> -Z-0.053312920864616406 
82.37381744384766 35.56436538696289 
82.4010009765625 35.56436538696289 
82.4010009765625 35.54151153564453 
82.37381744384766 35.54151153564453 
82.37381744384766 35.56436538696289 
> -Z0.006365718991843512 
82.29507446289062 35.813167572021484 
82.4041519165039 35.813167572021484 
82.4041519165039 35.72178649902344 
82.29507446289062 35.72178649902344 
82.29507446289062 35.813167572021484 
> -Z0.0075018946093791 
82.4010009765625 35.54151153564453 
82.50959777832031 35.54151153564453 
82.50959777832031 35.450042724609375 
82.4010009765625 35.450042724609375 
82.4010009765625 35.54151153564453 
> -Z-0.1256160321769978 
82.44397735595703 35.631160736083984 
82.45077514648438 35.631160736083984 
82.45077514648438 35.62544250488281 
82.44397735595703 35.62544250488281 
82.44397735595703 35.631160736083984 
> -Z-0.07723504681925147 
82.45087432861328 35.63107681274414 
82.45767211914062 35.63107681274414 
82.45767211914062 35.625362396240234 
82.45087432861328 35.625362396240234 
82.45087432861328 35.63107681274414 
> -Z-0.1255438857103209 
82.44387817382812 35.625526428222656 
82.45067596435547 35.625526428222656 
82.45067596435547 35.61981201171875 
82.44387817382812 35.61981201171875 
82.44387817382812 35.625526428222656 
> -Z-0.07752956718837563 
82.45077514648438 35.62544250488281 
82.45757293701172 35.62544250488281 
82.45757293701172 35.619728088378906 
82.45077514648438 35.619728088378906 
82.45077514648438 35.62544250488281 
> -Z-0.2067945976433998 
82.42997741699219 35.620059967041016 
82.43677520751953 35.620059967041016 
82.43677520751953 35.614341735839844 
82.42997741699219 35.614341735839844 
82.42997741699219 35.620059967041016 
> -Z-0.16858837738740046 
82.43687438964844 35.61997604370117 
82.44367218017578 35.61997604370117 
82.44367218017578 35.614261627197266 
82.43687438964844 35.614261627197266 
82.43687438964844 35.61997604370117 
> -Z-0.20169867851067885 
82.42987823486328 35.61442565917969 
82.43667602539062 35.61442565917969 
82.43667602539062 35.608707427978516 
82.42987823486328 35.608707427978516 
82.42987823486328 35.61442565917969 
> -Z-0.16761861990858262 
82.43677520751953 35.614341735839844 
82.44357299804688 35.614341735839844 
82.44357299804688 35.60862731933594 
82.43677520751953 35.60862731933594 
82.43677520751953 35.614341735839844 
> -Z-0.12531761687760157 
82.44377136230469 35.61989212036133 
82.45056915283203 35.61989212036133 
82.45056915283203 35.61417770385742 
82.44377136230469 35.61417770385742 
82.44377136230469 35.61989212036133 
> -Z-0.07550746337295237 
82.45067596435547 35.61981201171875 
82.45747375488281 35.61981201171875 
82.45747375488281 35.61409378051758 
82.45067596435547 35.61409378051758 
82.45067596435547 35.61981201171875 
> -Z-0.12196319475638694 
82.44367218017578 35.614261627197266 
82.45046997070312 35.614261627197266 
82.45046997070312 35.608543395996094 
82.44367218017578 35.608543395996094 
82.44367218017578 35.614261627197266 
> -Z-0.07222292916134125 
82.45056915283203 35.61417770385742 
82.45736694335938 35.61417770385742 
82.45736694335938 35.60845947265625 
82.45056915283203 35.60845947265625 
82.45056915283203 35.61417770385742 
> -Z-0.2160594797067503 
82.40218353271484 35.60911560058594 
82.42937469482422 35.60911560058594 
82.42937469482422 35.58625793457031 
82.40218353271484 35.58625793457031 
82.40218353271484 35.60911560058594 
> -Z-0.13792945623562464 
82.43647003173828 35.597442626953125 
82.44326782226562 35.597442626953125 
82.44326782226562 35.59172439575195 
82.43647003173828 35.59172439575195 
82.43647003173828 35.597442626953125 
> -Z-0.16527375810052372 
82.42947387695312 35.59189224243164 
82.43627166748047 35.59189224243164 
82.43627166748047 35.58617401123047 
82.42947387695312 35.58617401123047 
82.42947387695312 35.59189224243164 
> -Z-0.12963538662699964 
82.43637084960938 35.5918083190918 
82.44316864013672 35.5918083190918 
82.44316864013672 35.58609390258789 
82.43637084960938 35.58609390258789 
82.43637084960938 35.5918083190918 
> -Z-0.10053615137941647 
82.44336700439453 35.59735870361328 
82.45016479492188 35.59735870361328 
82.45016479492188 35.591644287109375 
82.44336700439453 35.591644287109375 
82.44336700439453 35.59735870361328 
> -Z-0.055687436597273904 
82.45026397705078 35.5972785949707 
82.45706176757812 35.5972785949707 
82.45706176757812 35.59156036376953 
82.45026397705078 35.59156036376953 
82.45026397705078 35.5972785949707 
> -Z-0.17549100183008856 
82.42977142333984 35.60879135131836 
82.44336700439453 35.60879135131836 
82.44336700439453 35.59735870361328 
82.42977142333984 35.59735870361328 
82.42977142333984 35.60879135131836 
> -Z-0.1166402432462039 
82.44357299804688 35.60862731933594 
82.45037078857422 35.60862731933594 
82.45037078857422 35.602909088134766 
82.44357299804688 35.602909088134766 
82.44357299804688 35.60862731933594 
> -Z-0.06775358897835237 
82.45046997070312 35.608543395996094 
82.45726776123047 35.608543395996094 
82.45726776123047 35.60282516479492 
82.45046997070312 35.60282516479492 
82.45046997070312 35.608543395996094 
> -Z-0.10981591500721238 
82.44347381591797 35.60299301147461 
82.45026397705078 35.60299301147461 
82.45026397705078 35.5972785949707 
82.44347381591797 35.5972785949707 
82.44347381591797 35.60299301147461 
> -Z-0.06193364571143625 
82.45037078857422 35.602909088134766 
82.45716094970703 35.602909088134766 
82.45716094970703 35.59719467163086 
82.45037078857422 35.59719467163086 
82.45037078857422 35.602909088134766 
> -Z-0.1796825978725203 
82.42957305908203 35.5975227355957 
82.43637084960938 35.5975227355957 
82.43637084960938 35.5918083190918 
82.42957305908203 35.5918083190918 
82.42957305908203 35.5975227355957 
> -Z-0.09262178763166684 
82.44326782226562 35.59172439575195 
82.45006561279297 35.59172439575195 
82.45006561279297 35.58600997924805 
82.44326782226562 35.58600997924805 
82.44326782226562 35.59172439575195 
> -Z-0.0525360370041547 
82.45016479492188 35.591644287109375 
82.45696258544922 35.591644287109375 
82.45696258544922 35.5859260559082 
82.45016479492188 35.5859260559082 
82.45016479492188 35.591644287109375 
> -Z-0.12937761949454962 
82.42937469482422 35.58625793457031 
82.44296264648438 35.58625793457031 
82.44296264648438 35.574825286865234 
82.42937469482422 35.574825286865234 
82.42937469482422 35.58625793457031 
> -Z-0.06425260148135897 
82.44316864013672 35.58609390258789 
82.45675659179688 35.58609390258789 
82.45675659179688 35.57466125488281 
82.44316864013672 35.57466125488281 
82.44316864013672 35.58609390258789 
> -Z-0.08714051916406913 
82.4291763305664 35.574989318847656 
82.44276428222656 35.574989318847656 
82.44276428222656 35.56355667114258 
82.4291763305664 35.56355667114258 
82.4291763305664 35.574989318847656 
> -Z-0.03908109188522017 
82.44296264648438 35.574825286865234 
82.45655059814453 35.574825286865234 
82.45655059814453 35.563392639160156 
82.44296264648438 35.563392639160156 
82.44296264648438 35.574825286865234 
> -Z-0.0802544760295766 
82.41716766357422 35.67655563354492 
82.43077850341797 35.67655563354492 
82.43077850341797 35.66512680053711 
82.41716766357422 35.66512680053711 
82.41716766357422 35.67655563354492 
> -Z-0.11459159576477768 
82.40316772460938 35.66545104980469 
82.4167709350586 35.66545104980469 
82.4167709350586 35.654022216796875 
82.40316772460938 35.654022216796875 
82.40316772460938 35.66545104980469 
> -Z-0.12193090379344455 
82.4169692993164 35.66529083251953 
82.43058013916016 35.66529083251953 
82.43058013916016 35.65385818481445 
82.4169692993164 35.65385818481445 
82.4169692993164 35.66529083251953 
> -Z-0.013636332796194518 
82.4041519165039 35.72178649902344 
82.4585952758789 35.72178649902344 
82.4585952758789 35.676063537597656 
82.4041519165039 35.676063537597656 
82.4041519165039 35.72178649902344 
> -Z-0.15373485046091914 
82.40296936035156 35.6541862487793 
82.41657257080078 35.6541862487793 
82.41657257080078 35.642757415771484 
82.40296936035156 35.642757415771484 
82.40296936035156 35.6541862487793 
> -Z-0.06271561139401156 
82.40139770507812 35.56404495239258 
82.42857360839844 35.56404495239258 
82.42857360839844 35.54118728637695 
82.40139770507812 35.54118728637695 
82.40139770507812 35.56404495239258 
> -Z0.0107101066552771 
82.45777893066406 35.6309928894043 
82.51213073730469 35.6309928894043 
82.51213073730469 35.58524703979492 
82.45777893066406 35.58524703979492 
82.45777893066406 35.6309928894043 
> -Z-0.14733637196562627 
82.40178680419922 35.58658218383789 
82.42897033691406 35.58658218383789 
82.42897033691406 35.563720703125 
82.40178680419922 35.563720703125 
82.40178680419922 35.58658218383789 
> -Z-0.025679060228651202 
82.42897033691406 35.563720703125 
82.45614624023438 35.563720703125 
82.45614624023438 35.54085922241211 
82.42897033691406 35.54085922241211 
82.42897033691406 35.563720703125 
> -Z0.014273380562127572 
82.45696258544922 35.5859260559082 
82.51128387451172 35.5859260559082 
82.51128387451172 35.54018020629883 
82.45696258544922 35.54018020629883 
82.45696258544922 35.5859260559082 
> -Z-0.07755466598644889 
82.40335845947266 35.676719665527344 
82.4169692993164 35.676719665527344 
82.4169692993164 35.66529083251953 
82.40335845947266 35.66529083251953 
82.40335845947266 35.676719665527344 
> -Z-0.16575591024388833 
82.4167709350586 35.654022216796875 
82.43037414550781 35.654022216796875 
82.43037414550781 35.64259338378906 
82.4167709350586 35.64259338378906 
82.4167709350586 35.654022216796875 
> -Z-0.1841233254528735 
82.40277099609375 35.64291763305664 
82.41637420654297 35.64291763305664 
82.41637420654297 35.63148880004883 
82.40277099609375 35.63148880004883 
82.40277099609375 35.64291763305664 
> -Z-0.20509725939262577 
82.41657257080078 35.642757415771484 
82.43017578125 35.642757415771484 
82.43017578125 35.631324768066406 
82.41657257080078 35.631324768066406 
82.41657257080078 35.642757415771484 
> -Z0.007946844590083279 
82.45941925048828 35.72113037109375 
82.51383209228516 35.72113037109375 
82.51383209228516 35.67538070678711 
82.45941925048828 35.67538070678711 
82.45941925048828 35.72113037109375 
> -Z-0.06294571717455617 
82.43097686767578 35.676395416259766 
82.44458770751953 35.676395416259766 
82.44458770751953 35.66496276855469 
82.43097686767578 35.66496276855469 
82.43097686767578 35.676395416259766 
> -Z-0.03542798705189264 
82.44478607177734 35.67622756958008 
82.45838928222656 35.67622756958008 
82.45838928222656 35.664794921875 
82.44478607177734 35.664794921875 
82.44478607177734 35.67622756958008 
> -Z-0.1035541202840491 
82.43077850341797 35.66512680053711 
82.44438171386719 35.66512680053711 
82.44438171386719 35.65369415283203 
82.43077850341797 35.65369415283203 
82.43077850341797 35.66512680053711 
> -Z-0.059200360896733875 
82.44458770751953 35.66496276855469 
82.45819091796875 35.66496276855469 
82.45819091796875 35.65353012084961 
82.44458770751953 35.65353012084961 
82.44458770751953 35.66496276855469 
> -Z-0.1437416238194957 
82.43058013916016 35.65385818481445 
82.44418334960938 35.65385818481445 
82.44418334960938 35.64242935180664 
82.43058013916016 35.64242935180664 
82.43058013916016 35.65385818481445 
> -Z-0.08056477171453416 
82.44438171386719 35.65369415283203 
82.4579849243164 35.65369415283203 
82.4579849243164 35.64226150512695 
82.44438171386719 35.64226150512695 
82.44438171386719 35.65369415283203 
> -Z-0.17295438656873094 
82.43037414550781 35.64259338378906 
82.44397735595703 35.64259338378906 
82.44397735595703 35.631160736083984 
82.43037414550781 35.631160736083984 
82.43037414550781 35.64259338378906 
> -Z-0.11331296816194333 
82.44418334960938 35.64242935180664 
82.45098114013672 35.64242935180664 
82.45098114013672 35.63671112060547 
82.44418334960938 35.63671112060547 
82.44418334960938 35.64242935180664 
> -Z0.008557009911899062 
82.40733337402344 35.90205764770508 
82.51639556884766 35.90205764770508 
82.51639556884766 35.810577392578125 
82.40733337402344 35.810577392578125 
82.40733337402344 35.90205764770508 
> -Z0.0065348390722631995 
82.50959777832031 35.450042724609375 
82.6179428100586 35.450042724609375 
82.6179428100586 35.358482360839844 
82.50959777832031 35.358482360839844 
82.50959777832031 35.450042724609375 
> -Z0.006601625829088348 
82.51811218261719 35.90070724487305 
82.62703704833984 35.90070724487305 
82.62703704833984 35.80913162231445 
82.51811218261719 35.80913162231445 
82.51811218261719 35.90070724487305 
> -Z0.0015464834682296213 
82.6215591430664 35.53874588012695 
82.72988891601562 35.53874588012695 
82.72988891601562 35.447086334228516 
82.6215591430664 35.447086334228516 
82.6215591430664 35.53874588012695 
> -Z-0.0077673061217151465 
82.62520599365234 35.7190055847168 
82.7337646484375 35.7190055847168 
82.7337646484375 35.62733840942383 
82.62520599365234 35.62733840942383 
82.62520599365234 35.7190055847168 
> -Z-0.07349740878520053 
82.45108032226562 35.6423454284668 
82.45787811279297 35.6423454284668 
82.45787811279297 35.636627197265625 
82.45108032226562 35.636627197265625 
82.45108032226562 35.6423454284668 
> -Z-0.12186566087472862 
82.44407653808594 35.63679504394531 
82.45087432861328 35.63679504394531 
82.45087432861328 35.63107681274414 
82.44407653808594 35.63107681274414 
82.44407653808594 35.63679504394531 
> -Z-0.0771322655076239 
82.45098114013672 35.63671112060547 
82.45777893066406 35.63671112060547 
82.45777893066406 35.6309928894043 
82.45098114013672 35.6309928894043 
82.45098114013672 35.63671112060547 
> -Z0.007124812756231944 
82.4585952758789 35.676063537597656 
82.51297760009766 35.676063537597656 
82.51297760009766 35.630313873291016 
82.4585952758789 35.630313873291016 
82.4585952758789 35.676063537597656 
> -Z0.008672044351993143 
82.4057388305664 35.81192398071289 
82.51467895507812 35.81192398071289 
82.51467895507812 35.7204475402832 
82.4057388305664 35.7204475402832 
82.4057388305664 35.81192398071289 
> -Z-0.010207621804174945 
82.51467895507812 35.7204475402832 
82.62337493896484 35.7204475402832 
82.62337493896484 35.628875732421875 
82.51467895507812 35.628875732421875 
82.51467895507812 35.7204475402832 
> -Z0.0011933131816823225 
82.62703704833984 35.80913162231445 
82.7357177734375 35.80913162231445 
82.7357177734375 35.71746063232422 
82.62703704833984 35.71746063232422 
82.62703704833984 35.80913162231445 
> -Z0.003308384957798137 
82.51128387451172 35.54018020629883 
82.6197509765625 35.54018020629883 
82.6197509765625 35.44861602783203 
82.51128387451172 35.44861602783203 
82.51128387451172 35.54018020629883 
> -Z-0.010376196041507253 
82.62337493896484 35.628875732421875 
82.73182678222656 35.628875732421875 
82.73182678222656 35.53721237182617 
82.62337493896484 35.53721237182617 
82.62337493896484 35.628875732421875 
> -Z0.005195403370354084 
82.6197509765625 35.44861602783203 
82.72796630859375 35.44861602783203 
82.72796630859375 35.35696029663086 
82.6197509765625 35.35696029663086 
82.6197509765625 35.44861602783203 
> -Z-0.016104561951856576 
82.51297760009766 35.630313873291016 
82.6215591430664 35.630313873291016 
82.6215591430664 35.53874588012695 
82.51297760009766 35.53874588012695 
82.51297760009766 35.630313873291016 
> -Z0.003840328315968086 
82.51639556884766 35.810577392578125 
82.62520599365234 35.810577392578125 
82.62520599365234 35.7190055847168 
82.51639556884766 35.7190055847168 
82.51639556884766 35.810577392578125 
