> 
87.41135930232542 28.64764616351264 1.7272802039669728 
87.41137245047499 28.64763539960792 1.7280321059412365 
> 
87.415903476071 28.645369599363 2.0820263197518583 
87.41604051520767 28.645279286765216 2.091301812163792 
> 
87.43416025671013 28.67026817105854 5.743986360446289 
87.43423909597837 28.670203614711177 5.748494621992408 
> 
87.4079534414782 28.660361199126914 2.1848819351197943 
87.40864355239366 28.66020302717496 2.2510686060293708 
> 
87.41999086031693 28.69177849105542 5.58495533409359 
87.42014402034675 28.69167139090855 5.594910328645014 
> 
87.43154352890615 28.637888069855915 3.3264774959219565 
87.43173183743195 28.637793209630917 3.341148990568203 
> 
87.4156917882667 28.661067304482692 3.0900122195966944 
87.41697520915774 28.660936969515255 3.2238727598733647 
> 
87.43065452460449 28.633976439560538 2.9708258284941516 
87.43076835177091 28.633907564588245 2.9789369356400313 
> 
87.43430343490222 28.629264742339597 3.0663777592776023 
87.43434519034429 28.62925057636596 3.0700826734088453 
> 
87.40660305981989 28.664853895662745 2.330284914579396 
87.40774616097312 28.66491906564578 2.461410883907478 
> 
87.44222368233768 28.67401374723123 6.884829216808368 
87.44222368590651 28.674013752523443 6.884829960445413 
> 
87.4465349042883 28.67515323550107 7.438096039650087 
87.44653490925742 28.67515323871768 7.438096802342845 
> 
87.4023046854845 28.666662253261634 1.972176196187393 
87.40317562853389 28.66682275635153 2.0793646264423455 
> 
87.40847117748028 28.667675769039498 2.7230229370277144 
87.41001325406711 28.667899122883387 2.9088127577439202 
> 
87.41162721445923 28.629402595813353 0.5581684980777027 
87.41162721482476 28.6294026047542 0.5581691261865794 
> 
87.40935900354923 28.634060836497227 0.6125103999117064 
87.40935900497333 28.634060836202302 0.6125105386024273 
> 
87.40489737795784 28.63603385118699 0.2469538192112042 
87.4048973815056 28.636033849332886 0.24695409113620298 
> 
87.37069613852537 28.698510043385095 0.5593311120758276 
87.3707316896137 28.698480971976444 0.561362491342791 
> 
87.37364457042693 28.69451463693647 0.6236364078010067 
87.37367367185779 28.69449083757119 0.6252993565642468 
> 
87.37295762459107 28.690093648801785 0.2567468919219772 
87.37304315179033 28.69002370146437 0.2616343423317497 
> 
87.41300203409646 28.665920463304325 3.110435651564027 
87.41453354992956 28.665965606368758 3.283348563128709 
> 
87.40893796030794 28.71501560953322 5.88579999169423 
87.40893802078209 28.715015563927494 5.8858037020079985 
> 
87.4504202462901 28.64420743257812 5.836974372146826 
87.45041927453198 28.64421355282179 5.837268433186831 
> 
87.44648513634051 28.649211810067307 5.72882455032299 
87.44648511328826 28.649211967349004 5.728832321286893 
> 
87.41993628082666 28.631554616491712 1.6219179780223618 
87.41993629749857 28.63155460546426 1.6219191041343304 
> 
87.41642876947058 28.636561040414115 1.5615326012973572 
87.41644274576191 28.636549596937872 1.5623320142155417 
> 
87.37740466647557 28.70309265159147 1.6046917500431472 
87.37740466696567 28.703092652693815 1.60469187687835 
> 
87.37947363152765 28.69825813560128 1.516306285783669 
87.37947363045218 28.698258145881244 1.5163068423736117 
> 
87.42483449044319 28.63082971515495 2.118025254573741 
87.42486376754167 28.63080574023392 2.119700118984741 
> 
87.42592992348276 28.634627536548034 2.4891386755066165 
87.42603266806293 28.634543394654894 2.495015863676973 
> 
87.37939013448555 28.70684165086402 2.07138444863889 
87.37939013491518 28.70684165401693 2.071384703582976 
> 
87.45022088314755 28.63788308819661 5.399505234813414 
87.45021709489954 28.637906876762113 5.400646953519907 
> 
87.38319739867588 28.70525811298311 2.389531341126251 
87.38319458294637 28.705275704393184 2.390375558796839 
> 
87.42751114915127 28.65210104057265 3.8126148387254486 
87.42813803634101 28.651893431590423 3.8685525118321538 
> 
87.41446725576215 28.719759731514152 6.810811405720791 
87.4144673746813 28.719759639261277 6.810818533123942 
> 
87.42246148699198 28.654341025346763 3.3993430131149225 
87.4233580110927 28.654106819229934 3.483454278692482 
> 
87.45618808055727 28.648882136490286 6.784225807671039 
87.45618808322786 28.648882150386346 6.784227016629501 
> 
87.45498219493348 28.644310466912764 6.350154517615475 
87.45498208835217 28.644311155051614 6.350187874772291 
> 
87.41929943572491 28.6281357125784 1.3265846421302747 
87.41929942869353 28.628135768509594 1.3265875365666215 
> 
87.41598968912936 28.62773300584053 0.9327159085699351 
87.41598969488426 28.627733011707342 0.9327169329082948 
> 
87.37388729549939 28.70474984847506 1.3235508832983862 
87.37388729638587 28.704749849001402 1.323551016223547 
> 
87.39952885354006 28.643708365132714 0.15550671725077905 
87.39955229525478 28.643689177021628 0.15684717897391162 
> 
87.37161778849244 28.702629172081814 0.9324056143190341 
87.37161779086927 28.70262917100673 0.9324058072316641 
> 
87.41032352585519 28.626041962776053 0.1926119173772006 
87.41039097658563 28.62598673509486 0.19647010214197844 
> 
87.36684753785633 28.69942181219086 0.19244159619679801 
87.36690161231324 28.69937759832488 0.1955313771817592 
> 
87.39317728499766 28.71234561869189 3.9623025159401415 
87.39317729163453 28.712345619596377 3.9623033114714694 
> 
87.39125684603175 28.717741583866864 4.1040130352065 
87.39125685552811 28.717741581574124 4.104013937648963 
> 
87.37692019184426 28.682404724505414 0.19073844391995934 
87.37694987231997 28.68238044793109 0.19243474781189326 
> 
87.43609164669458 28.63801575173782 3.8397308117257842 
87.4362142591092 28.637974202419922 3.85061231631451 
> 
87.44011627624083 28.633195177994544 3.969862508515632 
87.44015613176376 28.633207910923787 3.975123355792442 
> 
87.45485764775742 28.659086686617474 7.306654169397942 
87.45485765072964 28.6590866947067 7.306655030498019 
> 
87.38094566195764 28.679123126600302 0.4215410273199616 
87.38094566792248 28.679123122323798 0.42154140787561073 
> 
87.42571910404578 28.70777841144596 7.2716354823802725 
87.42571912046661 28.70777840128189 7.271636636155396 
> 
87.42287020204951 28.713190995259147 7.311227114319927 
87.42287024233723 28.713190966342797 7.311229683242603 
> 
87.43139423221004 28.70458048504654 7.691096660264162 
87.43139425170124 28.704580472254104 7.691097982144197 
> 
87.45152383984897 28.664371065392793 7.283657945182529 
87.45152384372352 28.66437106872291 7.283658593901054 
> 
87.41785843955269 28.722333884606805 7.35606951177503 
87.41785858081816 28.722333773534118 7.35607788121558 
> 
87.42380674247545 28.71799430671823 7.730688292203816 
87.42380678435107 28.717994276460843 7.730690948990541 
> 
87.46078237389129 28.64985517857563 7.358112921443689 
87.46078237520148 28.64985519463077 7.358114121093534 
> 
87.46007203795673 28.656684849559262 7.727715083366742 
87.46007204047501 28.6566848599358 7.727716044242785 
> 
87.37201876715768 28.709969351360087 1.4595274212560725 
87.37201876903798 28.709969350637113 1.4595275822424232 
> 
87.37725511590037 28.712231533256872 2.1889784013815814 
87.37725511745327 28.712231533668618 2.188978600669672 
> 
87.3734010959326 28.713702024953847 1.8582622407435245 
87.3734010981352 28.713702023949192 1.8582624189457553 
> 
87.42313316171624 28.623748125902452 1.4638941152688416 
87.42313502203854 28.623746623926206 1.4640019570671388 
> 
87.42845497955548 28.626263523423592 2.2199538299236976 
87.42845586529704 28.626262819964445 2.220005946228986 
> 
87.42739051444906 28.622600848067318 1.8611560265108855 
87.42739011133507 28.62260339760844 1.861278770485019 
> 
87.42786272283318 28.64286435835546 3.2448191924809944 
87.428185094786 28.64270011737171 3.2698116787902083 
> 
87.42377355851796 28.643273317266463 2.8178057442922824 
87.42410312757976 28.643080242303803 2.841701181227179 
> 
87.39211377710588 28.702300531075714 3.1840530350599834 
87.39211810972309 28.70244070404876 3.1937476612762965 
> 
87.39043094320508 28.69797134835267 2.712818075200991 
87.39045775174071 28.698226324117687 2.7325526107280442 
> 
87.4265227566545 28.68016093866374 5.546384598938141 
87.4267952261738 28.68002881767542 5.567937207578912 
> 
87.42177503663976 28.677611483177117 4.852088600655292 
87.42244558431756 28.677439513858076 4.915192620076026 
> 
87.43889799697276 28.667471379505123 6.086041234190691 
87.4389066439465 28.667464301009243 6.0865359015967835 
> 
87.41710944014655 28.71461738901835 6.765969008265685 
87.4171094959503 28.71461734895129 6.765972565147141 
> 
87.41990603480848 28.69733926156349 5.94091185605615 
87.41995443666819 28.69729964844391 5.943678628561652 
> 
87.45263024674134 28.654112437992016 6.732767055625293 
87.45263024963147 28.654112450750493 6.732768214277147 
> 
87.43256322322787 28.676035740162988 5.9456402434898985 
87.43265611860033 28.675959713005902 5.950954066325618 
> 
87.45200387134194 28.669971468452943 7.70471885915133 
87.4520038764621 28.669971470220776 7.704719543486186 
> 
87.42553602847751 28.686985854893013 5.885287102121307 
87.42566596594573 28.686884059079826 5.8930158457977955 
> 
87.41940296465289 28.668713646776187 4.004256910171396 
87.42060384597589 28.668561814976098 4.127538469589608 
> 
87.40686233446486 28.72913764019547 6.583659880200247 
87.40686307406843 28.729137040155333 6.583702466272039 
> 
87.40948466603173 28.72052454003844 6.308457286768891 
87.40948469279488 28.72052452320877 6.3084591490197335 
> 
87.4608906570222 28.63795394040929 6.58867649871076 
87.4608903219441 28.637956067787698 6.5887789862516195 
> 
87.45706260113955 28.639035811366494 6.234735564469799 
87.45706191560255 28.639040138260015 6.234943587987955 
> 
87.43002887666151 28.646685764603657 3.736301405545755 
87.43042222540771 28.64653051151681 3.7697618264850683 
> 
87.43549622529126 28.64355103910236 4.137239197289106 
87.43565746791796 28.64348844636086 4.151025601451316 
> 
87.4218900633132 28.663086707959984 3.9105382798704724 
87.42297920376546 28.662853518056107 4.0160831224336135 
> 
87.39759020842895 28.70148572041161 3.737936190959156 
87.39768160467324 28.70157363758962 3.7538525449801874 
> 
87.39796681509702 28.707635023088137 4.18388738208943 
87.39799215407672 28.70764937808534 4.187641363258847 
> 
87.40562225383596 28.72485076565455 6.164409325901434 
87.40562262671502 28.72485046409413 6.164430860017787 
> 
87.40579150378615 28.67325704686071 2.7924811324547725 
87.4074507940902 28.673793717467344 3.011856393899708 
> 
87.41283123536579 28.679133850432777 3.9597600748723085 
87.41418188294891 28.679221508279785 4.1153775338464795 
> 
87.3859031117323 28.671609952857235 0.4775904239273328 
87.38590311252264 28.67160995874533 0.4775908986948666 
> 
87.39966586494376 28.72521317953114 5.527671855219002 
87.39966586990244 28.725213180355805 5.527672459324069 
> 
87.41696800515511 28.623857059075878 0.7866364043835773 
87.41702278953149 28.623812894081208 0.7898161365549969 
> 
87.41418437025793 28.62285976513408 0.412088993891345 
87.41433687752186 28.622734912675956 0.4208149333621175 
> 
87.43623118878364 28.660466134658073 5.32993153918827 
87.43634528853147 28.660375814745567 5.336661807843275 
> 
87.43534993196931 28.65539508928092 4.8990181207239045 
87.43554156064768 28.655283187874172 4.912936000505553 
> 
87.36859070870594 28.705489027108538 0.7847428242002702 
87.36859071213821 28.705489025344068 0.7847430888198006 
> 
87.36608814791563 28.704036245177765 0.4116683219570636 
87.3660881482965 28.704036246703122 0.4116684645049033 
> 
87.4117457770708 28.731385955845465 7.272965947121943 
87.41174648806694 28.731385379425465 7.273006916001069 
> 
87.41661283172932 28.72853498947014 7.6253812195712145 
87.41661318463441 28.728534703869922 7.625401591319216 
> 
87.4657709697812 28.640200371025077 7.277982565629085 
87.46577090172707 28.640200822462763 7.278004650239315 
> 
87.46589979593693 28.64535009488155 7.630397838076946 
87.46589979616583 28.645350111887904 7.630398980066496 
> 
87.40297605438282 28.641644717051882 0.4024605364619833 
87.40299325358835 28.641630637680095 0.40344408314165586 
> 
87.40459154174422 28.645543921405284 0.838016497168072 
87.40459154251602 28.64554392238074 0.8380166469293483 
> 
87.40887218828703 28.643953825474167 1.2086050541298283 
87.4088721881718 28.643953830185396 1.2086053509442276 
> 
87.37686551302521 28.686401898097717 0.44748533584193656 
87.37693531320674 28.686344806429716 0.4514742777639023 
> 
87.38135353004401 28.685914489099183 0.9132856502123609 
87.38137579802977 28.68589627412812 0.9145582803114898 
> 
87.42112724212954 28.621551630154304 1.096890540845446 
87.42117067461434 28.621520324937304 1.0996553952404857 
> 
87.38194228925714 28.689552104609607 1.2177486072090737 
87.38194228973813 28.68955210708172 1.21774882309114 
> 
87.4117183179749 28.638081580118524 1.1386056741242419 
87.41171832286493 28.638081577758893 1.1386060618315692 
> 
87.36883166030016 28.709803371318976 1.095167281840188 
87.36883166459296 28.70980336837126 1.0951675640685825 
> 
87.37814125438271 28.694460497888066 1.1188378087176793 
87.37814125617412 28.69446049748379 1.1188379808366848 
> 
87.38897815043974 28.67340230215311 0.9365809597567397 
87.38896720813656 28.673470692093932 0.9398626983268186 
> 
87.40156145455708 28.67481884712996 2.4257894916152516 
87.40286191589422 28.675540988834253 2.6175380846498477 
> 
87.39994279839345 28.671045935312733 1.9982225777961908 
87.40086120783022 28.671562212697154 2.1340560625194955 
> 
87.3900265637298 28.68798352595975 2.011406907605073 
87.39007082264837 28.688498962085838 2.050199174692605 
> 
87.41810254716198 28.617048965542555 0.46524733807607116 
87.41832366996174 28.616872294660514 0.47818788371017706 
> 
87.41478468601763 28.618914345515797 0.21947707651414447 
87.41504049498256 28.618704886373745 0.23411243140228755 
> 
87.36292713561049 28.710177752606615 0.4649969873209268 
87.36292718770198 28.710177710986024 0.46500002684703606 
> 
87.36276785790037 28.70670919494975 0.21922672576026558 
87.36276785819454 28.706709195184512 0.2192267738223637 
> 
87.38545462239108 28.690892887035353 1.6955034576241088 
87.38542636778291 28.69106941854969 1.7039745699922528 
> 
87.38177917755195 28.67481545293836 0.23080258340000234 
87.3817790506388 28.674816256277083 0.23084131858533272 
> 
87.38661835482515 28.666891984668197 0.24678784052733047 
87.38667856211542 28.666878227512093 0.2525635598471621 
> 
87.42916471497473 28.695181026987985 6.826272936748354 
87.42916473007857 28.69518101812023 6.826274029850904 
> 
87.433006848444 28.697478231726162 7.403440287010056 
87.43300685318752 28.697478234516563 7.403440996572672 
> 
87.41467479679392 28.65649377067413 2.6766274218627166 
87.41555880891622 28.65628151327542 2.760784984867283 
> 
87.39637008926928 28.649041831539794 0.15550671725077905 
87.39637009316175 28.64904182881963 0.15550697042400619 
> 
87.411208588267 28.656418573630873 2.2870210353244773 
87.4117753148656 28.656219900048317 2.3368580935146137 
> 
87.38382489524274 28.696508660444792 1.8839185122416515 
87.38381324330115 28.696581446753626 1.8874112223993664 
> 
87.4181268449036 28.64015674525401 1.986278097087829 
87.41821394862922 28.640085421056924 1.9912597495701883 
> 
87.43587208162876 28.684376522060028 6.860697727021137 
87.43587256310158 28.684376129957577 6.860725393899899 
> 
87.39326454031955 28.691810963586487 2.622189168435117 
87.39348060553824 28.692254188255408 2.67529117039002 
> 
87.4400245824857 28.68626841704586 7.445720807244651 
87.4400245852222 28.686268425498763 7.445721666097134 
> 
87.43921702152439 28.628355801469063 3.5521611234952553 
87.43924889796185 28.62836369221403 3.5562182870130625 
> 
87.41958731929701 28.647423410132976 2.6258406414702153 
87.42002939382907 28.647222353253007 2.6616955292601463 
> 
87.38548117661894 28.71576167255461 3.333334932820037 
87.38548118308412 28.715761674204327 3.333335758262177 
> 
87.38948630423394 28.711326040121662 3.485925632367574 
87.38948569210714 28.71132988164828 3.486110271031523 
> 
87.41488415724747 28.702467789974524 5.7208031308144065 
87.41491838683363 28.70243978003287 5.72275964527167 
> 
87.3858701449376 28.719688560638442 3.634625271524225 
87.38587015310411 28.719688560731786 3.634626183292774 
> 
87.4094599503934 28.702273133029685 5.1063193231413395 
87.40955500344396 28.702211967153048 5.112843651127145 
> 
87.42635553848608 28.66191793636388 4.329305710722864 
87.42710905864311 28.661673831659336 4.396892058075083 
> 
87.44005154736394 28.661545121763133 5.824802028519751 
87.4400671962405 28.661532307342316 5.825697105699458 
> 
87.42295110597681 28.6714206913223 4.575839956610867 
87.4237570389734 28.671209352588672 4.651385442212784 
> 
87.39289685396012 28.72138360311355 4.525291403348555 
87.39289686526617 28.721383598860278 4.525292377585979 
> 
87.40363669751456 28.708164114628286 4.847541271056646 
87.40366670156828 28.708139579835965 4.849256768647851 
> 
87.42754469223237 28.66686490988979 4.786273566085284 
87.4281106327413 28.666637359814104 4.834128123522427 
> 
87.44526606051905 28.632160436975635 4.473605024704383 
87.44527399129751 28.632190955136608 4.476489854734472 
> 
87.44289859175134 28.648383948226915 5.2763469835595 
87.44289860145527 28.648383949749928 5.276348160717693 
> 
87.36648839111245 28.71181914727304 0.9678630411576427 
87.36648854264631 28.711819024039592 0.9678717415790383 
> 
87.44247095730837 28.668915876837076 6.577437056609143 
87.44247095584872 28.66891590302857 6.5774386149019834 
> 
87.38556319415112 28.699759638487617 2.29045086898849 
87.38554421100685 28.699878231891642 2.2961417004642626 
> 
87.45392532771722 28.63456689995569 5.592981475286791 
87.45392251960973 28.63458455171197 5.593828897466198 
> 
87.42166147841505 28.618688954553615 0.9681133919151405 
87.42177628393742 28.6186025049336 0.975179071292522 
> 
87.39852059047318 28.657927908706185 0.9782154804939133 
87.39852062707557 28.65792787948413 0.9782176214756398 
> 
87.43831301993892 28.64523054599945 4.560225658739946 
87.43835777869195 28.645208674868073 4.563757271187197 
> 
87.44630221777851 28.664454935777208 6.709642965482061 
87.44630222078628 28.664454945959896 6.709643968064324 
> 
87.44602075340197 28.637529912520623 4.910042162509812 
87.44601585239488 28.6375606705271 4.911518197310868 
> 
87.4039153326488 28.714379445900096 5.286925197412545 
87.40392148205883 28.714374416420757 5.287276689069664 
> 
87.42272975749991 28.638948125209176 2.417776894745709 
87.42290112852916 28.638813205937854 2.4279344952885262 
> 
87.39850565914139 28.720250760184136 5.072845021804775 
87.39850575659621 28.72025068342002 5.072850784253894 
> 
87.41653820206545 28.706765784671123 6.186696801181747 
87.41654137650389 28.70676318919908 6.186878382177231 
> 
87.4141084709607 28.711648172458357 6.238004640558423 
87.41410848374673 28.711648168409358 6.238005792702785 
> 
87.3952553298318 28.656333332494878 0.5110696642419431 
87.39526714698599 28.656323662342015 0.5117453566596635 
> 
87.44449497938885 28.659603277189177 6.190418077818076 
87.4444949819182 28.659603286771997 6.190418987934551 
> 
87.447489194509 28.65454514361848 6.190545943745893 
87.44748919605846 28.654545153096304 6.190546738190913 
> 
87.40543438087191 28.695445856191682 4.211097195160181 
87.40577277912755 28.695442170351082 4.248393909292947 
> 
87.37912401174144 28.716221038804942 2.658537538853898 
87.37912401424721 28.71622103918154 2.65853784149428 
> 
87.43319931989319 28.625349647937377 2.6866191816400242 
87.43321333400435 28.62534643849915 2.68796417417678 
> 
87.39131922415778 28.658997195495747 0.24940303236369987 
87.39136726288939 28.65896759190177 0.2527875474981857 
> 
87.39823619669464 28.662294086907796 1.233634123713384 
87.39830702745358 28.662236119053212 1.237683607393135 
> 
87.4084483575236 28.68313816569121 3.736625599346404 
87.40974854455709 28.683345978062444 3.894532422570122 
> 
87.40546170287925 28.681480383293795 3.2963228955068424 
87.40692564923724 28.681965196827687 3.490603176924342 
> 
87.42422096573651 28.698827301949866 6.517363364571544 
87.42422301604559 28.698825626398236 6.517480736073292 
> 
87.38776172361467 28.6787868432225 1.1555934335998337 
87.38773278195858 28.67896769953437 1.1642718190034855 
> 
87.3838531343121 28.681302158241202 0.887341341690386 
87.38385313497223 28.681302158960406 0.8873414622035146 
> 
87.42238808112988 28.704322432962368 6.675069536949356 
87.42238809405094 28.70432243060706 6.675070815540069 
> 
87.4056439992351 28.690657968418527 3.9196933942318957 
87.40623343942579 28.690722635428187 3.9893336292850017 
> 
87.39435487892295 28.66549375455886 1.0132761479887442 
87.39435426716321 28.665497588721298 1.0134602934548271 
> 
87.39334515876948 28.67038666923254 1.2228636514544513 
87.39342093674601 28.670573216548135 1.2435335069689402 
> 
87.3907031415565 28.663791430016477 0.4961908728910303 
87.39072276083279 28.663778904667254 0.4975444143096271 
> 
87.4085411760171 28.68722101216414 4.015233280677823 
87.40943337878237 28.68726228998939 4.116928235498229 
> 
87.4426335039979 28.643026394671868 4.8950337330797336 
87.4426318300558 28.64303711327412 4.895551925231874 
> 
87.41637317362336 28.68116858269136 4.48644668018983 
87.4172861310797 28.681073464161585 4.581490968964864 
> 
87.43857789535838 28.650588108610933 4.941538909219713 
87.4386266967459 28.65054814651346 4.944330688348524 
> 
87.41384052032014 28.686642839169735 4.565164367316615 
87.41454339015512 28.68653751067936 4.636222939064877 
> 
87.40756871191672 28.67628008529952 3.1883376741644276 
87.40927826068283 28.67673386539729 3.4078372429448485 
> 
87.41908548521748 28.652007504092044 2.8713430243038918 
87.41984485535228 28.651770729022306 2.940063446649952 
> 
87.39531984953486 28.680476848544753 2.105189554091058 
87.39582958925644 28.681472443323674 2.2271812405757916 
> 
87.39714689361858 28.65171130600268 0.4171733491290223 
87.39714689860112 28.651711302365367 0.4171736629793944 
> 
87.40236991676645 28.65426101463502 1.1643684088363022 
87.40236991818628 28.654261014505412 1.1643685578813134 
> 
87.4019211604105 28.65027705691666 0.852729309835111 
87.40192116136029 28.65027705723437 0.8527294361218258 
> 
87.39033841696188 28.680123811008563 1.529339302940789 
87.3903700374284 28.680736452319213 1.5731195116041132 
> 
87.41503450913609 28.67028233773964 3.622589246234613 
87.41656176339646 28.670305311607333 3.793567039133071 
> 
87.39159045408739 28.683367379964903 1.8814536180090184 
87.39170567945762 28.684159631585583 1.9463142599578387 
> 
87.3940677334354 28.67723331348356 1.7530752390228284 
87.39436800341456 28.67803979042742 1.839399341702791 
> 
87.40156995978046 28.662966019608334 1.6477209601933496 
87.40196886758297 28.6628775019165 1.6861674400510125 
> 
87.40484840197797 28.659395183302667 1.776833757882048 
87.40517610798337 28.659232157915167 1.8024848474287094 
> 
87.43705373142419 28.678336864142096 6.5950872774335245 
87.43706865493368 28.678324645702368 6.5959406748065526 
> 
87.44551748009148 28.681368243878303 7.733377180498757 
87.44551748968033 28.68136824048623 7.733378021748847 
> 
87.4202113913884 28.65980223064815 3.508447183966357 
87.42137860314718 28.659584931302398 3.623702600386173 
> 
87.43838958200676 28.693089424746624 7.712343626745894 
87.43838959540801 28.69308941713409 7.712344613584447 
> 
87.43039491036774 28.68890030998348 6.550153196260677 
87.43042318569424 28.688877163313922 6.551769771709795 
> 
87.43179690880726 28.666411465955903 5.22836771425606 
87.43204241260868 28.666264228302655 5.245940119425625 
> 
87.42972656560829 28.656393447476592 4.340486440429275 
87.43026300334913 28.656191767958273 4.386773502035995 
> 
87.41228082215767 28.675060687888884 3.6310330734079557 
87.41390701863813 28.67524552900437 3.8236159302161044 
> 
87.40085187371947 28.68353568066136 2.9199701524488098 
87.40193889643318 28.6842201013936 3.085548637557895 
> 
87.39856673720074 28.689400033725136 3.0519005387325038 
87.39916976893717 28.689887270883073 3.150821651530311 
> 
87.40096968902373 28.697055396671757 3.8216144950735615 
87.40123756628918 28.697157258006825 3.8580241402951088 
> 
87.41476861936704 28.69110775908681 4.961521292975714 
87.41514414988261 28.690979158933175 4.994732573095155 
> 
87.40925961045568 28.696473861510803 4.702994007265207 
87.40950748908037 28.69638826641657 4.724866784351156 
> 
87.40536398200715 28.655056352049503 1.5488998497444708 
87.40540943774742 28.65501914376105 1.5514989099137293 
> 
87.40961256654147 28.65242376626427 1.8473830025408493 
87.40971149902794 28.652342814598917 1.8530426030278457 
> 
87.40117951290013 28.69226751489051 3.5302106941452767 
87.4016596361439 28.69250181365906 3.59887092208037 
> 
87.38475066051411 28.70859952975591 2.781472854896458 
87.38474982462618 28.708604761064915 2.781724061664258 
> 
87.38879923015011 28.707430252063904 3.153627342617689 
87.38879288535838 28.707469901790695 3.1555300933783452 
> 
87.38281229770337 28.714172566313007 2.932885099881414 
87.38281230055168 28.714172568826854 2.9328855810291574 
> 
87.39585810269905 28.672880702710827 1.6656120613795846 
87.39628088400823 28.673435785855737 1.7490049289932466 
> 
87.39872885577239 28.679897166351765 2.445293290266875 
87.39973042432503 28.68081886554405 2.6169909598286445 
