# Name lon lat v_east v_north v_up e_east e_north e_up 
ALIS 120.8133 23.5082 0.014588179368076694 0.0010588618164740354 0.0 0.00077 0.00093 0.00294 
ANBU 121.5296 25.1827 0.006504701670000334 -0.007047108408318283 0.0 0.00064 0.00077 0.00244 
BIMO 120.9674 22.5328 -2.3206475976738297e-05 -0.00035655360151736105 0.0 0.00065 0.00078 0.00246 
CHE8 121.3736 23.0974 -0.0017794451108318694 -0.0005875752131656902 0.0 0.00055 0.00066 0.00209 
CHI0 120.5822 24.271 0.03706925871420608 -0.010268041813048969 0.0 0.00367 0.00443 0.01401 
CHI4 120.8289 23.9454 0.049561807584234466 -0.003900570564579961 0.0 0.00057 0.00069 0.00217 
CHI7 120.4332 23.496 0.012242438898142666 0.0007390129866353707 0.0 0.0005 0.00061 0.00191 
CHUL 121.1257 23.1324 0.0008609242220459734 -0.0015830454626388278 0.0 0.00119 0.00143 0.00452 
CHUN 121.3931 23.4529 -0.0020831478017574257 -0.006784026925746547 0.0 0.00058 0.00069 0.00219 
CLA7 121.512 24.6023 0.04741995750472157 -0.046131250460273554 0.0 0.001 0.00121 0.00381 
CLO1 120.5796 22.4301 0.0006831577089809239 -0.0002764194481505069 0.0 0.00074 0.00089 0.00282 
CTOU 120.2778 22.7547 0.0023746469872007207 2.7684174595580033e-05 0.0 0.00086 0.00104 0.0033 
DAHU 120.8718 24.4229 0.05529411058389784 -0.024255169616058975 0.0 0.00055 0.00066 0.0021 
DANI 120.3614 23.1195 0.005172757629019273 0.00036158183970198745 0.0 0.00091 0.00109 0.00346 
DANL 120.7519 22.2041 0.00010328337721388143 -0.00022141443778441586 0.0 0.0008 0.00096 0.00303 
DCHU 121.2806 23.2132 -0.0005705505867544521 -0.0021955729847453254 0.0 0.00054 0.00065 0.00206 
DNAN 120.448 23.6738 0.01762309365678319 0.00030187995446144604 0.0 0.00058 0.0007 0.00223 
DNFU 121.4823 23.6851 -0.009562371290854167 -0.04184855866973861 0.0 0.00144 0.00173 0.00549 
DPIN 120.9328 24.0431 0.07043195333655253 -0.01064746847531195 0.0 0.00051 0.00062 0.00195 
FKD2 120.862 23.6884 0.027713096948746258 0.0015305962972972454 0.0 0.0006 0.00072 0.00229 
FLON 121.9375 25.0204 0.002579345090681354 0.000968608033214069 0.0 0.00074 0.00089 0.00283 
FUNY 120.3202 23.9223 0.02114918752584427 -0.001871196034931151 0.0 0.00053 0.00063 0.002 
FUSN 121.3315 24.799 0.027890714335966876 -0.02808565275724125 0.0 0.001 0.00121 0.00383 
GAIS 120.5906 23.0803 0.004175930578506117 5.098382517193898e-05 0.0 0.00067 0.0008 0.00254 
GUK2 121.0069 24.203 0.08830701568842952 -0.026047158383176356 0.0 0.00072 0.00087 0.00275 
GUKN 120.5888 23.6459 0.019140280096645826 0.0007743707339897424 0.0 0.00054 0.00065 0.00206 
HENC 120.7464 22.0039 -8.779731775852233e-06 -0.00014453282654225907 0.0 0.00055 0.00067 0.00211 
HNSN 121.3081 24.3377 0.14385584311444752 -0.0749816445733038 0.0 0.00068 0.00081 0.00258 
HSIN 121.0143 24.8278 0.02839563709547318 -0.02277354819684814 0.0 0.00064 0.00077 0.00244 
HUA3 121.6135 23.9754 0.1049907386595925 -0.10334305556023042 0.0 0.00056 0.00068 0.00215 
HUAN 121.2726 24.1435 0.17588835796832178 -0.05613352855959533 0.0 0.00051 0.00061 0.00194 
HUAP 121.7495 24.309 0.16568594432617567 0.15187209279988229 0.0 0.00304 0.00367 0.01159 
HUWE 120.2866 23.7294 0.016223526745174785 -0.0002639765964915233 0.0 0.00053 0.00064 0.00202 
HUYS 121.0294 24.0923 0.09265228906454029 -0.018818688811758133 0.0 0.00061 0.00074 0.00234 
ICHU 120.2793 23.3607 0.008595363891149873 0.0005873984068453308 0.0 0.00051 0.00062 0.00195 
ILAN 121.7566 24.764 0.009591096963035204 -0.0019185739845946118 0.0 0.00063 0.00076 0.00241 
JLUT 120.6228 22.33 0.0004399297405542868 -0.0002677386785651057 0.0 0.00058 0.0007 0.00222 
JSAN 120.6809 23.7612 0.02735485738228489 0.00025166064780700597 0.0 0.00056 0.00068 0.00214 
JYAN 121.2263 24.2425 0.14485278395773923 -0.05725822521068567 0.0 0.00056 0.00068 0.00214 
KASU 120.633 22.8102 0.0018045909428537237 -0.0003029002163771721 0.0 0.00055 0.00066 0.00208 
KHLZ 120.2529 22.8559 0.0029956344712666998 0.00012587029108897965 0.0 0.0005 0.0006 0.00189 
KIMN 118.2892 24.4074 0.004054513096550509 -0.0009298866528559334 0.0 0.00071 0.00086 0.00273 
KYI2 121.0805 25.041 0.016601825458263605 -0.015906616507009072 0.0 0.00065 0.00079 0.00249 
LANY 121.5581 22.0373 -0.001107379236777524 0.0010124760834924833 0.0 0.00079 0.00095 0.003 
LGU2 120.635 22.9938 0.0030925662992736906 -0.00016107979662728335 0.0 0.00051 0.00061 0.00193 
LIKN 120.5279 22.7586 0.0018548164599831087 -0.00019834219807136135 0.0 0.00079 0.00096 0.00302 
LIU2 120.3687 22.3462 0.0008632728182712912 -0.00017779300981231026 0.0 0.00051 0.00062 0.00196 
LNK2 121.3771 25.0776 0.011161522662275585 -0.012475463706676885 0.0 0.0006 0.00073 0.0023 
LONT 121.1306 22.9063 -9.84416129072481e-05 -0.0008379070072800292 0.0 0.00054 0.00065 0.00204 
LTUN 121.7716 24.7 0.011170461264367583 0.0013200789803734596 0.0 0.00079 0.00095 0.00302 
LUKN 120.4351 24.06 0.02777044738662584 -0.004179220538412212 0.0 0.00085 0.00103 0.00326 
MFEN 121.1725 24.0822 0.13467871812942303 -0.03031408022195664 0.0 0.0005 0.0006 0.0019 
MIAO 120.8103 24.5835 0.040113087881676335 -0.021483330760619593 0.0 0.00115 0.00139 0.00439 
MLO2 120.5538 22.9 0.0026215137146552484 -0.00013047506163224034 0.0 0.00072 0.00087 0.00275 
NAAO 121.8102 24.4493 0.0488536945772732 0.07856889369725362 0.0 0.00056 0.00067 0.00213 
NCK1 120.2758 22.9385 0.0035421122761013584 0.0001906934466633973 0.0 0.00052 0.00063 0.00198 
NCUT 121.1855 24.9677 0.018869741619953695 -0.01870845192735471 0.0 0.00038 0.00045 0.00144 
NIPU 121.4121 23.2433 -0.002472032462125495 -0.001383420017135222 0.0 0.00059 0.00071 0.00224 
NSAN 121.3828 24.4282 0.12000665549783696 -0.07987778757712732 0.0 0.00077 0.00093 0.00293 
NSHE 120.8009 24.2258 0.05592022190714791 -0.015401961442244193 0.0 0.00052 0.00063 0.002 
PAN9 119.5637 23.5652 0.007189730550256545 -0.00016236488306011613 0.0 0.00067 0.00081 0.00256 
PAO2 120.9231 24.7079 0.03575830294469611 -0.023986833514134026 0.0 0.00062 0.00074 0.00235 
PEI1 120.1686 23.2938 0.007258401048269219 0.0004985978368414856 0.0 0.00071 0.00085 0.00269 
PLA2 121.0864 24.5788 0.05583548794478909 -0.03663131696190626 0.0 0.00069 0.00084 0.00264 
PNC1 122.0794 25.6275 0.0009104765604581407 -0.00011599960340205633 0.0 0.00049 0.00059 0.00186 
PNL1 120.9705 24.5429 0.05289489955876416 -0.030092844483865365 0.0 0.00059 0.00071 0.00226 
PTDG 120.4652 22.4739 0.0009904707348328881 -0.00021875621356977755 0.0 0.00056 0.00067 0.00213 
PUS2 120.5258 23.9702 0.02985955300541358 -0.0030793519844788727 0.0 0.00048 0.00058 0.00184 
SANL 120.7686 23.6645 0.0236868762657543 0.0012699532715981284 0.0 0.00057 0.00069 0.00217 
SANY 120.7692 24.4136 0.047024519300585314 -0.018988637867323126 0.0 0.0005 0.00061 0.00191 
SANZ 121.5009 25.2608 0.005850030328949641 -0.006427608172342615 0.0 0.00067 0.00081 0.00257 
SFON 121.0102 24.9329 0.021962043243248942 -0.018933276440090293 0.0 0.00066 0.0008 0.00253 
SGAN 120.3497 22.5813 0.001513263587293902 -0.0001191393429896713 0.0 0.00091 0.0011 0.00346 
SGUN 120.6919 24.2716 0.044897582935492696 -0.013083911842644624 0.0 0.00064 0.00078 0.00246 
SHUL 121.5627 23.7876 -0.03475588572632744 -0.17767063053985635 0.0 0.00086 0.00103 0.00327 
SHWA 120.3478 23.0214 0.004146198999977598 0.00023882015163745996 0.0 0.00059 0.00072 0.00227 
SLI1 121.4414 23.8119 0.01865868656174524 -0.06315646376930224 0.0 0.001 0.00121 0.00383 
SLNP 121.6356 24.7531 0.01591748464659084 -0.013970542083740442 0.0 0.00058 0.0007 0.00223 
SNDI 120.6406 22.7173 0.0013518855968415 -0.0003356852898945586 0.0 0.0007 0.00084 0.00266 
SON3 120.9859 24.3978 0.06989613784127188 -0.0318143257674072 0.0 0.00085 0.00103 0.00325 
SUA1 120.2999 23.4776 0.010872017085701492 0.0005696017578632234 0.0 0.00057 0.00069 0.00218 
SUA2 121.8477 24.6157 0.011404326130324004 0.0150223525827276 0.0 0.00059 0.00071 0.00223 
SUN2 120.9084 23.8812 0.051228166811901295 -0.0016824677986229837 0.0 0.0006 0.00073 0.00229 
TAN2 121.4314 25.1785 0.007945600120866479 -0.00893978583195612 0.0 0.00049 0.00059 0.00187 
TAT3 120.887 23.4814 0.012926467725197252 0.0006996220889897415 0.0 0.00191 0.0023 0.00727 
TEGS 120.655 24.3562 0.04060130690991779 -0.01384533713321161 0.0 0.00049 0.0006 0.00189 
TSHI 121.6328 25.2569 0.004481636750435415 -0.004334103822780123 0.0 0.00066 0.00079 0.0025 
TSIO 120.7041 24.4728 0.0399896176690365 -0.017112135589121214 0.0 0.00061 0.00074 0.00233 
TTCS 121.2151 23.1249 -0.00012083935444754483 -0.001630911790370369 0.0 0.0005 0.00061 0.00192 
TTUN 121.0807 22.7646 -0.00010780196898995593 -0.0005751968612647661 0.0 0.00076 0.00092 0.0029 
TUNM 121.4936 23.9652 0.1062484794047221 -0.07973199332062852 0.0 0.00087 0.00104 0.0033 
TUNS 120.4041 23.3172 0.00814108768734003 0.0006274343818567509 0.0 0.0007 0.00084 0.00266 
WALI 121.6894 25.1758 0.004547706333003447 -0.0038750576049668786 0.0 0.00056 0.00068 0.00214 
WANS 120.8852 23.6075 0.02114894089707674 0.0014913058728379671 0.0 0.0006 0.00073 0.00229 
WDAN 120.5043 22.6061 0.0012924830293681194 -0.0002282388080614087 0.0 0.0005 0.00061 0.00192 
WFEN 120.6995 24.0419 0.04307557722845401 -0.0061197590883229295 0.0 0.00052 0.00063 0.00199 
WIPN 121.0586 24.6746 0.042665143745271805 -0.030696517703880134 0.0 0.00053 0.00064 0.00201 
WUKU 121.4007 25.1173 0.009700565520109445 -0.01090772802005907 0.0 0.00107 0.00129 0.00407 
YAME 121.1853 24.9085 0.022263599244386895 -0.02142924718601515 0.0 0.00062 0.00074 0.00236 
YENL 121.6019 23.9035 0.0505018089519863 -0.19619063240983223 0.0 0.00053 0.00064 0.00203 
YLSS 121.653 24.6679 0.020784863368899054 -0.015598404180712337 0.0 0.00049 0.00059 0.00186 
YUL1 121.3002 23.3214 -0.000352490097414724 -0.0034756259060514157 0.0 0.00103 0.00124 0.00393 
YUSN 120.9591 23.4873 0.012551840443272315 0.00032539193829471765 0.0 0.00121 0.00146 0.00461 
ZEND 120.2176 22.9433 0.0036483655317094176 0.00022607964786248408 0.0 0.00087 0.00104 0.0033 
ZUZH 121.5443 25.1622 0.006591039542447322 -0.00706735160079993 0.0 0.00069 0.00083 0.00263 
