# Name lon lat v_east v_north v_up e_east e_north e_up 
ALIS 120.8133 23.5082 0.01478 0.00271 nan 0.00077 0.00093 0.00294 
ANBU 121.5296 25.1827 0.00524 -0.01591 nan 0.00064 0.00077 0.00244 
BIMO 120.9674 22.5328 0.00993 -0.00421 nan 0.00065 0.00078 0.00246 
CHE8 121.3736 23.0974 -0.00111 0.00077 nan 0.00055 0.00066 0.00209 
CHI0 120.5822 24.271 -0.02025 -0.00882 nan 0.00367 0.00443 0.01401 
CHI4 120.8289 23.9454 0.04862 -0.00312 nan 0.00057 0.00069 0.00217 
CHI7 120.4332 23.496 0.01594 -0.00175 nan 0.0005 0.00061 0.00191 
CHUL 121.1257 23.1324 0.0333 -0.02967 nan 0.00119 0.00143 0.00452 
CHUN 121.3931 23.4529 -0.03184 -0.00473 nan 0.00058 0.00069 0.00219 
CLA7 121.512 24.6023 0.04048 -0.04725 nan 0.001 0.00121 0.00381 
CLO1 120.5796 22.4301 0.0066 -0.00229 nan 0.00074 0.00089 0.00282 
CTOU 120.2778 22.7547 -0.0065 0.00188 nan 0.00086 0.00104 0.0033 
DAHU 120.8718 24.4229 0.0608 -0.0262 nan 0.00055 0.00066 0.0021 
DANI 120.3614 23.1195 0.03284 -0.00284 nan 0.00091 0.00109 0.00346 
DANL 120.7519 22.2041 0.01134 -0.00023 nan 0.0008 0.00096 0.00303 
DCHU 121.2806 23.2132 0.00121 0.00133 nan 0.00054 0.00065 0.00206 
DNAN 120.448 23.6738 0.01837 -0.00126 nan 0.00058 0.0007 0.00223 
DNFU 121.4823 23.6851 -0.06443 -0.03552 nan 0.00144 0.00173 0.00549 
DPIN 120.9328 24.0431 0.08125 -0.0085 nan 0.00051 0.00062 0.00195 
FKD2 120.862 23.6884 0.0153 0.00312 nan 0.0006 0.00072 0.00229 
FLON 121.9375 25.0204 0.00952 0.0037 nan 0.00074 0.00089 0.00283 
FUNY 120.3202 23.9223 0.01957 -0.00334 nan 0.00053 0.00063 0.002 
FUSN 121.3315 24.799 0.01373 -0.0396 nan 0.001 0.00121 0.00383 
GAIS 120.5906 23.0803 -0.00379 -0.00218 nan 0.00067 0.0008 0.00254 
GUK2 121.0069 24.203 0.09579 -0.03696 nan 0.00072 0.00087 0.00275 
GUKN 120.5888 23.6459 0.01372 0.00073 nan 0.00054 0.00065 0.00206 
HENC 120.7464 22.0039 -0.00424 -0.00058 nan 0.00055 0.00067 0.00211 
HNSN 121.3081 24.3377 0.12142 -0.10409 nan 0.00068 0.00081 0.00258 
HSIN 121.0143 24.8278 0.02628 -0.02464 nan 0.00064 0.00077 0.00244 
HUA3 121.6135 23.9754 0.02614 -0.0812 nan 0.00056 0.00068 0.00215 
HUAN 121.2726 24.1435 0.19395 -0.06949 nan 0.00051 0.00061 0.00194 
HUAP 121.7495 24.309 0.23178 0.12252 nan 0.00304 0.00367 0.01159 
HUWE 120.2866 23.7294 0.02281 -0.00011 nan 0.00053 0.00064 0.00202 
HUYS 121.0294 24.0923 0.09345 -0.01922 nan 0.00061 0.00074 0.00234 
ICHU 120.2793 23.3607 0.01851 -0.00465 nan 0.00051 0.00062 0.00195 
ILAN 121.7566 24.764 0.0105 -0.00562 nan 0.00063 0.00076 0.00241 
JLUT 120.6228 22.33 0.00494 0.00048 nan 0.00058 0.0007 0.00222 
JSAN 120.6809 23.7612 0.01742 -0.00287 nan 0.00056 0.00068 0.00214 
JYAN 121.2263 24.2425 0.15241 -0.068 nan 0.00056 0.00068 0.00214 
KASU 120.633 22.8102 0.00333 -0.00479 nan 0.00055 0.00066 0.00208 
KHLZ 120.2529 22.8559 -0.00608 0.00035 nan 0.0005 0.0006 0.00189 
KIMN 118.2892 24.4074 0.00987 -0.00641 nan 0.00071 0.00086 0.00273 
KYI2 121.0805 25.041 0.0236 -0.02314 nan 0.00065 0.00079 0.00249 
LANY 121.5581 22.0373 0.01852 0.00066 nan 0.00079 0.00095 0.003 
LGU2 120.635 22.9938 0.00108 0.00078 nan 0.00051 0.00061 0.00193 
LIKN 120.5279 22.7586 -0.00606 -0.00882 nan 0.00079 0.00096 0.00302 
LIU2 120.3687 22.3462 0.00086 -0.00209 nan 0.00051 0.00062 0.00196 
LNK2 121.3771 25.0776 0.02337 -0.01914 nan 0.0006 0.00073 0.0023 
LONT 121.1306 22.9063 1e-05 -0.00328 nan 0.00054 0.00065 0.00204 
LTUN 121.7716 24.7 0.03333 -0.00633 nan 0.00079 0.00095 0.00302 
LUKN 120.4351 24.06 0.01889 -0.00651 nan 0.00085 0.00103 0.00326 
MFEN 121.1725 24.0822 0.14684 -0.03073 nan 0.0005 0.0006 0.0019 
MIAO 120.8103 24.5835 0.05015 -0.02862 nan 0.00115 0.00139 0.00439 
MLO2 120.5538 22.9 0.0091 -0.00832 nan 0.00072 0.00087 0.00275 
NAAO 121.8102 24.4493 0.04604 0.03642 nan 0.00056 0.00067 0.00213 
NCK1 120.2758 22.9385 0.00159 -0.00492 nan 0.00052 0.00063 0.00198 
NCUT 121.1855 24.9677 0.01511 -0.02309 nan 0.00038 0.00045 0.00144 
NIPU 121.4121 23.2433 -0.00072 -0.00509 nan 0.00059 0.00071 0.00224 
NSAN 121.3828 24.4282 0.09735 -0.08996 nan 0.00077 0.00093 0.00293 
NSHE 120.8009 24.2258 0.05719 -0.01697 nan 0.00052 0.00063 0.002 
PAN9 119.5637 23.5652 0.01087 -0.00508 nan 0.00067 0.00081 0.00256 
PAO2 120.9231 24.7079 0.04148 -0.0291 nan 0.00062 0.00074 0.00235 
PEI1 120.1686 23.2938 0.0163 -0.00402 nan 0.00071 0.00085 0.00269 
PLA2 121.0864 24.5788 0.0572 -0.04948 nan 0.00069 0.00084 0.00264 
PNC1 122.0794 25.6275 0.00651 -0.00365 nan 0.00049 0.00059 0.00186 
PNL1 120.9705 24.5429 0.06538 -0.03532 nan 0.00059 0.00071 0.00226 
PTDG 120.4652 22.4739 0.00659 -0.00537 nan 0.00056 0.00067 0.00213 
PUS2 120.5258 23.9702 0.03002 -0.00304 nan 0.00048 0.00058 0.00184 
SANL 120.7686 23.6645 0.01906 0.0028 nan 0.00057 0.00069 0.00217 
SANY 120.7692 24.4136 0.05381 -0.02396 nan 0.0005 0.00061 0.00191 
SANZ 121.5009 25.2608 -0.00194 -0.00908 nan 0.00067 0.00081 0.00257 
SFON 121.0102 24.9329 0.01408 -0.02155 nan 0.00066 0.0008 0.00253 
SGAN 120.3497 22.5813 -0.01394 -0.01018 nan 0.00091 0.0011 0.00346 
SGUN 120.6919 24.2716 0.03782 -0.01174 nan 0.00064 0.00078 0.00246 
SHUL 121.5627 23.7876 -0.02985 -0.15401 nan 0.00086 0.00103 0.00327 
SHWA 120.3478 23.0214 0.00431 -0.00229 nan 0.00059 0.00072 0.00227 
SLI1 121.4414 23.8119 0.02556 -0.0346 nan 0.001 0.00121 0.00383 
SLNP 121.6356 24.7531 0.01863 -0.01786 nan 0.00058 0.0007 0.00223 
SNDI 120.6406 22.7173 0.00708 0.00081 nan 0.0007 0.00084 0.00266 
SON3 120.9859 24.3978 0.07957 -0.02319 nan 0.00085 0.00103 0.00325 
SUA1 120.2999 23.4776 0.01021 -0.00517 nan 0.00057 0.00069 0.00218 
SUA2 121.8477 24.6157 0.02832 0.01031 nan 0.00059 0.00071 0.00223 
SUN2 120.9084 23.8812 0.04465 0.00489 nan 0.0006 0.00073 0.00229 
TAN2 121.4314 25.1785 0.00378 -0.01335 nan 0.00049 0.00059 0.00187 
TAT3 120.887 23.4814 -0.03681 -0.014 nan 0.00191 0.0023 0.00727 
TEGS 120.655 24.3562 0.03869 -0.01441 nan 0.00049 0.0006 0.00189 
TSHI 121.6328 25.2569 0.0088 -0.00867 nan 0.00066 0.00079 0.0025 
TSIO 120.7041 24.4728 0.02961 -0.01788 nan 0.00061 0.00074 0.00233 
TTCS 121.2151 23.1249 -0.00529 -0.00335 nan 0.0005 0.00061 0.00192 
TTUN 121.0807 22.7646 0.01389 -0.00066 nan 0.00076 0.00092 0.0029 
TUNM 121.4936 23.9652 0.07784 -0.04203 nan 0.00087 0.00104 0.0033 
TUNS 120.4041 23.3172 0.02695 -0.00152 nan 0.0007 0.00084 0.00266 
WALI 121.6894 25.1758 0.01036 -0.00809 nan 0.00056 0.00068 0.00214 
WANS 120.8852 23.6075 0.00254 0.00956 nan 0.0006 0.00073 0.00229 
WDAN 120.5043 22.6061 0.00926 -0.00173 nan 0.0005 0.00061 0.00192 
WFEN 120.6995 24.0419 0.0474 -0.00487 nan 0.00052 0.00063 0.00199 
WIPN 121.0586 24.6746 0.04175 -0.04043 nan 0.00053 0.00064 0.00201 
WUKU 121.4007 25.1173 0.02047 -0.00727 nan 0.00107 0.00129 0.00407 
YAME 121.1853 24.9085 0.02098 -0.02675 nan 0.00062 0.00074 0.00236 
YENL 121.6019 23.9035 0.08015 -0.2095 nan 0.00053 0.00064 0.00203 
YLSS 121.653 24.6679 0.0245 -0.0169 nan 0.00049 0.00059 0.00186 
YUL1 121.3002 23.3214 0.00383 -0.02021 nan 0.00103 0.00124 0.00393 
YUSN 120.9591 23.4873 0.00778 -0.00351 nan 0.00121 0.00146 0.00461 
ZEND 120.2176 22.9433 -0.00513 0.00537 nan 0.00087 0.00104 0.0033 
ZUZH 121.5443 25.1622 0.01297 -0.01304 nan 0.00069 0.00083 0.00263 
