Number xind yind east north data err wgt Elos Nlos Ulos
********************************************************
   0  148 1890 95.700446 17.074747 -0.07061996166869566 0.16039424922625298 6632 0.701820740783962 -0.1316882239540345 0.7000756098288834
   1  150 1909 95.717344 17.241174 -0.035607483101642044 0.1221996982441932 5837 0.7028566715019412 -0.13167322898643138 0.6990383824179464
   2  153 1931 95.734192 17.438323 -0.03591091469300636 0.14581963981564844 3138 0.7042792153001589 -0.1316786253265736 0.6976041331072346
   3  154 1948 95.745902 17.600368 -0.017080144670044598 0.12299369436665115 2794 0.7055766990467762 -0.13169755040809364 0.6962882140168412
   4  156 1967 95.760021 17.766518 0.017866029766051485 0.03764597241870162 1109 0.7067641915273144 -0.13169594389404635 0.695083128795828
   5  167 1891 95.880876 17.080293 -0.005759075110636506 0.1107104892962469 7512 0.6899241715868663 -0.13006242846170998 0.7121013987929098
   6  167 1910 95.877830 17.251077 -0.013105114217266269 0.08683428018426892 8435 0.6924076881557196 -0.13025446229364077 0.7096515824229848
   7  167 1930 95.874505 17.431633 -0.03208104697626015 0.09138203747999461 8452 0.6950158033747301 -0.130449182774952 0.7070615558582757
   8  168 1949 95.872040 17.611889 -0.0076008174854772775 0.08088707882843371 8482 0.6975372411971218 -0.1306263860128968 0.7045413716882196
   9  168 1970 95.868994 17.793409 0.003754275521098998 0.08087526828825835 8380 0.7000942336419392 -0.1308014235078323 0.7019679847611504
  10  168 1989 95.873220 17.970681 -0.020923987183662708 0.0983746217265434 7820 0.7020999234660737 -0.13090271231681433 0.6999429815185196
  11  170 2009 95.887649 18.149707 0.004915419480467374 0.07370231231179633 6192 0.7034615789126805 -0.13091563658087046 0.6985720457421011
  12  172 2029 95.904281 18.328088 0.07314416440551845 0.10575917611453084 4415 0.7047300714793895 -0.1309183113275959 0.6972918485912374
  13  175 2054 95.921893 18.558531 -0.04041568808015285 0.11871727296694216 1230 0.7065604758613729 -0.13093972362712783 0.6954330181455305
  14  171 2047 95.893949 18.493512 0.23045742102143887 0.17233070462643804 211 0.7075456704954087 -0.13112528014479455 0.6943956257567812
  15  175 2047 95.927445 18.493162 -0.22719456863495102 0.1160497327622285 552 0.7053861538586701 -0.13085257677693077 0.6966404934363994
  16  171 2041 95.890656 18.442185 0.19268608897924422 0.10559714196062335 275 0.7070056626113249 -0.1310991159669917 0.6949503686078559
  17  175 2042 95.927677 18.448164 -0.16714381204761622 0.12916437589916785 524 0.7048056351855141 -0.13082083041861947 0.6972337677847559
  18  176 2067 95.931820 18.673325 0.03886698445887598 0.15841486764880255 1193 0.7073559465403495 -0.1309317882313323 0.6946253894903005
  19  187 1891 96.066576 17.082370 -0.05807073608365894 0.08802666211892121 7420 0.6771055673833145 -0.12826618466809986 0.724621167569102
  20  188 1909 96.066121 17.253756 -0.10053539732726607 0.08740341404730936 8484 0.6795451835010585 -0.12847155419478345 0.7222973095223943
  21  188 1930 96.063232 17.434662 -0.0698179652618075 0.12283286244664869 8470 0.6822658319017878 -0.12870322541411278 0.7196866084535445
  22  188 1950 96.060291 17.614924 -0.05649492583396905 0.09638657562361558 8488 0.6849522908990712 -0.12892449764767192 0.7170905334045412
  23  187 1969 96.057125 17.795297 -0.07030559707559934 0.11461681079934252 8510 0.6876400151275358 -0.12914022073275677 0.7144746412466274
  24  188 1989 96.054325 17.975867 -0.023051749492629604 0.0899885387727476 8518 0.6902795230119418 -0.12934312685770102 0.7118880077969277
  25  187 2010 96.051175 18.156521 -0.01898436844427408 0.10079956192381431 8542 0.6929253985135054 -0.12954100455082723 0.7092767585610446
  26  188 2030 96.048186 18.337101 -0.06681400976917694 0.1363265581763773 8520 0.695510002851615 -0.12972338351851403 0.7067090488325836
  27  188 2049 96.045130 18.517428 -0.04171129011632017 0.13629520862861494 8543 0.698034594175898 -0.12988999800454532 0.7041848434552312
  28  187 2069 96.041952 18.698033 0.008881026958821045 0.12707716512605627 8559 0.7005686303497325 -0.13005266884585523 0.7016337345766451
  29  188 2089 96.044550 18.875752 0.008418854374739722 0.1431072365400656 8027 0.702617750136543 -0.1301481235394947 0.6995639807281467
  30  190 2109 96.060141 19.055364 -0.07332126382468677 0.1725138138373641 6313 0.7038679504134059 -0.1301398223442042 0.6983076220556739
  31  192 2129 96.076469 19.234384 -0.16775810406990455 0.09855568574187092 4551 0.7050321361220329 -0.13011753229081 0.6971363674531357
  32  194 2148 96.094225 19.411901 -0.19480821910757715 0.120606670333334 2642 0.7061242081824367 -0.13008824076324124 0.6960356687942447
  33  196 2167 96.107211 19.575701 -0.2525144788432004 0.06512818661088356 1015 0.7073024157083503 -0.1300773853387566 0.6948403892668911
  34  208 1890 96.256679 17.083101 0.013896939890944567 0.10476849697797101 7790 0.6633699753447243 -0.12629016723598246 0.7375575024841435
  35  208 1910 96.254024 17.256494 -0.011045798898826203 0.08752727133224585 8490 0.6661153073612333 -0.12655739753383557 0.7350330757377604
  36  207 1930 96.251088 17.437052 0.004471937362934312 0.09284931346069812 8492 0.6689593605321426 -0.1268276591521336 0.7323988795939117
  37  207 1949 96.248376 17.617492 -0.1203849083145987 0.11151824240492877 8494 0.6717467601701137 -0.1270833455172068 0.7297986801119265
  38  200 1977 96.173901 17.865295 -0.19949338617907078 0.0752953388099895 540 0.6805487409373127 -0.12811520951909844 0.7214152093617905
  39  205 1977 96.221100 17.865301 -0.1980608665069346 0.0956884564530051 544 0.677234002857419 -0.12765767607681724 0.7246085999437102
  40  200 1972 96.174416 17.819424 -0.004417706711061356 0.1060048006066157 524 0.6798697943435911 -0.12805872128176352 0.7220651124676243
  41  204 1973 96.209386 17.831134 -0.0833028716910066 0.07310939282093185 132 0.677570520536569 -0.12773115168108387 0.7242809831757471
  42  206 1973 96.233642 17.831656 -0.29931493341058923 0.09783798632321718 138 0.6758765843060911 -0.12749632138519923 0.7259032516940348
  43  204 1971 96.209910 17.809371 0.09292954675084542 0.06138400814513939 126 0.6772338819545483 -0.12770226378925434 0.7246008563035741
  44  206 1971 96.233381 17.809133 -0.22953931436958638 0.16837283669912811 132 0.6755635174705276 -0.127469997123302 0.7261992382922428
  45  210 1977 96.268279 17.866214 -0.30135410560998976 0.16086693890667564 508 0.6739049756928364 -0.1271945648351503 0.7277868001089566
  46  215 1977 96.315444 17.867056 -0.02893089914525097 0.06424659739786134 550 0.6705335083045936 -0.12672194563778527 0.7309763079160007
  47  209 1973 96.257376 17.832134 -0.31265901267114615 0.07167774132910662 144 0.6741970285615665 -0.12726206068421234 0.7275044567486595
  48  211 1973 96.280466 17.832662 -0.012363819889430925 0.07725627493287428 127 0.6725486603595975 -0.12703092552746215 0.7290688879716012
  49  209 1971 96.257376 17.809133 -0.30447688416549656 0.10596135770707224 132 0.6738571574101987 -0.12723208931630003 0.7278245165252788
  50  211 1971 96.281562 17.809899 0.06507862651231863 0.131337481152174 141 0.6721446237032039 -0.12699202434729734 0.7294481685349918
  51  215 1972 96.315748 17.821822 -0.07824360994629194 0.07055072428422932 526 0.6698548541371888 -0.12666101798023605 0.7316088168639411
  52  202 1965 96.199190 17.752405 0.011315691131944671 0.08600962075707287 2132 0.6771767178730578 -0.12773894448433182 0.7246478143434244
  53  213 1964 96.293747 17.753432 -0.002606612610985938 0.1008338054811813 2134 0.6704516391370547 -0.12679716787111914 0.731038355900906
  54  200 1997 96.171226 18.045074 -0.05533335184216173 0.09151927237509105 548 0.6832405174330751 -0.12833710309664223 0.7188268103698872
  55  205 1997 96.218243 18.046255 0.04567158499216635 0.0608815057246776 509 0.6799930809992857 -0.12789351022183004 0.7219782959592604
  56  200 1992 96.171657 18.000347 -0.2859505327304697 0.11231836804158357 524 0.6825875116698945 -0.12828460150540033 0.7194562877123962
  57  205 1992 96.219131 18.000955 0.01847726381264436 0.12215433277278112 546 0.6793027186333724 -0.12783562812363206 0.7226381311829218
  58  212 1995 96.289274 18.024725 0.10737999899869297 0.12506988784826348 2139 0.6746731224821206 -0.12717730023219628 0.7270777895836698
  59  202 1985 96.196346 17.933097 -0.14163447985840003 0.11932333486250757 2117 0.6799332075849691 -0.12797584904655734 0.7220200934073983
  60  212 1984 96.290518 17.934132 0.005267139342670253 0.11457908244675359 2134 0.6732954030680829 -0.12705673150938665 0.7283748260240323
  61  203 2014 96.192368 18.203661 0.1253494158016752 0.09312676461406544 2132 0.6839263429836828 -0.12829748021828788 0.7181813934812038
  62  210 2017 96.262732 18.226927 0.06582825111998748 0.10753818119478341 537 0.6793847883854705 -0.1276642263334494 0.7225912777117582
  63  215 2017 96.309596 18.228264 -0.09090550179035896 0.12814524660400997 523 0.676142764437699 -0.1272215974769664 0.7257035394938864
  64  210 2012 96.263375 18.182149 0.20057491431802962 0.10908250056576123 528 0.6786784523579866 -0.12760191520551573 0.7232657254017036
  65  214 2013 96.299112 18.193733 0.18185483017106996 0.08808299191906796 137 0.6764244938060021 -0.1272890367893945 0.7254291180346443
  66  216 2013 96.321848 18.194487 -0.20971417758504257 0.10425782826097946 136 0.6747976648575843 -0.1270632773608649 0.7269821421803064
  67  214 2011 96.299367 18.171148 0.18576896534950443 0.05765786513153722 132 0.6760436395219581 -0.127252306409609 0.7257904986808106
  68  216 2011 96.323003 18.171007 -0.10662274208152667 0.13750050289153354 128 0.6743705624331978 -0.12702219075710416 0.7273855288489031
  69  203 2004 96.193754 18.113319 0.008056924835133877 0.09116653046298488 2133 0.6826112255141881 -0.12819487131857038 0.719449782660078
  70  209 2008 96.251532 18.148288 0.25486758708114354 0.1227131082613177 142 0.679028194589054 -0.12767654498706757 0.722924208208091
  71  211 2008 96.275137 18.148794 0.6197441016488215 0.13491221030066583 136 0.6773758917748116 -0.1274498238351996 0.7245125558930331
  72  209 2006 96.252475 18.125064 0.10320073021117782 0.08214033936108474 122 0.6786400411430152 -0.12764220090396075 0.7232946585630226
  73  211 2006 96.275681 18.125909 0.4397165921094606 0.1361643774083972 139 0.6770188145540074 -0.12741910825154953 0.7248516369521879
  74  214 2008 96.299367 18.149147 0.39300804540063394 0.17520018245599114 132 0.6756879403899408 -0.1272184642219961 0.7261275849136958
  75  216 2008 96.323362 18.149147 0.1316790905019099 0.06329606261229906 132 0.6740188945927763 -0.1269899434895419 0.7277170356563428
  76  214 2006 96.299367 18.126146 0.5476142325335078 0.0828350481091597 144 0.6753492726405208 -0.12718922569818655 0.7264476999827416
  77  216 2006 96.323280 18.127056 0.27139198432739514 0.09634897448505624 133 0.6736877823619 -0.12696020309302483 0.7280287622936906
  78  210 2002 96.264662 18.091694 0.012344984130329683 0.11115204879378539 521 0.6773480723604454 -0.12749314945137977 0.7245309418600125
  79  214 2003 96.299367 18.103145 0.3899959357398929 0.06893946569788087 132 0.6750389290893475 -0.12716524373715582 0.726740287172231
  80  216 2004 96.317506 18.110003 0.3847541579178401 0.027628461897299006 35 0.6738309828621716 -0.12699214973333836 0.7278906514313157
  81  217 2004 96.329361 18.110145 0.1678254535007808 0.10260881603542005 36 0.6729959092203482 -0.12687676678152784 0.7286829161053129
  82  216 2003 96.317363 18.098145 0.3543599483867486 0.0570100403785155 36 0.6736741529191985 -0.12697967548816652 0.728037978199984
  83  217 2003 96.329361 18.098145 -0.06076484163188272 0.15320603485443768 36 0.6728212131386113 -0.12686163116963758 0.728846857500028
  84  214 2001 96.300269 18.081226 0.3184088627334501 0.03383525408359304 122 0.6747112611644843 -0.12713937908551767 0.7270490302198196
  85  216 2001 96.323362 18.081144 -0.01103465954744906 0.2570228589673252 132 0.6730397961968474 -0.1269067287354774 0.7286371627476642
  86  208 2029 96.237268 18.339797 -0.022399495288382965 0.13845051651491544 8553 0.6826890447363576 -0.1280177288175728 0.719407484882768
  87  207 2050 96.234298 18.520493 -0.00650240945481841 0.11162995595758805 8543 0.6853570392745593 -0.1282258348477665 0.7168290340062988
  88  202 2074 96.183303 18.745139 1.3119313065136704e-05 0.1429894377732722 2140 0.6918077570170925 -0.12888445934527107 0.7104863288412077
  89  210 2077 96.253758 18.769405 -0.13039684406109497 0.11799312358583265 543 0.6873822190637159 -0.12828677374029804 0.7148763449704763
  90  214 2078 96.289369 18.781173 -0.2823904967217734 0.03349977168936325 132 0.6851212760062517 -0.1279801087889327 0.7170982700564397
  91  216 2079 96.307366 18.786174 -0.25272811990645194 0.02470476826702652 36 0.6839095086458529 -0.12781349489718244 0.7182837144930658
  92  217 2079 96.319202 18.786980 -0.016895005179028356 0.1327824289856018 31 0.683091797638513 -0.12770391051710633 0.7190808767013789
  93  216 2078 96.307366 18.775173 -0.2484490305185318 0.012918361427964788 30 0.6837839823020521 -0.12780724254248005 0.7184043250850002
  94  217 2078 96.319506 18.776030 -0.07916368544101715 0.10655615741022491 35 0.6829391213042334 -0.1276935134490794 0.7192277269510897
  95  214 2076 96.289369 18.758173 -0.2846978327466382 0.027076982910383213 144 0.6848597037505597 -0.12796730593869565 0.7173503710109084
  96  216 2076 96.313215 18.758993 -0.15298279405418616 0.10470960634754567 134 0.6831972520636355 -0.12774475953262415 0.7189734287055742
  97  210 2072 96.254741 18.723600 0.05957830808279184 0.11038366774811222 527 0.6867034403860561 -0.12823606127975024 0.7155374885702429
  98  215 2072 96.302203 18.724832 -0.3348905410865943 0.15158924105008448 525 0.6835239237288572 -0.1278177400766691 0.7186498946023722
  99  202 2064 96.184751 18.654952 0.08182458937035263 0.12021887723830407 2131 0.6905198954830878 -0.12879407497307752 0.7117544240774727
 100  212 2065 96.279488 18.656743 -0.06260449993918395 0.14767312454096682 2148 0.6841402333797697 -0.12795419913688605 0.7180389014491572
 101  203 2094 96.180324 18.925889 -0.158475078140082 0.14804378531734788 2136 0.6943556620366671 -0.1290555721585825 0.7079653055711435
 102  210 2097 96.251204 18.949382 -0.29281224413916224 0.059602676803834485 547 0.6899123661812284 -0.1284624679117045 0.7124032013742307
 103  214 2098 96.286754 18.960957 -0.3594360890388489 0.0677934696915572 125 0.6876493233097117 -0.12815806062286983 0.714642511784095
 104  216 2098 96.309709 18.961400 0.15684807242359966 0.10168936471810501 128 0.6860942740106413 -0.1279547914184081 0.7161719196693507
 105  214 2096 96.287370 18.939180 -0.3647616776553067 0.03233479037544657 132 0.6873114298612092 -0.1281320571469548 0.7149721493271117
 106  216 2096 96.311021 18.938961 0.08485750181716867 0.1514370644071569 128 0.6856999544507204 -0.1279216948009185 0.716555379901331
 107  210 2092 96.251643 18.904471 -0.36326569481533577 0.07959985869825673 531 0.689279191509466 -0.12841798709723978 0.7130238542587127
 108  214 2093 96.287370 18.916179 -0.37374749696917003 0.020439635091005017 144 0.6870052386414621 -0.12811131321459276 0.7152700843077532
 109  216 2094 96.305366 18.922179 -0.1311857999405927 0.13435663199490214 36 0.685858153890802 -0.12795623527605338 0.7163977907527913
 110  217 2094 96.317363 18.922179 0.12861984906097254 0.04042049630903838 36 0.6850386421622221 -0.12784885435099907 0.7172006199005102
 111  216 2093 96.305093 18.910633 -0.1653319068930366 0.10128885007163922 33 0.6857253772306285 -0.12794858002523313 0.7165262506645788
 112  217 2093 96.317363 18.911179 0.08185804610451063 0.05066967153395745 30 0.6848919915838215 -0.12783872446380334 0.7173424707849204
 113  214 2091 96.287370 18.893178 -0.34342185227256833 0.025173658622509584 132 0.6866978004460348 -0.12809050594760363 0.715568971622348
 114  216 2091 96.311556 18.893944 -0.034459559233687445 0.13878412405467042 141 0.6850604661753212 -0.12787526949807956 0.7171750644957234
 115  203 2085 96.182028 18.835648 -0.12561924532958113 0.080970233756967 2147 0.6930566092855266 -0.12896656848139385 0.7092532414728767
 116  210 2087 96.252734 18.858954 -0.23060079566870767 0.04288509760615718 537 0.6886313938180003 -0.12837385858588013 0.7136574499576465
 117  214 2088 96.287370 18.871177 -0.22625324581608627 0.04350642854967919 132 0.6864080968205942 -0.12807110480031944 0.7158503452079598
 118  216 2088 96.311365 18.871177 0.07105942253926487 0.2027513151171718 132 0.6847678952391827 -0.12785571952990338 0.7174579044328597
 119  214 2086 96.287780 18.849021 -0.19971295105394468 0.033487585446216404 129 0.6860852632550364 -0.1280474031099715 0.7161639994450014
 120  216 2086 96.311365 18.849176 0.04762122836528403 0.19374925754709826 132 0.6844702662346506 -0.1278346567793134 0.717745606163341
 121  210 2082 96.253377 18.814175 -0.2973647923632102 0.0411727795264506 528 0.6879945805258089 -0.12832868762351834 0.7142795006857903
 122  214 2083 96.289442 18.825712 -0.403641189246074 0.08150825916515463 138 0.6856673776488333 -0.12801238526608139 0.7165703569410756
 123  216 2084 96.305991 18.832426 -0.32968588918447495 0.059843347353652855 32 0.6846146774098156 -0.12786771734868585 0.7176019720813837
 124  217 2084 96.317363 18.832175 -0.035358486593597464 0.16010860842079752 36 0.6838275789386071 -0.12776386081822644 0.7183705437667833
 125  216 2083 96.307366 18.820175 -0.3819555789232254 0.04566212883491867 36 0.6843536271913343 -0.12784323262732475 0.7178552923963576
 126  217 2083 96.318557 18.820014 -0.1313561863235889 0.12037106397769032 31 0.6835808003240122 -0.12774131023295515 0.7186093842195151
 127  214 2081 96.289369 18.803174 -0.427494448920091 0.05199925635853557 132 0.6853788542281145 -0.12799371897774087 0.7168496593283727
 128  216 2081 96.307366 18.809175 -0.38455786208311715 0.06004474650485628 30 0.6842026227526221 -0.12783240984918948 0.7180011462460083
 129  217 2081 96.319363 18.809175 -0.06940471592048804 0.14198119304158377 30 0.6833766381765681 -0.1277230651355017 0.7188067814280026
 130  216 2080 96.307366 18.798174 -0.2899891382290257 0.0678157691963144 36 0.6840580319182343 -0.1278225484048289 0.7181406582887835
 131  217 2080 96.319363 18.798174 0.006962442460159461 0.137069225608068 36 0.683228189920823 -0.12771256403617737 0.7189497489288253
 132  202 2114 96.177144 19.106412 -0.17026309072002838 0.11843371502836425 2154 0.696913089395844 -0.1292232742475522 0.7054172461894325
 133  209 2118 96.235381 19.141188 -0.300186701965603 0.13495233427803516 132 0.6935152319940954 -0.12876218044442603 0.708841959733884
 134  211 2119 96.253377 19.147189 -0.4210692544778188 0.015764559994712237 30 0.6923844949112525 -0.12861228322024046 0.7099736557164402
 135  212 2119 96.265374 19.147189 -0.036896886924902596 0.26315914350055825 30 0.6915669603767977 -0.12850681158748603 0.7107890957877838
 136  211 2118 96.253377 19.136188 -0.512417174047894 0.0539319185815595 36 0.6922441988263855 -0.1286039191697213 0.7101119638235954
 137  212 2118 96.265374 19.136188 -0.18236415357225472 0.25664456907807626 36 0.6914287999944543 -0.12849882541495763 0.7109249372509063
 138  208 2116 96.230382 19.124188 -0.04854296869598329 0.05665757209222892 32 0.6936314072698703 -0.1287920753397817 0.7087228458138564
 139  209 2116 96.241522 19.124331 -0.6031541632754462 0.20562940966001583 35 0.6928863405198576 -0.12869649446230996 0.7094686261097897
 140  208 2115 96.231220 19.112994 -0.07186337800756577 0.05270454065413211 31 0.6934259653331281 -0.12877534305867305 0.7089268944129151
 141  209 2115 96.242823 19.112965 -0.7945236155280361 0.1993227953638791 27 0.6926610223052366 -0.1286780481215305 0.7096919529702289
 142  211 2116 96.253377 19.124188 -0.7505927085876465 0.08681751225201595 36 0.6920837577736579 -0.12859351067462402 0.7102702170570494
 143  212 2116 96.265374 19.124188 -0.5022853782607449 0.20565112084670603 36 0.6912754895375322 -0.12848970039649288 0.7110756601492312
 144  211 2115 96.253734 19.113401 -0.9270788260868618 0.03923843733302545 28 0.6919194150014809 -0.12858200483483373 0.7104323973304308
 145  212 2115 96.265374 19.113187 -0.7203320254882176 0.12302020124058738 30 0.691131408591205 -0.12848074422054245 0.711217318703132
 146  213 2119 96.277372 19.147189 0.35697101354599 0.01329656996762263 30 0.6907666014478703 -0.12840430979669787 0.7115854379832353
 147  214 2119 96.289369 19.148189 0.3745480817225244 0.01001357615741522 36 0.6899699432663609 -0.1283009625378781 0.7123765439715634
 148  213 2118 96.277372 19.136188 0.3378646870454152 0.02490796037742794 36 0.6906274599673601 -0.12839617074552692 0.7117219505375101
 149  214 2118 96.289369 19.136188 0.3639050904247496 0.003751071164933989 36 0.6898161803104199 -0.12829159961403208 0.7125271242910091
 150  216 2118 96.307366 19.142188 0.34745704175697434 0.022510860641129043 144 0.6886732266389893 -0.12813877767977158 0.7136593308893096
 151  213 2116 96.277122 19.124813 0.2783639132976532 0.08965702747315464 32 0.6904934232967713 -0.12838861767827 0.7118533523378032
 152  214 2116 96.289369 19.125188 0.3638554781675339 0.008460821553118164 30 0.6896722907165452 -0.12828245121134724 0.7126680462382199
 153  213 2115 96.274658 19.116616 0.10101180630070823 0.1708491126979225 7 0.690553807995098 -0.1284033897089454 0.711792109941324
 154  213 2116 96.280371 19.117187 0.3286223312218984 0.010355453500806378 9 0.6901711295828312 -0.128353570974461 0.712172151034048
 155  213 2115 96.274372 19.111187 -0.06798965483903885 0.19064898469796557 9 0.6904996388281431 -0.12840111547813893 0.7118450690439413
 156  213 2115 96.280371 19.111187 0.3204650779565175 0.026273373366697696 9 0.6901013809790649 -0.1283500041681346 0.7122403810518099
 157  214 2115 96.289369 19.114187 0.3815849721431732 0.019479305653572514 36 0.6895300991749164 -0.12827370438969388 0.7128071962978316
 158  216 2116 96.307366 19.119188 0.40917189035451773 0.022005478068997258 132 0.6883720949887865 -0.12811950544914844 0.7139532555876573
 159  208 2114 96.231524 19.102044 -0.10762315626655306 0.029947577290559562 35 0.6932586698875317 -0.1287632432916645 0.709092690557999
 160  209 2114 96.243379 19.102187 -0.6687116018599935 0.2500072509206562 36 0.6924700920483864 -0.12866227759734414 0.7098811097232856
 161  208 2113 96.231381 19.090186 -0.10254584314922492 0.028001716112704845 36 0.6931082401760832 -0.12875388679679975 0.7092414285944736
 162  209 2113 96.243379 19.090186 -0.3752160726322068 0.2151648453989642 36 0.6923074868018376 -0.12865144725429903 0.7100416528891089
 163  211 2113 96.260731 19.096253 -0.8913626940162094 0.10841909336872563 135 0.6912205515515528 -0.12850667216049935 0.7111259975018499
 164  209 2111 96.237380 19.073186 -0.13911688135880412 0.08003715635166171 132 0.6924751724759519 -0.12868702823947126 0.7098716674634185
 165  211 2111 96.261610 19.073539 -0.7626453390454545 0.18729788509948478 136 0.6908611624659169 -0.12847973703192297 0.711480014735797
 166  213 2114 96.274372 19.105187 -0.22178713977336884 0.19026292698576297 9 0.6904234450085704 -0.1283965455106797 0.7119197944174762
 167  213 2114 96.280371 19.105187 0.2852131641573376 0.06445731881007838 9 0.6900151767757126 -0.12834378203823527 0.7123250167102823
 168  213 2114 96.274622 19.099437 -0.37046307884156704 0.14393606994145902 8 0.6903327655882078 -0.12838963469250403 0.7120089707713393
 169  213 2114 96.280371 19.099187 0.21098599251773623 0.10304515884015467 9 0.6899418682201496 -0.1283395775588725 0.7123967794066028
 170  214 2114 96.289369 19.102187 0.3990347617202335 0.025551920386017224 36 0.6893681078637058 -0.1282628673748695 0.7129658117421835
 171  213 2113 96.278816 19.090964 -0.141220235714206 0.2836118500909591 27 0.6899322760265263 -0.12834504234730157 0.7124050846265253
 172  214 2113 96.289726 19.091401 0.34510852875454084 0.05865034621695912 28 0.6892058571308105 -0.12825125754341737 0.7131247446520957
 173  216 2113 96.307366 19.097187 0.42844806814735586 0.017837824103741583 132 0.6880814251623856 -0.1281004986710815 0.7142368056791253
 174  213 2111 96.279371 19.080186 -0.20631420550247034 0.25222675607395534 36 0.6897484863978636 -0.1283303721100639 0.7125856728183276
 175  214 2111 96.291075 19.079951 0.24009989377330332 0.05914751236957024 34 0.6889549699971245 -0.12822803710827413 0.7133713057136657
 176  213 2110 96.279371 19.068185 -0.24765981920063496 0.2300591590544536 36 0.689587550648716 -0.12831975453318697 0.7127433272832845
 177  214 2110 96.291369 19.068185 0.21345279531346428 0.054926457479240264 36 0.688775853175861 -0.12821475954461958 0.7135466344372876
 178  216 2111 96.308082 19.074965 0.3459270049737194 0.024390945218584644 127 0.6877376117999867 -0.12807463234786248 0.7145725056735747
 179  203 2104 96.178804 19.015925 -0.04104408930837552 0.11913843230945904 2142 0.6956256835687804 -0.1291390712473466 0.7067022064751459
 180  210 2107 96.249117 19.039757 -0.3427189950135339 0.16728035491372567 538 0.6912420198456148 -0.12855683947443966 0.7110960617413781
 181  213 2109 96.279371 19.057185 -0.24539202700058618 0.19993436685649285 30 0.6894381606511073 -0.12830955623555704 0.7128896691751483
 182  214 2109 96.291369 19.057185 0.2361322298645973 0.055830997254776485 30 0.688630181485695 -0.1282051037374942 0.7136889550235713
 183  213 2108 96.279371 19.046184 -0.25452874869936043 0.20099526779995172 36 0.6892968528326882 -0.12830078972462838 0.7130278788595773
 184  214 2108 96.291369 19.046184 0.2764876008861595 0.04246428875549127 36 0.6884844723403238 -0.12819536782007793 0.7138312678888062
 185  216 2108 96.309557 19.051951 0.35496296823447476 0.017837713322875523 141 0.6873216070967548 -0.12803947930835 0.7149789508484714
 186  213 2106 96.279371 19.034184 -0.28482536226511 0.15898955426695655 36 0.6891374494528885 -0.12829036871823138 0.7131838171577561
 187  214 2106 96.291226 19.034327 0.2769406088760921 0.07701169812575778 35 0.6883350281556921 -0.12818618380283686 0.7139770243474
 188  213 2105 96.279371 19.023183 -0.39279979864756265 0.09769430138068332 30 0.6889901887655776 -0.12828044870009264 0.7133278672995165
 189  214 2105 96.291530 19.023377 0.21854094560107878 0.16107690571112654 31 0.6881692158833582 -0.1281738553398666 0.71413905726952
 190  216 2106 96.309365 19.029184 0.3865035612023238 0.01301711632934533 132 0.6870310622632883 -0.12802075517310035 0.7152614946509331
 191  210 2102 96.250526 18.994856 -0.35741078407422217 0.11664202306454584 526 0.6905564904667992 -0.12850691575777304 0.7117708241257167
 192  213 2104 96.279371 19.012183 -0.45835260550181073 0.07210492934714424 36 0.6888364258556666 -0.1282694363601965 0.7134783319136107
 193  214 2104 96.291369 19.012183 0.09694612729880545 0.25401254691248126 36 0.6880267132260839 -0.12816457439998646 0.7142780157306976
 194  213 2103 96.279371 19.000182 -0.4601936340332031 0.04951945544682353 36 0.6886721909268937 -0.12825813437541866 0.7136388893624627
 195  214 2103 96.291369 19.001183 -0.04546611209710439 0.26071287742081684 30 0.6878771442307425 -0.12815409257488147 0.7144239378697125
 196  216 2103 96.309365 19.007183 0.3712984149654706 0.019526809055469142 132 0.6867374908988775 -0.12800090559512678 0.7155469144373006
 197  213 2101 96.279371 18.989182 -0.4548789272705714 0.01806283685809188 30 0.6885355608294017 -0.12824998337806862 0.7137721788055811
 198  214 2101 96.291369 18.990182 -0.19377020270460182 0.1952726539647825 36 0.6877266739881602 -0.12814366993957974 0.7145706555265188
 199  213 2100 96.279665 18.978417 -0.45319464189164776 0.010125956374985385 34 0.6883656086996267 -0.12823686486125704 0.7139384393980676
 200  214 2100 96.291369 18.978182 -0.30148632182843155 0.10341999230334663 36 0.6875665401212714 -0.12813287479224242 0.714726674542891
 201  216 2101 96.309365 18.984182 0.24593357974663377 0.0795692598117999 144 0.6864252035487738 -0.12797916312764973 0.7158503850234146
 202  202 2135 96.174017 19.287309 -0.2830615784407834 0.08631382304431179 2136 0.6994146262547589 -0.12937543483038338 0.702909081918398
 203  208 2139 96.227382 19.327196 -0.20404528081417084 0.07107978007547237 30 0.6964317297449198 -0.12896745884689123 0.7059392611004677
 204  209 2139 96.239380 19.327196 0.2098667785525322 0.07773351047801463 30 0.6956362431107024 -0.12886733041110945 0.7067414155287219
 205  208 2138 96.227382 19.316196 -0.25955160500274765 0.053185386696741443 36 0.6962931707588541 -0.12895997727375924 0.7060772936556823
 206  209 2138 96.239380 19.316196 0.1427808621277412 0.12852804631240985 36 0.6954916583230227 -0.1288585659974121 0.7068852970406035
 207  211 2138 96.257376 19.322196 0.36192726861271596 0.019247822936085946 144 0.6943797174745151 -0.1287131768950577 0.7080040438116114
 208  208 2136 96.227382 19.304195 -0.2677972445057498 0.050914729363119235 36 0.6961459496660645 -0.12895234905683906 0.7062238373463872
 209  209 2136 96.239218 19.305002 0.08113316662849919 0.15862260535343892 31 0.6953635843374498 -0.1288525503290974 0.7070123802671787
 210  208 2135 96.227382 19.293195 -0.260839536289374 0.06284432277675157 30 0.6960064500118984 -0.12894454608885123 0.7063627436209917
 211  209 2135 96.239522 19.294052 0.13676669767924718 0.1775374337417747 35 0.6952043507673088 -0.1288422113726605 0.7071708387955539
 212  211 2136 96.257376 19.299195 0.40041440296353714 0.036079214049108965 132 0.6940842487511572 -0.128695966782766 0.7082968330928715
 213  215 2137 96.292944 19.310956 0.38972655906448506 0.034678154624195615 542 0.6918654055486337 -0.12840416265716575 0.7105171578627335
 214  208 2134 96.227382 19.282194 -0.2182579611738523 0.089626505076561 36 0.6958632952280202 -0.12893620763150368 0.7065052927728193
 215  209 2134 96.239380 19.282194 0.2040095343771908 0.16755271846343955 36 0.6950712223622367 -0.1288363634332139 0.7073027550498943
 216  208 2133 96.227109 19.270648 -0.1752420316139857 0.07477347732870569 33 0.6957288477051015 -0.12892901860334352 0.7066390016358497
 217  209 2133 96.239380 19.271194 0.13612761373321217 0.10768239051755009 30 0.6949305489879485 -0.12882830954419497 0.7074424349325488
 218  211 2133 96.257376 19.277194 0.42313668515646097 0.03970974906533029 132 0.693798991375884 -0.12867903002780046 0.7085793299249636
 219  209 2131 96.233733 19.254100 -0.15693077868480476 0.13833976997207623 139 0.6950805239622038 -0.12886198501388668 0.7072889466312259
 220  211 2131 96.257235 19.254348 0.2466797147628287 0.07033983153794407 142 0.6935114148557334 -0.1286623122350358 0.708863828161046
 221  215 2132 96.293368 19.266194 0.34450275767030136 0.029224056414456023 528 0.6912487587813677 -0.128363852076398 0.7111243737654666
 222  202 2125 96.175626 19.197112 -0.18336583064785955 0.11021913048236327 2152 0.6981521944730804 -0.12929758215801754 0.7041772849222792
 223  209 2128 96.235037 19.230973 -0.2714159739552997 0.08289429154402637 128 0.6946873199891915 -0.12883200013590312 0.7076806081751974
 224  211 2128 96.258140 19.231602 0.17557352235702078 0.09206071939184099 127 0.6931528804852523 -0.1286363764521675 0.709219124762054
 225  209 2126 96.235381 19.209191 -0.30118494892888 0.0662037696961362 132 0.6943661502422895 -0.12880945539225822 0.7079998401124481
 226  211 2126 96.253142 19.214486 0.08271190042004865 0.13507721174562065 34 0.6932620485829365 -0.12866503899139575 0.7091072131461735
 227  212 2126 96.265374 19.215191 0.3103087157011032 0.017236601494341374 30 0.6924510546530175 -0.12856091194590194 0.7099180437413616
 228  211 2125 96.253627 19.203566 0.046960330568253994 0.18248737811118113 32 0.6930782204267552 -0.128650612453216 0.7092895038596685
 229  212 2125 96.265374 19.204191 0.34932015505101943 0.02193402086719543 36 0.6923041647294375 -0.12855151951647578 0.7100629903947122
 230  215 2127 96.293836 19.221436 0.32541545057693383 0.03042029427848477 541 0.6906285554964148 -0.1283227167906639 0.7117341348343487
 231  209 2123 96.235304 19.186267 -0.36050112410025165 0.03801115954098402 143 0.694077283548431 -0.12879289445062747 0.7082860402415542
 232  211 2124 96.253377 19.192190 -0.12278345806731118 0.1240406673668906 36 0.6929506405952373 -0.1286443251893729 0.7094152854958943
 233  212 2124 96.265374 19.192190 0.32449518516659737 0.08386773141062466 36 0.6921495667573427 -0.128542178532246 0.7102153797094278
 234  211 2123 96.253377 19.181190 -0.3213191231091817 0.03572317087330067 30 0.6928102179619235 -0.1286361913089916 0.7095538965949441
 235  212 2123 96.265374 19.181190 0.09009029592076938 0.21122179049992862 30 0.6920049669404916 -0.12853313122128648 0.7103579097244858
 236  209 2121 96.235463 19.163280 -0.364980604639627 0.03667737465694095 133 0.6937833667879861 -0.12877636388818203 0.7085769457667002
 237  211 2121 96.253377 19.170190 -0.369313872522778 0.019090635402094325 36 0.6926716699647393 -0.12862832135489555 0.7096905752323904
 238  212 2121 96.265374 19.170190 -0.06615606115923987 0.22696592020425224 36 0.691862290627304 -0.12852449697842286 0.7104984338366858
 239  211 2120 96.253377 19.158189 -0.3940727106399006 0.010042742828796403 36 0.6925224877996801 -0.12862002327447325 0.7098376529211564
 240  212 2120 96.265374 19.158189 -0.05381052320202192 0.23579037364858035 36 0.691709646319498 -0.12851549417154784 0.7106486705443117
 241  215 2122 96.294991 19.175794 0.4188272203476924 0.063725330221707 530 0.6899495040408908 -0.12827447629999367 0.7124011093504075
 242  200 2157 96.146978 19.489430 -0.3156423732666005 0.07181364777054235 539 0.7037202698930316 -0.1297245233634366 0.6985336998168434
 243  204 2158 96.182203 19.501282 -0.42421100646492066 0.026025180044003733 127 0.701653521472206 -0.12946401556238293 0.700657836950473
 244  206 2159 96.199388 19.507204 -0.07300917357206345 0.10916223615276997 30 0.700586787408257 -0.12932588960886626 0.7017499323732445
 245  207 2159 96.211528 19.508061 0.18954767627375466 0.04439377146284454 35 0.6997840188096521 -0.12922459370045677 0.7025690936851438
 246  206 2158 96.199682 19.496438 -0.15816191123688922 0.11389147448465368 34 0.700440003652988 -0.1293179866195318 0.70189789828669
 247  207 2158 96.211385 19.496203 0.16045733789602915 0.048413810978659294 36 0.6996396622625828 -0.12921731147360274 0.7027141875646408
 248  204 2156 96.183391 19.479203 -0.35790688555800554 0.06452466169116741 132 0.7012797928899209 -0.1294369502792174 0.7010368948826338
 249  206 2156 96.200968 19.484687 -0.19494791881692025 0.14298419520118186 31 0.7002142831274845 -0.12930104130865838 0.7021261983580729
 250  207 2156 96.212385 19.485203 0.1858393301566442 0.04685571809694378 27 0.6994426089497647 -0.1292030097196825 0.7029129526939464
 251  206 2155 96.201623 19.473908 -0.2089612646137967 0.15964645416820825 34 0.7000315540033342 -0.12928790598832846 0.7023108006892889
 252  207 2155 96.213385 19.474202 0.22372953179809782 0.031322522162730744 36 0.6992352086169598 -0.1291872976943583 0.7031221552083436
 253  200 2152 96.147650 19.444587 -0.26272594215594636 0.0607541146415548 537 0.7031386616964657 -0.1296956759490346 0.6991244911085767
 254  204 2153 96.183200 19.456436 -0.32088249731571117 0.04554451383307008 141 0.700986393408034 -0.1294202324791762 0.7013333584550451
 255  206 2154 96.201388 19.462202 -0.1953387697123819 0.0812351091685291 36 0.6998848490574157 -0.12927942683416813 0.7024585595302455
 256  207 2154 96.213385 19.462202 0.15247049513790342 0.08873577819816697 36 0.699090996650338 -0.1291804921859217 0.703266790657031
 257  206 2153 96.201388 19.451201 -0.25425147712230683 0.06424936887698195 30 0.6997477872018858 -0.12927256605198556 0.7025963549381675
 258  207 2153 96.213385 19.451201 0.039893860618273415 0.1242895427053204 30 0.6989577877640253 -0.12917412599246017 0.7034003526428627
 259  204 2151 96.183591 19.433467 -0.40605748097101846 0.05362151723200313 135 0.7006648723334344 -0.12940091621757224 0.7016581358183092
 260  206 2151 96.201388 19.440201 -0.3391014552778668 0.06960190738681762 36 0.6995907645915885 -0.12926191391897968 0.7027546653763024
 261  207 2151 96.213385 19.440201 -0.05100199435320166 0.12419824566820768 36 0.6988066770478186 -0.1291646473055839 0.7035522169674472
 262  206 2150 96.201388 19.428200 -0.42442939016554093 0.042385723877845144 36 0.6994381972405774 -0.1292537870983173 0.702908007324994
 263  207 2150 96.213385 19.428200 -0.1388464986036221 0.1569454125844407 36 0.6986474666757299 -0.12915513440259674 0.7037120636773482
 264  212 2155 96.266070 19.469226 0.26178527513100464 0.04315907455751266 2141 0.6957098002927588 -0.12875210367720566 0.7066900095340983
 265  203 2144 96.172686 19.377054 -0.2727394433489788 0.10502262325497252 2136 0.7006610186696891 -0.12945096539146594 0.7016527520618522
 266  209 2148 96.231610 19.411885 0.24097365108983856 0.06909439423829757 140 0.6972400265522382 -0.12899395269003727 0.705136090086754
 267  211 2148 96.255236 19.412355 0.3202324776162564 0.01236263852798461 142 0.6956898592294565 -0.12879953880940692 0.7067009965804372
 268  208 2146 96.225383 19.395199 0.13354959885279338 0.1598365925979918 30 0.697433093595975 -0.12903276227014995 0.7049380300551836
 269  209 2146 96.237380 19.395199 0.3188640693823496 0.00935761701252256 30 0.6966474783962996 -0.1289345988581905 0.705732357244129
 270  208 2145 96.225383 19.384198 0.032514480873942375 0.22096058474878086 36 0.6972983116676891 -0.12902591962227672 0.7050726037870256
 271  209 2145 96.237380 19.384198 0.3205304990212123 0.016286835773759542 36 0.6965060124173692 -0.12892656031448707 0.7058734424186325
 272  211 2146 96.255526 19.389378 0.3242036802555198 0.01617678798519004 134 0.6953763563627803 -0.12878045323206225 0.7070129545326367
 273  215 2147 96.291171 19.401441 0.23852583809649988 0.04386877257424774 546 0.6931681663825264 -0.12849166774700377 0.709230417025017
 274  208 2144 96.225383 19.372198 -0.01798471166855759 0.1936842698023098 36 0.6971408445538986 -0.12901666278064391 0.7052299933919591
 275  209 2144 96.237380 19.372198 0.32223860422770184 0.02463485029276576 36 0.6963515912129471 -0.1289177796876704 0.7060273843808028
 276  208 2143 96.226613 19.361044 -0.01803290070249484 0.11096958685419486 26 0.6969175655326219 -0.12899861769314583 0.7054539414344082
 277  209 2143 96.237552 19.361335 0.30268547144429436 0.039700826893214025 29 0.6961974963678719 -0.12890789258354224 0.7061811391426259
 278  211 2143 96.255376 19.367198 0.3481166922684872 0.015474262540279095 132 0.6950959623656919 -0.12876439140420237 0.7072915485209886
 279  208 2141 96.227382 19.350197 -0.05300233347548379 0.12881302129725128 36 0.6967283235359957 -0.1289844012475862 0.7056434421274832
 280  209 2141 96.239086 19.349962 0.316491561339182 0.04891532698328088 34 0.6959497904986219 -0.1288867698168672 0.7064291115682436
 281  208 2140 96.227382 19.338197 -0.11412413356204827 0.11874357001782683 36 0.6965736312532359 -0.12897565282306342 0.7057977452652746
 282  209 2140 96.239380 19.338197 0.2739229388535023 0.06070727588347349 36 0.6957807481433393 -0.1288759436638485 0.7065975811293493
 283  211 2141 96.256471 19.345149 0.37009392371253363 0.006422338078511481 126 0.694738936707396 -0.12873863691158002 0.7076469269267163
 284  215 2142 96.291702 19.356565 0.29644440701003355 0.046434973788427224 531 0.6925456170649825 -0.12845142449613833 0.709845616897784
 285  200 2177 96.143400 19.670211 -0.4182531435719945 0.10078546466857606 528 0.7061734314403633 -0.12985412188376255 0.6960294474787252
 286  203 2179 96.173629 19.687917 -0.41287801195593443 0.05909030467371486 34 0.7044776333133826 -0.12963434876720842 0.6977866434526223
 287  204 2179 96.185391 19.688211 0.12104515731334686 0.14517294334800332 36 0.703728689288016 -0.1295436131522055 0.6985587907717166
 288  203 2178 96.173393 19.676211 -0.48356518728865516 0.046124491139775826 36 0.7043430831677728 -0.12962855642882565 0.6979235334561336
 289  204 2178 96.185391 19.676211 0.10522636647025745 0.16417438329091646 36 0.7035791122327653 -0.12953635414731235 0.6987107883695342
 290  206 2178 96.203159 19.682525 0.2937985816172191 0.012535667428273225 140 0.7025194480669201 -0.12940225950490017 0.6998010290952539
 291  203 2176 96.173393 19.665210 -0.5117260018984476 0.025498893546142792 30 0.704205408901274 -0.12962190135799567 0.698063682454923
 292  204 2176 96.185391 19.665210 0.09501293723781903 0.1737704720464148 30 0.7034395063154596 -0.12952940680581146 0.6988526266153666
 293  203 2175 96.173393 19.654210 -0.48068442195653915 0.025573647678004876 36 0.7040673584564051 -0.12961524738294955 0.6982041552454961
 294  204 2175 96.185391 19.654210 0.07935296619931857 0.21393806395843745 36 0.7033009441658327 -0.12952255032759266 0.6989933410928065
 295  206 2176 96.203622 19.659563 0.30638011873644944 0.01806257333289326 136 0.7022001324317526 -0.1293841116055502 0.70012479293114
 296  200 2172 96.144621 19.625117 -0.35926410236921696 0.04409304754020106 542 0.7055368088518259 -0.12981904094428523 0.696681295832957
 297  203 2174 96.173393 19.642209 -0.44791212098466027 0.015480862220668325 36 0.703917811627643 -0.12960812422231943 0.6983562476336285
 298  204 2174 96.185391 19.642209 0.04994397113720576 0.26077658217811683 36 0.7031518767642142 -0.12951538172113863 0.6991446231650437
 299  203 2173 96.173393 19.631209 -0.3903301457564036 0.03729692218581218 30 0.7037824030307454 -0.1296018014829933 0.6984938813165311
 300  204 2173 96.185391 19.631209 0.0974477988978227 0.2335081527338663 30 0.7030161126974281 -0.12950904403803262 0.6992823126607394
 301  206 2173 96.203387 19.637209 0.3414916524832899 0.011158998153975662 132 0.7019324690179247 -0.12937161797463487 0.7003954550116849
 302  203 2171 96.173848 19.620481 -0.3326712819662961 0.03400590412552911 33 0.7036171480692736 -0.1295914421324767 0.698662269676048
 303  204 2171 96.185391 19.620208 0.08246841923230225 0.21621639803899673 36 0.7028816073695185 -0.12950277992699044 0.6994186700487939
 304  203 2170 96.175393 19.608208 -0.3319779547552268 0.03881416917440493 36 0.703365381757759 -0.12957204185760599 0.6989193270425513
 305  204 2170 96.186828 19.608270 0.03061333135701716 0.18976865736982287 32 0.7026397897216854 -0.12948418330466238 0.6996650428410658
 306  206 2171 96.203643 19.615394 0.3462613111780595 0.01248987815503293 129 0.7016447632098981 -0.12935636237748813 0.7006864903596972
 307  213 2174 96.263256 19.649147 0.20763309100802702 0.05826844104630698 2155 0.6982103938369569 -0.1289049942778962 0.7041915566010835
 308  200 2167 96.145177 19.579906 -0.3504039333523991 0.09485649932653506 535 0.704941459464812 -0.12978873623825843 0.6972893392798261
 309  203 2169 96.175393 19.597207 -0.3931329687436422 0.029392154444778208 30 0.7032277072694172 -0.12956538769510367 0.6990590833685065
 310  204 2169 96.187640 19.597582 -0.099888501688838 0.20009509765590006 32 0.7024497901329695 -0.1294705247853625 0.6998583253444585
 311  203 2168 96.175393 19.586207 -0.4781857017013762 0.017357412862029426 36 0.703089417286549 -0.1295584694188479 0.6991994524465152
 312  204 2168 96.187390 19.586207 -0.34080467083387905 0.12965629061489872 36 0.7023192564552133 -0.12946477183747815 0.6999903819805426
 313  206 2168 96.205232 19.592066 0.2792524310274863 0.043838030972971294 142 0.7012491435971497 -0.12932902917214398 0.7010874701616445
 314  204 2166 96.181392 19.569206 -0.46624140215642523 0.044546760589570536 132 0.7024936808585993 -0.129501438866185 0.6998085493085406
 315  206 2166 96.199388 19.575206 0.182842917740345 0.12457452290507638 30 0.7014103612152467 -0.12936378087128395 0.7009197652931349
 316  207 2166 96.211385 19.575206 0.29141703645388284 0.006244883098153302 30 0.7006381100737055 -0.1292693441080579 0.7017091102345892
 317  206 2165 96.199388 19.564206 0.1554855882293648 0.15287576339887501 36 0.7012713259666887 -0.12935659412835993 0.7010601963686377
 318  207 2165 96.211385 19.564206 0.3020976980527242 0.0076742320682682596 36 0.7004959121402247 -0.1292614807648115 0.7018525106212294
 319  200 2162 96.145920 19.535127 -0.3988728422436129 0.04850998367658893 538 0.7043439687841859 -0.12975777716537745 0.6978986265228224
 320  204 2163 96.181309 19.547115 -0.4427726295657624 0.06993131881257432 133 0.7022440465226987 -0.12949231151149507 0.7000607404953056
 321  206 2164 96.199388 19.552205 0.138572679211696 0.14989707288924062 36 0.7011204313583652 -0.12934896869656698 0.7012125106050195
 322  207 2164 96.211385 19.552205 0.3019632067945268 0.00667351188535869 36 0.7003420782316734 -0.1292532369383895 0.7020075314404322
 323  206 2163 96.199388 19.541205 0.14542246311903 0.13318662604181614 30 0.7009889627907765 -0.12934310272289878 0.7013450191050942
 324  207 2163 96.211385 19.541205 0.2916481008132299 0.00982712891605425 30 0.7002033667723853 -0.12924607156605167 0.7021472054671724
 325  204 2161 96.181469 19.524127 -0.42771185861600863 0.07784456953363118 143 0.7019813659311929 -0.12948316844961882 0.700325832005092
 326  206 2161 96.199388 19.530205 0.12938219433029494 0.12817585584310795 36 0.7008569142805289 -0.12933710933970058 0.7014780808071096
 327  207 2161 96.211385 19.530205 0.27850692222515744 0.011859503700184404 36 0.7000653596692517 -0.12923907295411982 0.7022860914279315
 328  206 2160 96.199388 19.518204 0.03653713150156869 0.11177583571204812 36 0.7007163375436068 -0.12933137729502567 0.7016195615477421
 329  207 2160 96.211224 19.519011 0.24531018637841748 0.028250596065537568 31 0.6999371559953081 -0.12923338160850828 0.7024149135199432
 330  213 2164 96.264801 19.559012 0.2665085336376396 0.05605045590661278 2138 0.6969488641504824 -0.1288279015799027 0.7054542171777495
 331  201 2197 96.154803 19.848850 0.3813842242618777 0.15387833843697235 212 0.7076979388827902 -0.12987354916810734 0.694475693258972
 332  205 2197 96.187730 19.851491 0.421950033010152 0.025682932610064806 542 0.7056319442923318 -0.12962437066813556 0.6966211895450163
 333  201 2193 96.153398 19.817217 0.45858739135843335 0.09156716719862758 132 0.7073817878032396 -0.12986432503739492 0.6947994411100763
 334  200 2191 96.138518 19.799922 -0.37639667970292706 0.07007950058920563 17 0.7081143924655526 -0.129967878585717 0.6940333981294198
 335  200 2190 96.137201 19.788015 -0.47134604334831237 0.01663937328893541 25 0.7080467799763723 -0.1299705535053415 0.6941018747897211
 336  201 2191 96.147399 19.800216 0.03805732602874438 0.17373229585162814 36 0.7075459777060356 -0.12989933735640022 0.6946256917120026
 337  202 2191 96.159396 19.800216 0.22916686286528906 0.08974717169608765 36 0.7067871837713342 -0.12980898857899856 0.6954146269246022
 338  201 2190 96.147399 19.788215 -0.3202991057187319 0.13297193089031936 36 0.7073938741187185 -0.12989203276767428 0.6947819562156117
 339  202 2190 96.159396 19.789215 0.052725664774576825 0.0891783505332677 30 0.7066452787291511 -0.1298018929585203 0.6955601473878339
 340  205 2192 96.189473 19.806303 0.4169738400938376 0.0666780487462006 530 0.7049502104906606 -0.12958354934744523 0.6973186534631721
 341  212 2195 96.260057 19.830082 0.2599311368020605 0.09432004027828708 2152 0.7007311886397711 -0.12905359913817754 0.701655877062949
 342  200 2187 96.146767 19.759707 -0.3421431944914982 0.10693402062640997 418 0.7070774089478168 -0.12988040867608347 0.6951061913102021
 343  204 2188 96.177393 19.772215 0.17044290134476292 0.10675085186355583 144 0.7053001045005446 -0.12965703068482864 0.6969510865085974
 344  206 2188 96.201388 19.773215 0.39640254911148187 0.041186306612918756 132 0.7037725444267715 -0.1294719177361375 0.6985279008234351
 345  203 2186 96.171394 19.755214 0.07092217529813448 0.09364618774686083 30 0.7054597798491606 -0.12969107669393265 0.69678312525573
 346  204 2186 96.183391 19.755214 0.23719730228185654 0.02835536792467139 30 0.7047017893036144 -0.1296005118891725 0.6975665527176234
 347  203 2185 96.171394 19.744213 0.020417681170834437 0.11969261357748992 36 0.7053220813879968 -0.12968464857076237 0.6969237070379958
 348  204 2185 96.183391 19.744213 0.21185745298862457 0.032579378843222345 36 0.7045598814255276 -0.1295931198216423 0.6977112560225326
 349  206 2186 96.201388 19.750214 0.3203994890467988 0.026427843683382673 144 0.7034890514381837 -0.1294588640143809 0.6988158248313431
 350  200 2182 96.144259 19.714876 -0.429311089443438 0.04077415346023373 528 0.7066775847637211 -0.12987374621668363 0.6955139116050506
 351  203 2184 96.172212 19.732304 -0.04907429963350296 0.12810018590135316 33 0.7051238153964894 -0.12967175754291127 0.6971267031583499
 352  204 2184 96.183295 19.733019 0.1732750424454289 0.03938125851080322 31 0.7044272143079536 -0.12958740411375616 0.6978462613193499
 353  203 2183 96.173393 19.721213 -0.14339399263262748 0.15089604504464868 30 0.7049092013798784 -0.12965606984541245 0.6973466292757308
 354  204 2183 96.185239 19.721819 0.15078379213809967 0.05079133751606708 33 0.7041628436024818 -0.12956565397588235 0.6981170611004064
 355  206 2183 96.201731 19.727432 0.29286161880008876 0.016544428959027895 128 0.7031799958159504 -0.12944203125978995 0.6991299264282853
 356  203 2181 96.173393 19.710212 -0.24104517242974705 0.12906098536056093 36 0.7047724432469412 -0.1296496420092276 0.697486038259273
 357  204 2181 96.185391 19.710212 0.14787187344498104 0.08473301431299521 36 0.7040053253551121 -0.12955712101432132 0.6982774908774614
 358  203 2180 96.173143 19.698837 -0.34837275044992566 0.08178417046250275 32 0.7046441713783127 -0.12964446826952256 0.6976165878114451
 359  204 2180 96.185391 19.699212 0.14895597621798515 0.12047552402004764 30 0.7038671444271688 -0.12955039188222456 0.6984180259408438
 360  206 2181 96.203303 19.705136 0.3115746372073661 0.009504752558508198 131 0.702795905822471 -0.12941547728573027 0.699520942501423
 361  213 2184 96.261722 19.739736 0.24175019616079088 0.08110215685252696 2159 0.6994647146053943 -0.12897884710483826 0.7029321233387339
 362  210 2209 96.236051 19.960885 0.18756384387469063 0.0911410044210623 6240 0.7039387156584764 -0.12932336588678037 0.6983879664146629
 363  212 2229 96.251999 20.140429 0.1400139256864488 0.038347901402311015 4497 0.7051568583703491 -0.12930519180990155 0.6971613675930874
 364  214 2248 96.267382 20.317491 0.1295269049558504 0.029213043249515975 2815 0.7064314011614247 -0.12929717875392163 0.6958713351039707
 365  216 2267 96.281337 20.487971 0.10521185308148918 0.08393442054703983 1201 0.7077568136158826 -0.1293017884985643 0.6945223828440416
 366  227 1891 96.439977 17.090873 -0.05132608198914333 0.12491118999847449 6883 0.6496559137362004 -0.12426280899090815 0.7500039653556985
 367  227 1909 96.440470 17.256626 0.010834748805096276 0.10090909527541149 8005 0.6521675602922115 -0.12451987584618912 0.7477782250251437
 368  227 1930 96.438235 17.440183 -0.016866746642159886 0.0984776403228389 8397 0.655129457502062 -0.1248257709278635 0.7451334919498107
 369  222 1955 96.388707 17.664862 -0.12130088722206572 0.14127994322843146 2131 0.6622314814022088 -0.1256949203082649 0.7386814279840362
 370  230 1957 96.459334 17.688128 -0.15389756261455742 0.17323423972813953 528 0.6573176443714825 -0.1249698569660675 0.7431796883983078
 371  235 1957 96.506469 17.688961 0.09061678344649927 0.033289481321008334 525 0.6537471094354813 -0.12444953089551679 0.7464094259618099
 372  230 1952 96.459976 17.643350 -0.029715927208477225 0.10363802474906936 537 0.6565941452442943 -0.12489698422636474 0.7438312118767764
 373  235 1952 96.507089 17.643450 0.06774539561421775 0.042061151008017876 544 0.653007676542792 -0.1243735834096804 0.7470690638261095
 374  220 1947 96.366596 17.596744 -0.29743076977499117 0.13075177958943543 520 0.6628500638205496 -0.125833958429335 0.7381027081640452
 375  225 1947 96.413344 17.597125 -0.15384214913364555 0.07157968542224613 552 0.659393924333616 -0.12533588276804583 0.7412763108603081
 376  220 1942 96.367238 17.551243 -0.0047226033473763964 0.11190572797466102 549 0.6621235313347991 -0.12576281312767681 0.738766637096552
 377  225 1942 96.414343 17.552123 -0.1163832489980878 0.14125089827930348 506 0.6586396167900154 -0.12525899875314067 0.741959593526536
 378  232 1944 96.484476 17.575298 0.004304497546831772 0.09491218308892896 2123 0.6536925224075287 -0.12452150279933301 0.7464452300665322
 379  222 1974 96.386349 17.845136 -0.0781934755420572 0.11261115394744571 2115 0.6650648553587785 -0.1259660352296367 0.7360851147354721
 380  230 1977 96.457083 17.868689 0.11767697326658602 0.06661748017960455 537 0.6601786793526868 -0.12525126389087565 0.740591812148825
 381  235 1977 96.503879 17.869377 0.07715017918725403 0.014373591735172242 539 0.6566650617763634 -0.12474449713320583 0.743794196721935
 382  230 1972 96.457116 17.823417 -0.23840766162227053 0.14155433061775996 545 0.6595066341920888 -0.12518789578327943 0.7412010457399376
 383  235 1972 96.504559 17.823968 0.04258797050193098 0.065180799025476 511 0.6559287975311349 -0.12467047014334379 0.7444559667593492
 384  223 1965 96.387924 17.755243 -0.0981938747198912 0.09869531078213849 2124 0.6636271001646448 -0.12582808683028227 0.73740515626872
 385  230 1967 96.458319 17.778607 -0.2283702857511902 0.11853914170553245 518 0.6587476954112516 -0.12511116473257197 0.7418885834474231
 386  235 1967 96.505324 17.779132 -0.03973711889230417 0.07816114029514074 552 0.6551960095376397 -0.12459625329477618 0.7451133891904352
 387  230 1962 96.458779 17.732889 -0.0388960758542058 0.12388980734034843 539 0.6580253545271353 -0.12503977240407135 0.7425413713164917
 388  235 1962 96.505582 17.734178 0.11147474188243625 0.07957794212479025 523 0.6544960684545269 -0.12452644401440642 0.7457399420164473
 389  227 1989 96.431587 17.981258 -0.02801245790105195 0.1134433898876584 8522 0.6637282602255364 -0.12567355325744034 0.7373404604317003
 390  222 2015 96.380880 18.206416 -0.05907077015743675 0.09247817830561444 2142 0.6707297898558611 -0.12648999720683662 0.7308363904503707
 391  233 2014 96.475871 18.207509 0.11348724302914423 0.10789383353927913 2143 0.6637580715066466 -0.12550970295234204 0.7373415334664067
 392  222 2004 96.382367 18.116084 -0.13179156222990632 0.11409312192628479 2127 0.6692975171944023 -0.1263582501407284 0.7321710360966089
 393  232 2004 96.476646 18.116944 0.05465673027099047 0.0835244349630255 2129 0.66238342390045 -0.1253828100930724 0.7385982335986738
 394  220 2037 96.354401 18.409117 -0.17567799520098937 0.1019832364118312 530 0.6755118974629666 -0.12699237489838328 0.726330925338892
 395  224 2038 96.389349 18.421158 0.10519688040243858 0.15518987278746849 132 0.6731338387392765 -0.12665406890659966 0.728594250576772
 396  226 2038 96.413344 18.421158 0.24248754165389322 0.019003417855464805 132 0.6713756788127618 -0.1264101048345636 0.7302569296449146
 397  224 2036 96.389175 18.398636 -0.17383609982072443 0.15490259217035043 138 0.6728620720539051 -0.12663594273719753 0.72884838615338
 398  226 2036 96.413344 18.399158 0.1663559593373176 0.02704015169961745 132 0.6710610725529892 -0.126383609363086 0.730550628080211
 399  220 2032 96.355356 18.364156 -0.0495671545522231 0.13833744633306821 528 0.6748308888698962 -0.12693549318149117 0.7269736253797916
 400  224 2033 96.390586 18.375633 -0.17662205476136433 0.1678104153669469 126 0.6724583975980737 -0.12659947124296758 0.7292271781693493
 401  226 2033 96.413344 18.376157 0.16097030695527792 0.010068968513910164 144 0.6707390411108213 -0.12635712396217086 0.7308508848963271
 402  224 2031 96.391348 18.353156 -0.07352836043432806 0.06805476834915716 132 0.6721037084682651 -0.12656892925422927 0.7295593952589764
 403  226 2031 96.414343 18.353156 0.20887089982505672 0.07457567290984583 121 0.6703440501549133 -0.12632041814606104 0.7312195336431538
 404  232 2034 96.472717 18.388084 0.0954058821879862 0.0460992117239576 2146 0.6666038577514916 -0.1257733186572436 0.734724689352939
 405  220 2027 96.355481 18.319264 -0.12767370387857513 0.10600845113954635 549 0.6741584637298355 -0.12687687053485378 0.7276074666361733
 406  224 2028 96.391348 18.331155 -0.12413194809447635 0.07705959615080259 132 0.6718140178595673 -0.12654704415242382 0.729829960349443
 407  226 2028 96.415259 18.331078 0.3105739853878058 0.15407491917534472 131 0.6699776231494673 -0.12628728064692302 0.7315610071797126
 408  224 2026 96.391348 18.308154 -0.13781309337355196 0.06083432890061881 144 0.6714889993613429 -0.12652002915775185 0.7301336904695085
 409  226 2026 96.409344 18.314154 0.14446878992021084 0.10915453021318643 36 0.6701933244403547 -0.12633177290322198 0.7313557212675061
 410  227 2026 96.421342 18.314154 0.48741543375783497 0.059614558387434534 36 0.6692786035781692 -0.12620237590117228 0.7322152081931617
 411  226 2025 96.409202 18.302296 0.03390821207846914 0.10573866752597676 35 0.6700510065217709 -0.12632196987104624 0.7314878048108938
 412  227 2025 96.421342 18.303153 0.6224520961443584 0.16628227909522722 30 0.6691244467128982 -0.12618959545765177 0.732358287185577
 413  220 2022 96.356158 18.273711 0.011503488164712755 0.1092397187160463 516 0.6734479134956689 -0.1268137843129529 0.7282761645945568
 414  224 2023 96.391348 18.285153 -0.22002730439558174 0.04307824080065583 132 0.6711667497874654 -0.12649340023342667 0.7304345375713802
 415  226 2024 96.409506 18.291347 -0.07874063810994548 0.0754014429341466 31 0.6698866377458128 -0.1263081353784586 0.7316407229691546
 416  227 2024 96.421342 18.292153 0.49567407100564903 0.2178355448097331 36 0.6689737805782592 -0.12617724036115116 0.7324980443070653
 417  226 2023 96.409344 18.280153 -0.11627222131937742 0.06682485911730651 36 0.6697782097522248 -0.1263037408621952 0.7317407428764099
 418  227 2023 96.421342 18.280153 0.271202106649677 0.12272419921354419 36 0.6688191505254655 -0.12616579355279486 0.7326412057942062
 419  224 2021 96.391432 18.263228 -0.25867356507832767 0.046325285808727745 131 0.670807684921211 -0.12645862002795805 0.7307703245694025
 420  226 2021 96.409344 18.269152 -0.09610544207195441 0.09068288928690706 30 0.6696106378586278 -0.1262883586176748 0.7318967441820022
 421  227 2021 96.421342 18.269152 0.22730832745631535 0.05872212727981557 30 0.6686819306523266 -0.1261560611655573 0.7327681242045598
 422  226 2020 96.409344 18.258152 -0.07014282854894797 0.0614793696714183 36 0.6694245779341073 -0.1262695493726631 0.7320701710621509
 423  227 2020 96.421342 18.258152 0.15873506106436253 0.06630393023026666 36 0.6685268967517948 -0.12614298794680084 0.7329118193284022
 424  229 2028 96.438240 18.331237 0.3658866718655727 0.07418830530817035 122 0.668293042652097 -0.12605200190598592 0.7331407108859088
 425  231 2028 96.461334 18.331155 0.19476311857050116 0.0299536318645196 132 0.6666107334530254 -0.12581742731230516 0.7347108989457909
 426  229 2026 96.439169 18.309015 0.5846709333933316 0.1910018448924518 130 0.6679080234700818 -0.12601530852844875 0.7334977942712361
 427  231 2026 96.462138 18.309300 0.2375058442111907 0.05014228153272443 123 0.6662362820771223 -0.1257815717943507 0.7350566050590904
 428  235 2027 96.497406 18.321075 0.12364168965003708 0.031198285921424665 550 0.663824028216251 -0.125434608177924 0.7372949332756876
 429  230 2022 96.451210 18.275043 0.3873485907070841 0.18240554914638357 549 0.6665438567604149 -0.12585058216448022 0.7347658933182819
 430  235 2022 96.497939 18.275689 0.1559000405486516 0.025907170512105993 522 0.6631233551395447 -0.12536968760154427 0.7379362149259003
 431  227 2049 96.423573 18.523042 0.1306080658887544 0.11835257538079158 8551 0.6721038572376022 -0.12643102492788316 0.7295831693659207
 432  220 2077 96.349158 18.770105 0.40630416603375025 0.0625357721213353 524 0.6807852991330341 -0.12741071945933302 0.72131677164142
 433  225 2077 96.395990 18.771397 0.34234344210038636 0.07291226981442951 537 0.677520796552931 -0.1269719839121269 0.7244609620536502
 434  218 2074 96.331361 18.742172 0.2173601287520594 0.08049912300437209 36 0.6816924641031442 -0.1275572541010774 0.7204335717546599
 435  219 2074 96.343358 18.742172 0.3925357676214642 0.042082331714459076 36 0.6808153298509738 -0.12743793294752745 0.7212836195880031
 436  218 2073 96.331361 18.730171 -0.014754927096267542 0.1286713504982044 36 0.6815324022569333 -0.12754589244829473 0.7205870037639185
 437  219 2073 96.343215 18.730314 0.2241828113794327 0.10254293892471547 35 0.6806677797978764 -0.12742805590645806 0.7214246073658218
 438  221 2073 96.361354 18.737172 0.426268185404214 0.01976609724777353 132 0.6794834563727398 -0.12726331847538036 0.7225692217956623
 439  219 2071 96.337442 18.713261 -0.3005372874046627 0.1082369141669945 133 0.6808811343972134 -0.12747281014220324 0.7212153378127877
 440  221 2071 96.361354 18.714171 0.3492258780428933 0.17533723856218242 144 0.6791666823723933 -0.12723937540769678 0.7228711910853385
 441  225 2072 96.396950 18.725733 0.3463750931727235 0.06157344609730852 531 0.6768196959403228 -0.1269138904088196 0.7251261708203252
 442  233 2075 96.467770 18.749444 0.17062582069340704 0.035111746728854684 2144 0.672129095587095 -0.12625944655122803 0.7295896319314382
 443  219 2068 96.337792 18.691406 -0.31405764208065245 0.0899101614093618 127 0.6805726327300023 -0.12745009528738 0.7215104744840446
 444  221 2069 96.355356 18.697170 0.33803199616571267 0.2194154948838212 30 0.6793579682256411 -0.12727910610899668 0.7226844263967666
 445  222 2069 96.367353 18.697170 0.467190291484197 0.011327853821832564 30 0.678510290849548 -0.12716487381340522 0.7235004354382122
 446  221 2068 96.355356 18.686169 0.3103716106464465 0.20461473624482726 36 0.6792050155505333 -0.12726743533848506 0.7228302337017761
 447  222 2068 96.367353 18.686169 0.4680125837524732 0.007051081498491217 36 0.6783625307248096 -0.1271539490919679 0.723640898608522
 448  219 2066 96.338926 18.668933 -0.3966322119428417 0.12294344618089112 127 0.6801936266579385 -0.1274180205483124 0.7218734503314767
 449  221 2066 96.355498 18.674312 0.27255823175821986 0.16428413124051103 35 0.6790331151201418 -0.12725387466119414 0.7229941078279609
 450  222 2066 96.367353 18.674169 0.4476751941773627 0.00988696349634255 36 0.6781911640581435 -0.12714033429467592 0.7238038963620591
 451  221 2065 96.356586 18.663015 0.23221045990402883 0.11878875304838732 26 0.6788051942640926 -0.1272326208565433 0.723211842014539
 452  222 2065 96.367525 18.663306 0.4129946457928625 0.014174099472591637 29 0.6780379641781575 -0.12712868189559315 0.7239494577473131
 453  225 2067 96.397565 18.680887 0.3494981163685475 0.05659385951989965 545 0.6761525908282698 -0.12685934339943783 0.7257577976904428
 454  219 2063 96.339359 18.646168 -0.27680533537123764 0.2242589534443373 144 0.67987174406284 -0.12739434472038016 0.7221807893860215
 455  221 2063 96.362795 18.646256 0.3281977221588878 0.08161257373220032 136 0.6781388578721851 -0.12715623775447918 0.7238501092380485
 456  219 2061 96.339359 18.623167 0.09046546533478028 0.14999198401568356 132 0.6795642027368746 -0.12737197352733176 0.7224741342901826
 457  221 2061 96.363589 18.623520 0.36343517176368656 0.03764102549085768 136 0.6777745807162506 -0.1271255996052041 0.7241965890971374
 458  225 2062 96.397971 18.635562 0.31825096882611115 0.04634872065137066 527 0.6754931792148371 -0.12680592019835144 0.7263809079518
 459  232 2064 96.468848 18.658934 0.18812746102978292 0.033484530423985866 2138 0.6707656241503712 -0.12614271568651844 0.7308635253844544
 460  227 2090 96.418066 18.884278 0.2268055730881893 0.09185610391954595 8574 0.677528834216449 -0.12688178262203004 0.724469248515046
 461  228 2110 96.415420 19.064868 0.20155805127449225 0.08200581302730278 8572 0.680216210449247 -0.12709575636253953 0.7219089802438392
 462  228 2130 96.412629 19.245359 0.12679681355172934 0.10991646775647876 8583 0.6829310167011351 -0.12730964139096615 0.7193034697792424
 463  227 2149 96.409612 19.425876 0.12351131905368769 0.06584932700373632 8594 0.6856744932599185 -0.1275230806216215 0.7166507888794412
 464  228 2170 96.406863 19.606556 0.09084388260204904 0.08504903489405817 8612 0.688309495538477 -0.12771233002283008 0.7140865487542157
 465  227 2190 96.403911 19.787083 0.13023254286487446 0.10830075530668885 8608 0.6908907727417074 -0.1278863565889397 0.7115581634264152
 466  227 2209 96.400913 19.967510 0.09235253609211651 0.09789249989737274 8612 0.6936614762616414 -0.12809023893417273 0.7088206028610532
 467  228 2229 96.398072 20.148064 0.0617632186488282 0.08138542268426249 8648 0.696093973175224 -0.12822776858744533 0.7064069789237752
 468  227 2250 96.394907 20.328781 0.01179436313072684 0.1168677006070338 8641 0.6986680413663561 -0.12838475676740077 0.703832595297401
 469  228 2270 96.392079 20.509227 -0.011887315048161587 0.0978421611765514 8648 0.7011543105644458 -0.12852270995105997 0.7013305538786488
 470  228 2289 96.394920 20.686693 0.036432136030089976 0.05994683895865962 8076 0.7030927806304292 -0.1285854424174301 0.6993756685957017
 471  230 2309 96.411581 20.866225 0.04057055952361202 0.0497317256028372 6323 0.7041855709774714 -0.12854611900616575 0.6982825910156899
 472  232 2329 96.426578 21.047447 0.032096413199138314 0.05873933422782423 4673 0.7056857414261359 -0.12856843974460244 0.6967623631120465
 473  234 2348 96.439065 21.223105 0.003579778747878017 0.054428431216740854 3217 0.7072767105755761 -0.12860378151655558 0.6951407929743693
 474  236 2367 96.456728 21.391505 0.037214191754261335 0.08501053031980432 1249 0.7079090469515931 -0.1284993355878445 0.6945161639570167
 475  248 1890 96.635916 17.088892 0.05699837899937104 0.058455905522418874 6975 0.6341818506588216 -0.12192726157147865 0.7635097400692623
 476  248 1909 96.630797 17.258315 0.08249899736214576 0.08205262520481155 8084 0.6373216985113027 -0.12229639165705489 0.7608315485009362
 477  248 1930 96.630728 17.446023 0.10454733198949669 0.12191951911856024 7829 0.6403184839593699 -0.12262571740654415 0.7582579854709771
 478  247 1950 96.625115 17.622593 0.08047535224945189 0.07542904094551155 8510 0.6435434742514252 -0.12299060950380461 0.7554635045601393
 479  247 1970 96.621619 17.803208 0.06578895009518182 0.052918610651230366 8383 0.6466365175213931 -0.12332688820244703 0.7527627068699048
 480  248 1990 96.620669 17.984287 0.06348035284575414 0.020724499482870716 8449 0.6495074155068619 -0.12362400391314445 0.7502381107742259
 481  248 2009 96.618005 18.164256 0.07883707690159028 0.028543370635722903 8539 0.6524595491236549 -0.12392765192468429 0.7476218789239593
 482  248 2030 96.615445 18.344946 0.06345586177823019 0.029853272333028123 8546 0.6553813179308086 -0.1242201731851444 0.7450132057092205
 483  247 2050 96.612929 18.525556 0.07684905293653584 0.05303329347251173 8550 0.6582748871085937 -0.12450285162873248 0.7424104073479048
 484  248 2070 96.610460 18.706170 0.11146874570427773 0.0793917259212404 8561 0.6611503824155612 -0.12477751879422974 0.7398045300181074
 485  247 2090 96.607838 18.886791 0.0843500135119493 0.08876339648068847 8568 0.664029593470299 -0.1250475357480925 0.7371755644342798
 486  247 2109 96.605259 19.067320 0.07971360415496627 0.08832057786204044 8573 0.6670319772047333 -0.12533599423592032 0.7344108046149903
 487  248 2129 96.602771 19.247912 0.051615067234867806 0.11142966536016907 8590 0.6699437160411683 -0.12560279025256077 0.7317098854175209
 488  247 2150 96.599992 19.428601 0.04815178270279225 0.1350506514024662 8606 0.6726994292057025 -0.1258345081993812 0.7291372672498245
 489  243 2174 96.549246 19.653211 -0.006134527834672636 0.11915487276327645 2158 0.6793578537191084 -0.12653468919142888 0.7228152454267931
 490  252 2175 96.644283 19.655095 -0.027086980473928424 0.095200367315869 2142 0.6727288574953056 -0.12566579891775728 0.7291392125482092
 491  239 2168 96.513579 19.597393 -0.19883190846258356 0.05187439583689617 129 0.681072005252306 -0.1268021574364202 0.721153337738287
 492  241 2168 96.537318 19.597207 0.0023885096395106025 0.09199769506907879 132 0.6793570513451036 -0.12657590769997185 0.7228087827203088
 493  239 2166 96.515167 19.574066 0.11768130163176799 0.15845940306545184 142 0.6806145225173565 -0.12675989888948921 0.7215925441493956
 494  241 2166 96.538197 19.574530 0.28863478558404104 0.05378538291016774 133 0.6789951762976834 -0.1265473476246024 0.7231537314939721
 495  244 2168 96.561313 19.597207 0.0032693966658729496 0.13119135111508665 132 0.6776718042852928 -0.12635542959017573 0.72442751955582
 496  246 2168 96.585308 19.597207 -0.24186196296729826 0.05572923464278536 132 0.6760396749732275 -0.12614424577724864 0.725987594328844
 497  244 2166 96.561569 19.575393 0.09842609244492627 0.16426351827791377 129 0.6773564913456994 -0.12633148455853307 0.7247265274854237
 498  246 2166 96.585308 19.575207 -0.2240271886641329 0.048362085815044434 132 0.6757220934020235 -0.1261189715460986 0.7262875859496302
 499  240 2162 96.527498 19.540421 0.18938588120364785 0.07492413612474252 533 0.679303426025694 -0.1266162915598033 0.7228521080424385
 500  244 2163 96.563078 19.552014 0.10053309803524761 0.12834758343368025 141 0.6769324881844051 -0.12629452592488705 0.7251290224242015
 501  246 2163 96.585987 19.552793 -0.1705420368727837 0.036944700659839826 131 0.6753955775207942 -0.1260953086993791 0.7265953392290383
 502  244 2161 96.563312 19.529205 -0.02102518945255063 0.12436079740820785 132 0.6766108118106934 -0.1262707532604699 0.7254333230641588
 503  246 2161 96.587559 19.529809 -0.25518033728539513 0.07506969997393563 139 0.6749812584815383 -0.12605938645489062 0.7269864729039291
 504  252 2165 96.645452 19.565021 -0.06867177161143287 0.13125246963614703 2157 0.6713959037546294 -0.12555872332637288 0.7303852048187693
 505  240 2197 96.521825 19.856608 0.22324826312429122 0.08281582147755276 524 0.6838531200085874 -0.12694130064588957 0.7184920434109555
 506  244 2198 96.557314 19.868219 0.19997217092249128 0.08986042233630297 144 0.6816222246141649 -0.1266496142377526 0.7206601266376996
 507  246 2198 96.581053 19.868781 -0.041470973405742295 0.08928925250755015 137 0.6800578430237315 -0.12645209154704432 0.7221711699350006
 508  244 2196 96.557314 19.845218 0.2207666780573852 0.1078667607740969 132 0.6812952801885268 -0.1266252781009494 0.7209734947546227
 509  246 2196 96.581560 19.845822 -0.031205977708530085 0.11406220197226347 139 0.6796572257262247 -0.1264157988146075 0.7225545663326725
 510  240 2192 96.523279 19.811177 0.09222497635549728 0.08295883919624453 551 0.6832781918851849 -0.1269125595478055 0.7190438892885032
 511  245 2192 96.570619 19.811765 -0.0938846724870659 0.11666725820917842 525 0.6799126140643175 -0.1264736240596457 0.7223041323801532
 512  252 2194 96.641580 19.835425 -0.031770563556558315 0.11706472625887833 2149 0.6753934676582924 -0.12587458686670652 0.7266355704379212
 513  240 2187 96.523321 19.766215 0.23036732270636343 0.12962539869232956 528 0.6827636079183664 -0.12688835552174357 0.7195367960954345
 514  245 2187 96.571508 19.766973 -0.08045697066209692 0.09655364571269869 546 0.6792835907171962 -0.12643036171914634 0.7229032902248533
 515  240 2182 96.523922 19.721379 0.24979779484417167 0.1399495063163565 542 0.6821071658171182 -0.1268397035090428 0.7201676915515417
 516  245 2182 96.571176 19.721574 0.06520053640721472 0.1202160024704957 543 0.6788505716900372 -0.12641935749346198 0.7233118603804656
 517  250 2187 96.619301 19.767215 -0.13866218453462142 0.11309220741243439 552 0.6759489981424979 -0.1259967431036933 0.7260976329925718
 518  255 2187 96.666938 19.767970 -0.1546596471948185 0.11428988200291341 522 0.6726933941183922 -0.12557463747203781 0.7291876356146226
 519  250 2182 96.619301 19.722213 0.11294406635517423 0.12434504311576576 528 0.6754241695519824 -0.12596846552552346 0.7265907630008518
 520  255 2182 96.667332 19.723173 -0.10330641828139335 0.10997473148068979 551 0.67205989921938 -0.12552647945424786 0.7297798262606736
 521  248 2210 96.591971 19.970303 0.02893411224980517 0.11304013165487489 8645 0.6806865442470689 -0.1264507517116258 0.7215788493799884
 522  248 2230 96.589240 20.150960 0.00220077270749965 0.14338719110544096 8620 0.6834395837671854 -0.12666293923089048 0.718934513822732
 523  247 2249 96.586334 20.331362 -0.04579678011048811 0.09208257300065663 8644 0.6862206009593764 -0.1268749924999336 0.7162429916565285
 524  248 2269 96.583688 20.511913 -0.019214000110369178 0.04420838472175922 8654 0.6889112501152811 -0.127066329182988 0.7136213543978076
 525  247 2290 96.580501 20.692562 -0.01418308406651942 0.05071382155369865 8662 0.6914108416742278 -0.12721560174022103 0.7111731425533513
 526  248 2310 96.578017 20.873139 -0.00816895344272899 0.05806948660661857 8666 0.6939448693851843 -0.12736934450168805 0.7086731040015487
 527  247 2329 96.574770 21.053550 -0.02419817895830488 0.060985480658167224 8678 0.6965636407546505 -0.1275307561600271 0.7060701102665924
 528  248 2349 96.572097 21.234127 0.019808052575279927 0.04866273186169131 8700 0.698970722692091 -0.12765106204338666 0.7036654994942495
 529  247 2370 96.569006 21.414784 0.055840194895487416 0.0645031160492407 8716 0.7011496950278023 -0.12772356135507748 0.7014811451758313
 530  248 2389 96.571812 21.592427 0.10108624757123658 0.08857765367705207 8156 0.7031938584970149 -0.12779825755918228 0.6994183317135154
 531  250 2409 96.587294 21.772796 0.09637372603020604 0.07349383449203341 6514 0.7043491689717956 -0.1277604792709766 0.6982617762023002
 532  252 2427 96.599191 21.931055 -0.002127072056709498 0.041182141884467074 3853 0.7057120387776323 -0.12778083329767628 0.6968806045271091
 533  261 1894 96.761109 17.122134 0.032436516694997274 0.07295363591493952 1366 0.624519652529822 -0.12042209752289935 0.7716694383168323
 534  262 1885 96.770435 17.040274 -0.018606174315143054 0.1376441549215851 1752 0.6223764616906187 -0.12013845401807756 0.7734431406377666
 535  268 1889 96.825258 17.077102 -0.05715830052892367 0.00026204635226216415 30 0.6184128424360633 -0.11949921365076972 0.7767145513295064
 536  269 1889 96.837255 17.077102 -0.06016278391083082 0.007343303990442051 30 0.6174005766662031 -0.11934085477458843 0.7775437533116131
 537  268 1888 96.825258 17.066102 -0.44149544265949064 0.2928675628624557 36 0.618226106103926 -0.11947638582072974 0.7768667034715758
 538  269 1888 96.837255 17.066102 -0.4457653866459926 0.2880648938908365 36 0.6172140063353386 -0.11931796737412136 0.7776953729097201
 539  270 1888 96.846254 17.071102 -0.7169786348487391 0.0005549158919728187 33 0.616537430972894 -0.11920910444857653 0.7782485371819933
 540  269 1886 96.831735 17.052275 -0.7577210807281992 0.11381824422800194 92 0.6174460141346856 -0.11936231234167587 0.7775043781366364
 541  270 1886 96.846254 17.052101 -0.7592533951004347 0.11602577024422976 24 0.616215115298692 -0.11916952722961169 0.7785098300325376
 542  264 1911 96.789258 17.280453 0.0008857331458393616 0.0703551427106978 4790 0.6248213228009072 -0.12037281107542074 0.7714328881549747
 543  267 1930 96.814531 17.445289 0.06908304659091972 0.1644605623163404 8358 0.6254686411118547 -0.12037245974125942 0.7709081981153973
 544  268 1949 96.815635 17.621632 0.021156867712514446 0.07382771320431207 8083 0.6282891292334006 -0.12069664384661397 0.7685604011730626
 545  268 1970 96.812367 17.805657 0.03522822811992098 0.06489670565952564 8142 0.6315651426049254 -0.12107987045191365 0.7658101172077633
 546  268 1990 96.809323 17.989051 0.050733187351109425 0.060533293920780294 7873 0.634777638563955 -0.12144736474928566 0.7630910084482866
 547  268 2010 96.807048 18.166793 0.05657405598499845 0.09192120886302688 8539 0.6378197582361168 -0.12178760437447307 0.7604957169007255
 548  267 2030 96.804543 18.347374 0.020117582602971217 0.09733689300852263 8537 0.6410118091847928 -0.12214706504659921 0.7577492692085823
 549  267 2050 96.802166 18.527847 -0.007630706583070713 0.11494377793697184 8545 0.6440170035833215 -0.1224667948217379 0.7551450081021858
 550  268 2069 96.800050 18.708450 0.06702496337162873 0.10885596728168973 8567 0.6471979556474177 -0.12281567899019409 0.7523636854606826
 551  267 2090 96.797574 18.889097 0.06433617112359023 0.13061640463105384 8571 0.6500941253190208 -0.1231047255978179 0.7498152137434818
 552  267 2109 96.795109 19.069655 0.016741663342213203 0.12877755936493723 8576 0.6530041295524401 -0.12339174786551875 0.7472349585947864
 553  268 2129 96.792984 19.250288 0.04969052477778218 0.10001446777951759 8595 0.6560572482449538 -0.12370199402942789 0.7445043342374861
 554  268 2150 96.790500 19.430994 0.014263729184391304 0.1088583833973321 8602 0.6590315097275172 -0.12399113229131464 0.7418245535835188
 555  267 2170 96.787829 19.611586 -0.0476818110776949 0.0878283806732344 8607 0.6619405925506838 -0.12426272159640746 0.7391842990453079
 556  267 2190 96.785404 19.792220 -0.036841895849619 0.12360359056444938 8620 0.6648074847754701 -0.1245224375237821 0.7365630799460755
 557  268 2210 96.783082 19.972800 -0.01717058564741037 0.06581163566975347 8619 0.6675768423205798 -0.12475969470991066 0.7340137452208736
 558  267 2229 96.780342 20.153308 -0.0011415811651647747 0.05971969677509761 8639 0.6704218952019739 -0.12500464016166335 0.7313742696949672
 559  268 2249 96.777913 20.333478 -0.029436429637635864 0.02987751322601839 8600 0.6731092911956134 -0.12521734507906707 0.7288652129149044
 560  268 2270 96.775458 20.514542 -0.03368361609811882 0.02970066550717587 8629 0.6757182257568977 -0.12540936710734193 0.726414048612557
 561  267 2290 96.772565 20.695151 -0.02390737925412775 0.0293386656726731 8664 0.6784361503885686 -0.12561566113766037 0.7238405180168405
 562  267 2310 96.769590 20.875757 -0.03026978538233209 0.021166184355133184 8626 0.681118616283246 -0.12581023698356936 0.7212830337825329
 563  268 2330 96.767308 21.056300 0.0005905768840577685 0.031471359001552617 8709 0.683632896273224 -0.1259721500146749 0.7188720891464375
 564  268 2350 96.764601 21.236950 -0.0030312845560639258 0.022706052320514404 8684 0.6862106433208075 -0.12613899611198318 0.7163825142011108
 565  268 2370 96.761949 21.417530 0.00790681783324395 0.06484543069425876 8684 0.6887829803433152 -0.12630046819311064 0.7138810809396626
 566  268 2389 96.759100 21.597962 0.07508438592312755 0.07011012433293166 8733 0.691193180808011 -0.12642712736130338 0.7115252407832577
 567  267 2410 96.756271 21.778631 0.03463822911325362 0.077257119978034 8725 0.6937042868763088 -0.12656701225044517 0.7090522926973917
 568  267 2427 96.753501 21.934553 -0.016527140367799585 0.06468652773340534 6360 0.6957699857295202 -0.12666424306336796 0.7070079889839487
 569  292 1912 97.048704 17.288203 0.033886917197731646 0.08896423075848416 3707 0.6028964970544723 -0.11693700588731773 0.7892031110516202
 570  288 1930 97.005181 17.447456 -0.0034614729931340326 0.09952591353119586 8345 0.6095199280582073 -0.11789827099171299 0.7839550082734866
 571  288 1949 97.002098 17.626557 -0.06192408399742147 0.14126732969724656 8514 0.6128961353300335 -0.11832759027366686 0.7812534215461309
 572  287 1969 96.999854 17.807242 -0.02873618209498449 0.12318023802430594 8520 0.6161704405376589 -0.11873326539433719 0.7786118416107125
 573  287 1989 96.997780 17.987851 0.005787288131536452 0.12805438527139296 8525 0.6194434163525862 -0.1191345509402287 0.7759489755839017
 574  288 2009 96.996054 18.168469 0.023821694960782132 0.1510449411500366 8537 0.6227332717798205 -0.11953544268904409 0.7732493453987105
 575  287 2029 96.993665 18.349141 -0.010613286460740327 0.1072257529540934 8549 0.6261742383441192 -0.11995808156125823 0.7703998195108204
 576  287 2049 96.991468 18.529855 0.0054801599027808545 0.12434319627617875 8559 0.6294645534080395 -0.12034766571299219 0.7676527961000671
 577  288 2069 96.989703 18.710570 -0.006703578931918372 0.12705275522090945 8567 0.6326665458874596 -0.12071708578674202 0.7649577942043517
 578  287 2089 96.987347 18.891240 0.07332634879216407 0.12121949518304184 8573 0.6356385570158972 -0.12103624358268993 0.7624394091166458
 579  287 2109 96.985022 19.071876 -0.010422445637043943 0.10465971728757018 8582 0.6385456606736831 -0.12133853102698362 0.7599581568237973
 580  288 2129 96.983236 19.252521 8.300971283162884e-05 0.11090915759802997 8592 0.6415446688225592 -0.1216554000589499 0.7573773178157962
 581  288 2149 96.980860 19.433110 -0.04236849343936203 0.08237419999708692 8595 0.644826435618437 -0.12201865574409165 0.754526550611724
 582  287 2169 96.978404 19.613676 -3.888596181172169e-05 0.0366468855556081 8609 0.6477188242284754 -0.1223035763073918 0.7519987765698182
 583  287 2189 96.975464 19.793362 -0.003284365174873626 0.06658652874013563 8519 0.6506527718726112 -0.1225909534853803 0.7494147240200403
 584  287 2210 96.973654 19.975713 -0.009545555800828718 0.12752787571890956 8573 0.6534349166441241 -0.12284573545015166 0.746948281336799
 585  287 2230 96.971639 20.156048 -0.03837787240126296 0.20663881635199538 8593 0.6563125774439695 -0.12311564909777531 0.744376475740661
 586  288 2250 96.969347 20.336340 -0.01808061870482993 0.037525363335541885 8644 0.6591583616551167 -0.12337392284900543 0.7418147541138489
 587  288 2270 96.966949 20.516916 -0.042992425018953125 0.14435691950311746 8657 0.6620265540129168 -0.12363072296124039 0.73921328865346
 588  287 2290 96.964449 20.698567 -0.04224958298503893 0.09266005626455828 8441 0.664801736623961 -0.12386343035408226 0.7366793750354933
 589  288 2310 96.962155 20.878464 -0.028073249212489357 0.018637681367226787 8639 0.6674843636774914 -0.12407773236500434 0.7342134162334634
 590  288 2330 96.959860 21.058716 -0.027576144399121833 0.00978224845778036 8686 0.6702052467800326 -0.12429384093424801 0.7316939034147595
 591  288 2350 96.957208 21.239403 -0.020657403926241682 0.04607038435946399 8657 0.6729207068146466 -0.1245020619425257 0.7291618194284009
 592  287 2370 96.954554 21.419895 0.00965334159570029 0.07956403295353412 8703 0.6755224875205689 -0.12468494732502729 0.7267207391870539
 593  288 2390 96.952386 21.600544 0.010859153343949901 0.08531971233747367 8691 0.6780832948543335 -0.12485739454256184 0.7243021995462487
 594  287 2409 96.949581 21.781044 0.011963540124010005 0.06686214986397507 8733 0.6808368111826212 -0.12505774432737554 0.7216798439214085
 595  287 2427 96.947244 21.934840 -0.003936238024640574 0.078002781409764 6122 0.6830203679182644 -0.12519537534437597 0.719589671271885
 596  309 1891 97.206617 17.102661 0.05120578679335932 0.10453402281789757 5766 0.5853818468890142 -0.11421398017636934 0.8026725733853616
 597  308 1910 97.194059 17.268279 0.005144308392561168 0.11541200535716488 8363 0.5896035110834849 -0.11481890081626159 0.7994900372946323
 598  307 1930 97.191904 17.447796 -0.023637869139681016 0.11884376485593555 8505 0.5931667700915229 -0.11530669816692136 0.7967794853138684
 599  308 1950 97.190581 17.628502 -0.023824843457401188 0.12791142185545937 8516 0.5966028664887922 -0.11576641273814443 0.7941430333252933
 600  302 1974 97.140776 17.853363 0.054293456774901834 0.08574593542455201 2149 0.6053003387691628 -0.11703467281411631 0.7873464201005993
 601  313 1975 97.235305 17.855190 -0.03387949281178359 0.13687536240308773 2134 0.5969041977444366 -0.11570809781755308 0.7939250687656323
 602  303 1964 97.142235 17.763176 0.15305899732273703 0.12809329373653336 2117 0.6034237666282417 -0.11678203402164357 0.7888229930712929
 603  312 1965 97.235933 17.764766 -0.07229123262028467 0.12138489529870497 2132 0.5951487184793053 -0.1154726109417429 0.7952761023787509
 604  307 1990 97.186498 17.990086 -0.0010049511834101235 0.12424475809696493 8530 0.6035676328063204 -0.11668499023112952 0.7887272821979319
 605  308 2010 97.185004 18.170701 -0.016488512969555634 0.09700130083446096 8535 0.6070579231251304 -0.11714055512322562 0.7859763153660713
 606  307 2030 97.182889 18.351311 -0.00010825419929874252 0.12195058173632314 8549 0.6104202298761554 -0.11756479396793339 0.7833043228383327
 607  307 2050 97.180801 18.531920 0.01455614537849313 0.11596933976464671 8551 0.6136575658547109 -0.11796042323552504 0.7807110415636294
 608  308 2069 97.179349 18.712530 0.0330338018574299 0.12189302731251414 8566 0.616870386451885 -0.1183487672401397 0.7781159911037951
 609  307 2090 97.177166 18.893208 0.02131004490317047 0.10591386010483786 8577 0.6200328381535404 -0.11872037653971404 0.7755415861225844
 610  307 2109 97.174775 19.073719 0.009057159445423759 0.08273363507577723 8563 0.6231134497091161 -0.11907122565109729 0.7730146648114449
 611  308 2129 97.173453 19.254525 -0.006114206240413575 0.11949094280563026 8592 0.6263773767573866 -0.11945535671382092 0.7703127933761121
 612  308 2150 97.171231 19.435185 0.024278601475652292 0.04788769574865189 8604 0.6296001588151662 -0.11982403963783998 0.7676235011675886
 613  307 2170 97.168900 19.615856 -0.0007994312057830133 0.029047532265843192 8604 0.6326224870076588 -0.12014957368851803 0.7650835698632613
 614  308 2189 97.167636 19.796353 -0.010295227054090689 0.03662141624240828 8582 0.6356452038151353 -0.1204745494428716 0.7625228244474732
 615  308 2209 97.165179 19.977039 -0.005420678292494365 0.037384466483295666 8621 0.6387115851838651 -0.12079844738242819 0.7599047611786025
 616  307 2229 97.161261 20.157564 -0.03842812848539435 0.057722937934383725 8416 0.6418501440271804 -0.12112577193592221 0.7572033676531126
 617  307 2250 97.158009 20.339625 -0.010356517327100797 0.03517216828184593 8332 0.6449672196505597 -0.12144447752582059 0.7544988564966199
 618  307 2269 97.158338 20.518012 -0.02709465878406348 0.02329508928856049 8560 0.6476857533604453 -0.12170249040050708 0.7521247693861882
 619  307 2289 97.156408 20.699648 -0.03386771789017991 0.03256096940847932 8456 0.6506231729609949 -0.12198361819456151 0.7495395144342496
 620  307 2309 97.154094 20.879825 -0.016143727577142906 0.05787801257768065 8528 0.653586627063851 -0.12226539972718325 0.7469107663923787
 621  307 2329 97.150455 21.060055 -0.029692327782940637 0.036139312633217 8303 0.6563539855524858 -0.12250068766098397 0.7444414195703738
 622  307 2349 97.149825 21.241415 -0.01259929386019501 0.04859141540379902 8695 0.6590111083527923 -0.12272125049823139 0.7420538078493869
 623  307 2369 97.147432 21.422038 -0.007851798663240508 0.1088036169277712 8720 0.6617954794859467 -0.12295460299792926 0.739532899155668
 624  308 2390 97.145405 21.602760 0.015527275237356714 0.09798522891194447 8727 0.6644808668735549 -0.1231663342531913 0.7370856338754679
 625  308 2410 97.142960 21.783391 0.051918222903898185 0.11414884585635493 8733 0.6672441429214351 -0.12338605006424665 0.734548253273114
 626  307 2427 97.140563 21.937003 0.018568472477317244 0.10536928709608301 6130 0.6695675776272165 -0.12356296557324671 0.7324011554668425
 627  328 1890 97.384051 17.089869 0.0010226151531064229 0.13775573348816997 8285 0.5686011208667926 -0.11146530074254872 0.8150265345860834
 628  328 1909 97.382185 17.268562 -0.01501539603245612 0.11688550934737788 8510 0.5722840021687065 -0.111998104705293 0.8123714947018945
 629  327 1930 97.380289 17.449546 0.0089142182575758 0.1129839498504542 8521 0.5758891393149778 -0.1125087547205381 0.8097490224324374
 630  328 1950 97.378836 17.630292 0.037012034682235136 0.11435333674516043 8500 0.5795067431185632 -0.11301868404352085 0.8070927528711842
 631  328 1969 97.377316 17.810743 0.05895714333481536 0.11398558115984393 8521 0.5830349177993669 -0.11350673592314366 0.8044790274001924
 632  327 1989 97.375315 17.991383 0.0823674421478663 0.11959420188372656 8535 0.5866094986490126 -0.11399745190906813 0.8018066332059083
 633  328 2009 97.373879 18.172026 -0.0017440459117656587 0.1169710410983751 8533 0.5902488476061649 -0.11449763628185869 0.7990598157744272
 634  327 2029 97.371725 18.352612 0.040180154717346754 0.12544835117272862 8510 0.593724194254988 -0.11495932311613367 0.7964144242697677
 635  327 2050 97.370189 18.533863 0.04279987151689406 0.055087146098798064 8565 0.597054636415652 -0.1153896260015403 0.7938582967669975
 636  327 2070 97.367817 18.714958 0.02308422187829224 0.04979444807181245 8432 0.6004378679991965 -0.11582287095479248 0.791239173219052
 637  328 2090 97.368010 18.896218 0.004473103529539551 0.06355140449617933 8426 0.6036292509067259 -0.11622279079910602 0.7887483694744809
 638  328 2110 97.365975 19.076624 0.005406075036912834 0.07380756661219452 8484 0.6070682789818368 -0.11665925453447692 0.7860398991053132
 639  328 2130 97.363614 19.256700 0.015826391447089395 0.049122790227834404 8553 0.6103544597617969 -0.11706096924265671 0.783431019891895
 640  328 2150 97.361815 19.437124 0.03214124543240993 0.06603638162048533 8615 0.6136958622749916 -0.11746989535043302 0.7807548990002642
 641  328 2170 97.359864 19.617977 0.004704221492856568 0.059997363496291437 8590 0.6169514366332666 -0.11785672873540617 0.7781264141050201
 642  327 2190 97.357258 19.798492 -0.0015194334338317324 0.038117822501495764 8333 0.6201688279841402 -0.11822960905567992 0.7755078235190919
 643  327 2210 97.355969 19.979069 -0.010826597360382812 0.05788489883113482 8474 0.6232896126537327 -0.11858409315478415 0.7729475218982317
 644  327 2230 97.354045 20.159734 -0.006123569009307635 0.04358940873495368 8638 0.6266234534550466 -0.11897163357400657 0.7701875083282016
 645  328 2249 97.352664 20.340302 -0.03517397756324806 0.052609492472116146 8614 0.6297861320289536 -0.11932417176472208 0.7675488062245114
 646  328 2270 97.350879 20.521480 -0.03163943942073126 0.06869481072467769 8600 0.6328868393637911 -0.11965798608627995 0.7649419683387013
 647  327 2289 97.348227 20.701559 -0.048216045069611975 0.08277139608743464 8665 0.636022992814348 -0.11999179346633002 0.7622838855126175
 648  327 2310 97.346479 20.882290 -0.01590043525215269 0.06122478572126235 8679 0.6389272731162426 -0.12027998319620166 0.7598056760189171
 649  328 2330 97.344674 21.062944 -0.0006760869552564988 0.06729439582003567 8697 0.641891348721464 -0.12057458718287599 0.7572564066168203
 650  328 2350 97.342636 21.243565 -0.050627192918892956 0.09618885936284205 8683 0.6447318981784788 -0.12084058849894366 0.754796881049733
 651  327 2370 97.340355 21.424277 -0.05075148661395302 0.10973286151809164 8710 0.6475749216921602 -0.1211012164843993 0.7523172310677133
 652  328 2390 97.338630 21.604898 -0.09289078665852424 0.13284814442230322 8726 0.6505274474920881 -0.12137978397756764 0.7497206066935785
 653  328 2410 97.336332 21.785530 0.011539236019050499 0.10933193575944428 8734 0.6533284156253095 -0.12162315323974832 0.7472414535694226
 654  327 2426 97.333902 21.938024 -0.010501914416427607 0.08751644462465334 6019 0.6556625474361418 -0.1218173372535042 0.7451625059233826
 655  339 1890 97.488196 17.090264 0.04303629868407781 0.08463996880934865 982 0.5586033347782281 -0.10980261956709415 0.8221348424138506
 656  339 1910 97.487501 17.271740 -0.013647318415735897 0.0686846803196166 1045 0.5622723550188303 -0.11034174636838227 0.8195575012102287
 657  339 1930 97.486873 17.451434 0.07325427959690871 0.08843063381580084 1101 0.5658722328925146 -0.11086491224897761 0.8170052553522935
 658  339 1950 97.486121 17.631126 -0.029774003703499863 0.16140436507851266 1183 0.5694373599024825 -0.11137649311258961 0.814454645716526
 659  339 1970 97.485194 17.812597 -0.06213977916224905 0.13361151266708332 1253 0.5730315586068065 -0.11188691723699691 0.8118596865172303
 660  339 1990 97.484483 17.993588 0.07739254292794207 0.09108081855643292 1316 0.5767709281415023 -0.11242203706673289 0.8091332288520575
 661  339 2010 97.483755 18.174500 0.04588303437993816 0.07620832229214457 1397 0.580269784423442 -0.11290595827769964 0.8065601167120565
 662  339 2030 97.483059 18.354500 0.04168789010224252 0.11128568549230948 1445 0.5836284885221635 -0.11335938972880323 0.8040692980991427
 663  339 2049 97.482122 18.534163 0.0559082479100504 0.073553606252453 1530 0.5870951639442312 -0.11382878455502117 0.8014750627936111
 664  339 2071 97.481939 18.726557 0.02664872553937825 0.04528552740226435 1322 0.5905408298250111 -0.11427770928633925 0.7988755431666776
 665  339 2090 97.480477 18.897300 0.018575843241450042 0.04371536157008886 1677 0.5937827059840621 -0.11470309418390964 0.7964077462323442
 666  340 2110 97.479688 19.077317 -0.00460313038487047 0.07859550300313897 1748 0.5970201081172942 -0.11511491618310311 0.7939241440942398
 667  340 2130 97.478872 19.258018 -0.027327735446207427 0.10388389570891948 1842 0.6006390372859307 -0.11559451733588365 0.7911198736285888
 668  340 2150 97.478053 19.438467 -0.004138126383822427 0.08911578716049268 1896 0.6039319780849896 -0.11600714247869535 0.7885483553595679
 669  340 2169 97.477134 19.618255 0.08924894835583674 0.10864023546674945 1981 0.6072028878328088 -0.11641120219335954 0.7859726999148217
 670  340 2190 97.476208 19.799614 0.025306916346329082 0.07158797594662013 2083 0.6102716369006179 -0.11677051650370286 0.7835388794885031
 671  340 2210 97.475349 19.980901 -0.06986753302423851 0.12861558176753268 2139 0.6136998164016105 -0.11719382252137667 0.7807932782186701
 672  340 2230 97.474510 20.161202 -0.013897025182440475 0.06607435260363446 2220 0.6168108832408759 -0.1175535952755522 0.778283679999396
 673  340 2250 97.473243 20.342497 -0.02914648821677607 0.06511708672249188 2287 0.6199060048186544 -0.11790297035019927 0.7757676422566065
 674  340 2270 97.472693 20.523078 -0.025857820177937977 0.04086910674298435 2378 0.6230678178076352 -0.1182638000509015 0.7731753798524317
 675  340 2290 97.471824 20.703084 -0.02335370276773925 0.045433020109985414 2462 0.6261123296698771 -0.11859755450706853 0.7706607364465261
 676  340 2310 97.470942 20.884771 -0.05916736978607229 0.06943661502262602 2528 0.6290975833877771 -0.11891325666695216 0.7681769769815537
 677  341 2330 97.469930 21.064742 0.03622809712866163 0.09171563358982025 2627 0.6322240899759219 -0.11925263959545322 0.7655530732768527
 678  341 2349 97.469008 21.244689 -0.09812684826602282 0.11858098069318661 2714 0.6350680090972702 -0.11953492388552037 0.7631513780325058
 679  341 2370 97.468003 21.425609 -0.061353797129917856 0.11598314174956008 2828 0.6380205490903844 -0.11983126231932413 0.7606380528933335
 680  341 2390 97.467056 21.606467 0.016841188262907977 0.08363331929779827 2886 0.6407763004028816 -0.12008669318558776 0.7582776001978079
 681  341 2409 97.466080 21.786415 0.0018125822931708468 0.08204498433414413 2974 0.6437013383240389 -0.12037019483651257 0.7557510193409344
 682  341 2426 97.464906 21.937926 0.05071865428088373 0.0852203487452183 2076 0.645848814850662 -0.12054562217452593 0.7538886266090977
